1447,2019-12-17,380,401,14:13,375,09:20,393,412600株,161百万円,+21,+5.65,389.737円,803回,77.78億円
1447,2019-12-18,396,405,09:18,385,12:54,393,362800株,144百万円,0,0,396.734円,576回,77.78億円
1447,2019-12-19,392,406,13:48,386,09:00,401,224900株,89百万円,+8,+2.04,396.842円,417回,79.37億円
1447,2019-12-20,401,418,12:32,401,09:00,410,564000株,231百万円,+9,+2.24,409.754円,854回,81.15億円
1447,2019-12-23,414,429,11:09,412,09:10,425,643400株,271百万円,+15,+3.66,421.459円,910回,84.12億円
1447,2019-12-24,429,455,13:53,424,09:24,448,1251300株,550百万円,+23,+5.41,439.35円,1383回,88.67億円
1447,2019-12-25,464,489,12:43,461,09:03,475,1879000株,896百万円,+27,+6.03,476.647円,2656回,94.01億円
1447,2019-12-26,499,555,09:25,497,09:06,538,7189400株,3878百万円,+63,+13.26,539.356円,8670回,106.48億円
1447,2019-12-27,538,545,09:03,508,09:27,538,1841800株,974百万円,0,0,528.835円,2673回,106.48億円
1447,2019-12-30,530,589,09:23,530,09:00,562,1943900株,1092百万円,+24,+4.46,561.615円,3531回,111.23億円
1447,2020-01-06,564,604,13:22,556,09:03,596,2195000株,1287百万円,+34,+6.05,586.37円,3271回,117.96億円
1447,2020-01-07,595,603,09:04,563,10:54,581,1544200株,897百万円,-15,-2.52,580.89円,2708回,114.99億円
1447,2020-01-08,575,586,14:39,552,10:38,582,1119100株,635百万円,+1,+0.17,567.243円,1806回,115.19億円
1447,2020-01-09,595,597,09:04,551,13:27,561,1009600株,577百万円,-21,-3.61,571.045円,1889回,111.03億円
1447,2020-01-10,571,575,09:00,537,13:29,542,868800株,475百万円,-19,-3.39,546.592円,1486回,107.27億円
1447,2020-01-14,555,568,10:28,539,09:30,545,796300株,440百万円,+3,+0.55,552.973円,1084回,107.87億円
1447,2020-01-15,555,560,09:01,541,09:36,555,346500株,191百万円,+10,+1.83,552.128円,659回,109.85億円
1447,2020-01-16,552,558,09:02,515,10:31,528,636900株,339百万円,-27,-4.86,531.85円,1157回,104.50億円
1447,2020-01-17,520,520,09:00,501,09:09,514,575200株,294百万円,-14,-2.65,511.035円,913回,101.73億円
1447,2020-01-20,514,539,14:38,514,09:00,533,436800株,231百万円,+19,+3.70,528.417円,845回,105.49億円
1447,2020-01-21,528,555,11:15,518,09:05,550,478400株,260百万円,+17,+3.19,543.53円,943回,108.86億円
1447,2020-01-22,550,570,09:20,533,13:38,536,732200株,402百万円,-14,-2.55,548.921円,1340回,106.08億円
1447,2020-01-23,540,544,13:17,516,09:46,530,461200株,244百万円,-6,-1.12,529.84円,848回,104.90億円
1447,2020-01-24,526,532,09:03,512,14:42,518,322700株,167百万円,-12,-2.26,518.421円,567回,102.52億円
1447,2020-01-27,508,524,12:37,486,09:03,512,273500株,139百万円,-6,-1.16,506.987円,557回,101.33億円
1447,2020-01-28,502,529,10:15,501,09:00,516,292900株,152百万円,+4,+0.78,517.679円,620回,102.13億円
1447,2020-01-29,518,520,09:03,496,14:59,496,271500株,137百万円,-20,-3.88,504.965円,526回,98.2億円
1447,2020-01-30,485,496,09:04,451,12:33,473,623100株,295百万円,-23,-4.64,473.546円,1125回,93.6億円
1447,2020-01-31,473,490,09:01,473,09:00,480,229800株,110百万円,+7,+1.48,478.948円,504回,95.0億円
1447,2020-02-03,452,482,13:51,452,09:09,480,247800株,116百万円,0,0,467.626円,515回,95.0億円
1447,2020-02-04,480,492,12:36,470,09:21,488,146300株,71百万円,+8,+1.67,483.262円,348回,96.6億円
1447,2020-02-05,496,502,12:35,486,09:43,496,230400株,114百万円,+8,+1.64,495.427円,481回,98.2億円
1447,2020-02-06,492,497,11:29,484,09:19,494,119300株,59百万円,-2,-0.40,491.818円,316回,97.8億円
1447,2020-02-07,489,496,09:09,480,10:06,483,123300株,60百万円,-11,-2.23,484.456円,348回,95.6億円
1447,2020-02-10,480,492,12:30,474,09:16,484,88700株,43百万円,+1,+0.21,483.004円,253回,95.8億円
1447,2020-02-12,483,507,14:59,483,09:00,506,213600株,106百万円,+22,+4.55,498.15円,495回,100億円
1447,2020-02-13,507,511,10:40,496,13:19,502,219100株,110百万円,-4,-0.79,502.776円,483回,99.4億円
1447,2020-02-14,495,497,09:05,466,15:00,466,268000株,128百万円,-36,-7.17,477.697円,626回,92.2億円
1447,2020-02-17,438,483,10:43,435,09:09,462,438200株,204百万円,-4,-0.86,465.527円,1468回,91.4億円
1447,2020-02-18,477,536,10:27,476,09:04,525,1378000株,714百万円,+63,+13.64,517.997円,3225回,104億円
1447,2020-02-19,527,534,09:00,471,10:05,472,950900株,463百万円,-53,-10.10,487.085円,2027回,93.4億円
1447,2020-02-20,465,473,09:39,450,14:52,456,379100株,174百万円,-16,-3.39,459.826円,772回,90.3億円
1447,2020-02-21,451,476,12:59,446,09:07,473,527200株,244百万円,+17,+3.73,462.637円,1184回,93.6億円
1447,2020-02-25,450,470,10:43,441,09:09,448,558500株,253百万円,-25,-5.29,453.572円,1168回,88.7億円
1447,2020-02-26,440,445,09:08,415,11:06,432,474000株,204百万円,-16,-3.57,430.928円,879回,85.5億円
1447,2020-02-27,428,429,09:02,404,13:58,407,354000株,147百万円,-25,-5.79,414.215円,779回,80.6億円
1447,2020-02-28,375,396,09:52,363,14:25,369,638900株,241百万円,-38,-9.34,377.075円,1278回,73.0億円
1447,2020-03-02,361,417,12:37,361,09:01,404,406200株,159百万円,+35,+9.49,391.287円,895回,80.0億円
1447,2020-03-03,418,418,09:03,382,13:30,385,313000株,125百万円,-19,-4.70,398.021円,712回,76.2億円
1447,2020-03-04,377,395,10:30,376,09:00,388,204700株,79百万円,+3,+0.78,386.893円,515回,76.8億円
1447,2020-03-05,396,400,09:00,383,11:24,386,167400株,66百万円,-2,-0.52,391.754円,480回,76.4億円
1447,2020-03-06,385,403,09:19,375,12:30,380,322300株,124百万円,-6,-1.55,386.106円,1084回,75.2億円
1447,2020-03-09,360,363,09:09,327,14:28,330,511000株,174百万円,-50,-13.16,341.122円,933回,65.3億円
1447,2020-03-10,320,358,14:57,296,09:10,350,552000株,182百万円,+20,+6.06,329.925円,1115回,69.3億円
1447,2020-03-11,361,408,09:09,345,15:00,345,730600株,272百万円,-5,-1.43,371.754円,1598回,68.3億円
1447,2020-03-12,337,370,09:56,336,09:03,340,520700株,182百万円,-5,-1.45,349.842円,1497回,67.3億円
1447,2020-03-13,310,314,09:09,280,10:46,290,515900株,152百万円,-50,-14.71,295.407円,1152回,57.4億円
1447,2020-03-16,306,322,10:07,289,14:55,290,363300株,111百万円,0,0,306.475円,741回,57.4億円
1447,2020-03-17,274,311,10:33,272,09:05,299,464200株,137百万円,+9,+3.10,295.393円,1043回,59.2億円
1447,2020-03-18,310,331,13:03,304,09:50,310,347400株,110百万円,+11,+3.68,317.534円,625回,61.4億円
1447,2020-03-19,313,319,09:02,290,14:31,299,298500株,89百万円,-11,-3.55,298.593円,718回,59.2億円
1447,2020-03-23,293,307,15:00,292,10:06,307,200100株,60百万円,+8,+2.68,299.735円,454回,60.8億円
1447,2020-03-24,312,333,10:39,310,09:13,329,289200株,93百万円,+22,+7.17,322.552円,618回,65.1億円
1447,2020-03-25,350,354,09:06,333,12:58,343,281500株,96百万円,+14,+4.26,342.349円,530回,67.9億円
1447,2020-03-26,335,335,09:00,315,15:00,315,239300株,77百万円,-28,-8.16,323.789円,464回,62.3億円
1447,2020-03-27,321,331,09:11,318,10:49,322,132400株,43百万円,+7,+2.22,323.014円,343回,63.7億円
1447,2020-03-30,314,324,14:59,308,11:03,321,151300株,48百万円,-1,-0.31,315.319円,347回,63.5億円
1447,2020-03-31,327,348,10:09,325,13:42,330,246000株,83百万円,+9,+2.80,335.927円,470回,65.3億円
1447,2020-04-01,330,345,10:55,318,14:51,319,228800株,76百万円,-11,-3.33,333.575円,506回,63.1億円
1447,2020-04-02,335,337,09:04,321,09:11,333,124800株,41百万円,+14,+4.39,328.774円,326回,65.9億円
1447,2020-04-03,340,345,09:04,313,13:38,316,189300株,62百万円,-17,-5.11,327.874円,434回,62.5億円
1447,2020-04-06,317,337,12:38,311,09:13,331,170400株,56百万円,+15,+4.75,327.336円,406回,65.5億円
1447,2020-04-07,345,365,09:59,337,12:58,347,318200株,111百万円,+16,+4.83,349.961円,699回,68.7億円
1447,2020-04-08,354,363,14:10,334,09:36,357,170300株,60百万円,+10,+2.88,349.498円,383回,70.7億円
1447,2020-04-09,365,385,10:49,361,09:04,382,280900株,106百万円,+25,+7.00,377.014円,550回,75.6億円
1447,2020-04-10,401,425,09:32,388,14:41,398,719900株,293百万円,+16,+4.19,406.484円,1521回,78.8億円
1447,2020-04-13,404,422,10:16,396,09:21,414,402500株,165百万円,+16,+4.02,410.68円,779回,81.9億円
1447,2020-04-14,418,418,09:00,404,09:08,411,200100株,83百万円,-3,-0.72,412.976円,540回,81.3億円
1447,2020-04-15,415,415,09:00,403,09:36,407,181000株,74百万円,-4,-0.97,408.314円,499回,80.6億円
1447,2020-04-16,403,413,14:57,397,10:10,412,199200株,81百万円,+5,+1.23,404.987円,420回,81.5億円
1447,2020-04-17,420,443,12:56,416,09:04,430,463100株,199百万円,+18,+4.37,429.775円,1008回,85.1億円
1447,2020-04-20,446,472,12:56,432,09:28,465,783900株,358百万円,+35,+8.14,456.436円,1380回,92.0億円
1447,2020-04-21,489,514,09:09,416,12:48,421,1158000株,546百万円,-44,-9.46,471.2円,2400回,83.3億円
1447,2020-04-22,408,420,13:33,385,09:55,406,546900株,220百万円,-15,-3.56,402.115円,990回,80.4億円
1447,2020-04-23,420,465,14:12,419,09:03,451,721400株,322百万円,+45,+11.08,446.539円,1773回,89.3億円
1447,2020-04-24,465,470,09:03,427,14:08,438,353400株,157百万円,-13,-2.88,444.376円,954回,86.7億円
1447,2020-04-27,444,456,09:50,432,14:16,437,249900株,111百万円,-1,-0.23,444.267円,504回,86.5億円
1447,2020-04-28,438,447,14:57,426,09:31,444,170900株,75百万円,+7,+1.60,436.015円,395回,87.9億円
1447,2020-04-30,448,454,09:00,434,14:27,438,156500株,69百万円,-6,-1.35,442.778円,426回,86.7億円
1447,2020-05-01,440,451,14:30,430,09:12,441,227900株,100百万円,+3,+0.68,440.495円,510回,87.3億円
1447,2020-05-07,450,468,09:16,445,09:03,454,330300株,151百万円,+13,+2.95,457.489円,706回,89.9億円
1447,2020-05-08,458,461,09:02,444,14:28,450,173700株,78百万円,-4,-0.88,451.713円,417回,89.1億円
1447,2020-05-11,448,452,09:16,440,10:19,443,193300株,86百万円,-7,-1.56,444.966円,450回,87.7億円,05/01,0.1,863.8,8638
1447,2020-05-12,440,447,09:26,437,13:33,443,185100株,82百万円,0,0,441.244円,433回,87.7億円,05/01,0.1,863.8,8638
1447,2020-05-13,437,438,09:08,422,09:54,427,144100株,62百万円,-16,-3.61,427.066円,453回,84.5億円,05/01,0.1,863.8,8638
1447,2020-05-14,425,431,09:19,400,14:10,407,350400株,145百万円,-20,-4.68,414.726円,739回,80.6億円,05/01,0.1,863.8,8638
1447,2020-05-15,410,410,09:00,393,11:27,408,124600株,50百万円,+1,+0.25,399.851円,385回,80.8億円,05/01,0.1,863.8,8638
1447,2020-05-18,407,458,13:29,400,09:06,447,492100株,214百万円,+39,+9.56,435.607円,1080回,88.5億円,05/01,0.1,863.8,8638
1447,2020-05-19,480,482,09:12,452,11:12,460,656800株,308百万円,+13,+2.91,468.422円,1191回,91.0億円,05/01,0.1,863.8,8638
1447,2020-05-20,475,506,12:41,466,09:03,499,1242000株,610百万円,+39,+8.48,490.794円,1801回,98.8億円,05/01,0.1,863.8,8638
1447,2020-05-21,514,518,09:03,475,14:45,477,738800株,369百万円,-22,-4.41,499.1円,1364回,94.4億円,05/15,0.1,869.5,8695
1447,2020-05-22,490,495,09:19,466,12:50,469,365000株,175百万円,-8,-1.68,478.753円,789回,92.8億円,05/15,0.1,869.5,8695
1447,2020-05-25,468,472,09:01,448,09:22,460,374400株,172百万円,-9,-1.92,458.641円,689回,91.0億円,05/15,0.1,869.5,8695
1447,2020-05-26,465,465,09:00,432,14:18,441,329900株,147百万円,-19,-4.13,446.834円,751回,87.3億円,05/15,0.1,869.5,8695
1447,2020-05-27,440,454,14:58,428,09:14,453,240200株,106百万円,+12,+2.72,441.493円,573回,89.7億円,05/22,0.0,878.2,－
1447,2020-05-28,450,495,12:42,439,11:29,451,789800株,365百万円,-2,-0.44,462.237円,1623回,89.3億円,05/22,0.0,878.2,－
1447,2020-05-29,444,446,09:00,435,09:12,442,228400株,101百万円,-9,-2.00,441.407円,474回,87.5億円,05/22,0.0,878.2,－
1447,2020-06-01,459,515,12:35,455,09:06,500,1291800株,633百万円,+58,+13.12,489.868円,2304回,99.0億円,05/22,0.0,878.2,－
1447,2020-06-02,500,508,10:00,483,09:22,494,485900株,240百万円,-6,-1.20,494.775円,1096回,97.8億円,05/22,0.0,878.2,－
1447,2020-06-03,498,498,09:00,473,12:36,479,322500株,156百万円,-15,-3.04,482.964円,677回,94.8億円,05/22,0.0,878.2,－
1447,2020-06-04,469,481,09:15,456,15:00,456,562800株,263百万円,-23,-4.80,467.801円,866回,90.3億円,05/29,0.0,1003.4,－
1447,2020-06-05,476,499,14:32,462,09:36,499,714900株,347百万円,+43,+9.43,485.156円,1201回,98.8億円,05/29,0.0,1003.4,－
1447,2020-06-08,555,578,09:16,532,11:17,538,2355400株,1307百万円,+39,+7.82,555.084円,3597回,106億円,05/29,0.0,1003.4,－
1447,2020-06-09,549,562,13:30,517,09:50,554,1084900株,591百万円,+16,+2.97,544.3円,1846回,110億円,05/29,0.0,1003.4,－
1447,2020-06-10,558,574,09:30,537,12:50,539,909100株,505百万円,-15,-2.71,554.999円,1686回,107億円,06/05,2.3,1034.0,449
1447,2020-06-11,530,546,10:43,512,13:16,515,543300株,287百万円,-24,-4.45,527.524円,1083回,102億円,06/05,2.3,1034.0,449
1447,2020-06-12,490,504,11:08,469,09:16,497,686000株,337百万円,-18,-3.50,491.258円,1329回,98.4億円,06/05,2.3,1034.0,449
1447,2020-06-15,500,507,09:00,457,14:53,457,633900株,303百万円,-40,-8.05,477.835円,1343回,90.5億円,06/05,2.3,1034.0,449
1447,2020-06-16,473,482,09:05,461,09:42,471,518700株,245百万円,+14,+3.06,471.765円,899回,93.2億円,06/05,2.3,1034.0,449
1447,2020-06-17,467,551,14:31,464,12:50,551,1756800株,915百万円,+80,+16.99,520.962円,2667回,109億円,06/12,0.0,942.3,－
1447,2020-06-18,546,647,09:43,530,09:00,565,8161300株,4822百万円,+14,+2.54,590.787円,14473回,112億円,06/12,0.0,942.3,－
1447,2020-06-19,625,665,09:55,608,09:26,665,8267700株,5378百万円,+100,+17.70,650.439円,9555回,132億円,06/12,0.0,942.3,－
1447,2020-06-22,720,748,09:14,690,09:40,699,5965400株,4264百万円,+34,+5.11,714.761円,10239回,138億円,06/12,0.0,942.3,－
1447,2020-06-23,682,799,11:25,667,10:24,799,5901200株,4378百万円,+100,+14.31,741.897円,8609回,158億円,06/12,0.0,942.3,－
1447,2020-06-24,874,949,09:18,807,14:20,830,15606200株,13909百万円,+31,+3.88,891.244円,24647回,164億円,06/19,48.8,2066.1,42.34
1447,2020-06-25,815,864,09:13,761,11:16,787,5729400株,4603百万円,-43,-5.18,803.36円,11381回,156億円,06/19,48.8,2066.1,42.34
1447,2020-06-26,813,830,09:05,737,14:49,744,4420200株,3450百万円,-43,-5.46,780.603円,9715回,147億円,06/19,48.8,2066.1,42.34
1447,2020-06-29,729,763,12:36,682,14:52,687,2805000株,2007百万円,-57,-7.66,715.424円,6184回,136億円,06/19,48.8,2066.1,42.34
1447,2020-06-30,707,745,09:25,660,12:35,693,2365200株,1666百万円,+6,+0.87,704.331円,5301回,137億円,06/26,32.8,2851.4,86.93
1447,2020-07-01,712,739,09:08,681,14:15,688,1886200株,1340百万円,-5,-0.72,710.24円,4490回,136億円,06/26,32.8,2851.4,86.93
1447,2020-07-02,708,708,09:03,600,11:04,616,1997400株,1273百万円,-72,-10.47,637.218円,4216回,122億円,06/26,32.8,2851.4,86.93
