1557,2019-10-16,32500,32550,09:02,32350,09:45,32350,5636株,183百万円,+150,+0.47,32443.515円,173回,297015.74億円
1557,2019-10-17,32350,32500,10:57,32350,09:00,32400,7167株,232百万円,+50,+0.15,32381.924円,118回,296859.21億円
1557,2019-10-18,32400,32550,10:17,32350,14:59,32400,3468株,113百万円,0,0,32457.829円,76回,297458.61億円
1557,2019-10-21,32450,32450,09:00,32300,09:13,32450,4318株,140百万円,+50,+0.15,32399.132円,92回,297284.87億円
1557,2019-10-23,32400,32400,09:00,32200,09:11,32400,4060株,131百万円,-50,-0.15,32301.675円,87回,296519.01億円
1557,2019-10-24,32550,32600,09:00,32550,09:00,32600,3087株,100百万円,+200,+0.62,32554.584円,107回,296866.07億円
1557,2019-10-25,32500,32650,09:46,32500,09:00,32650,2547株,83百万円,+50,+0.15,32584.766円,83回,299688.51億円
1557,2019-10-28,32850,32900,09:11,32800,09:00,32850,4373株,144百万円,+200,+0.61,32843.849円,132回,300818.00億円
1557,2019-10-29,33000,33100,09:00,33000,09:00,33100,3895株,129百万円,+250,+0.76,33028.614円,161回,303670.03億円
1557,2019-10-30,33000,33050,09:00,32950,09:36,32950,4505株,149百万円,-150,-0.45,32984.051円,91回,300992.36億円
1557,2019-10-31,33100,33200,09:12,33050,09:02,33050,3596株,119百万円,+100,+0.30,33107.772円,112回,302484.21億円
1557,2019-11-01,32750,32900,15:00,32750,09:00,32900,1588株,52百万円,-150,-0.45,32781.801円,120回,299285.42億円
1557,2019-11-05,33450,33500,09:00,33400,09:05,33500,5322株,178百万円,+600,+1.82,33451.729円,218回,304140.51億円
1557,2019-11-07,33450,33500,09:41,33350,10:55,33350,3539株,118百万円,-100,-0.30,33416.784円,71回,303929.26億円
1557,2019-11-08,33650,33800,09:09,33550,11:23,33600,6691株,225百万円,+250,+0.75,33633.523円,151回,306946.79億円
1557,2019-11-11,33650,33700,09:01,33550,12:58,33550,3074株,103百万円,-50,-0.15,33631.327円,93回,305869.35億円
1557,2019-11-12,33550,33750,14:57,33550,09:00,33750,1886株,63百万円,+200,+0.60,33643.743円,77回,306410.21億円
1557,2019-11-13,33700,33700,09:00,33550,09:48,33650,3625株,122百万円,-100,-0.30,33668.414円,83回,306208.98億円
1557,2019-11-14,33600,33750,10:53,33550,12:58,33600,3448株,116百万円,-50,-0.15,33625.551円,69回,304695.59億円
1557,2019-11-15,33650,33750,09:55,33600,09:00,33750,3305株,111百万円,+150,+0.45,33676.929円,71回,305448.34億円
1557,2019-11-18,33800,33950,11:05,33800,09:00,33900,2203株,75百万円,+150,+0.44,33865.297円,106回,306958.44億円
1557,2019-11-19,33950,33950,09:00,33800,09:36,33950,2490株,84百万円,+50,+0.15,33900.361円,83回,305238.38億円
1557,2019-11-20,33800,33850,09:13,33700,10:29,33850,3695株,125百万円,-100,-0.29,33786.631円,105回,303526.90億円
1557,2019-11-21,33700,33750,14:41,33450,10:52,33650,4791株,161百万円,-200,-0.59,33607.848円,169回,301666.23億円
1557,2019-11-22,33700,33800,11:07,33650,09:13,33750,879株,30百万円,+100,+0.30,33721.445円,68回,303406.46億円
1557,2019-11-25,33850,34000,10:29,33850,09:00,34000,2909株,99百万円,+250,+0.74,33930.285円,111回,306860.92億円
1557,2019-11-26,34100,34350,10:46,34100,09:00,34200,6881株,235百万円,+200,+0.59,34185.249円,131回,309674.88億円
1557,2019-11-27,34250,34350,09:03,34250,09:00,34350,6036株,207百万円,+150,+0.44,34323.542円,112回,311805.98億円
1557,2019-11-28,34450,34450,09:00,34350,09:37,34450,2408株,83百万円,+100,+0.29,34424.543円,122回,314591.24億円
1557,2019-11-29,34500,34550,09:03,34400,12:44,34400,2573株,89百万円,-50,-0.15,34483.346円,105回,313790.65億円
1557,2019-12-02,34450,34650,09:55,34450,09:00,34650,6290株,218百万円,+250,+0.73,34600.922円,109回,316071.10億円
1557,2019-12-03,34000,34150,12:39,33950,09:00,34150,6616株,225百万円,-500,-1.44,34035.588円,334回,314327.57億円
1557,2019-12-05,33950,34000,09:19,33850,14:29,33850,3650株,124百万円,+150,+0.45,33929.685円,130回,316762.25億円
1557,2019-12-06,33950,34050,09:58,33950,09:00,33950,2299株,78百万円,+100,+0.30,33971.988円,78回,316221.20億円
1557,2019-12-09,34200,34200,09:00,34100,09:09,34100,7701株,263百万円,+150,+0.44,34147.916円,105回,316595.35億円
1557,2019-12-10,34100,34150,12:30,34050,09:04,34100,1699株,58百万円,0,0,34109.094円,73回,316936.35億円
1557,2019-12-13,34800,34900,09:58,34750,09:04,34900,6773株,236百万円,+750,+2.20,34827.839円,244回,325034.91億円
1557,2019-12-16,34800,34850,09:05,34750,09:00,34850,2674株,93百万円,-50,-0.14,34812.378円,108回,325545.04億円
1557,2019-12-17,34950,35050,12:58,34950,09:00,35000,3038株,106百万円,+150,+0.43,34988.808円,127回,329886.24億円
1557,2019-12-18,35050,35050,09:00,34950,10:55,34950,2505株,88百万円,-50,-0.14,35012.096円,104回,330865.40億円
1557,2019-12-19,35050,35100,09:03,35050,09:00,35050,2212株,78百万円,+100,+0.29,35065.687円,76回,329971.96億円
1557,2019-12-20,35100,35100,09:00,34950,12:31,35050,2203株,77百万円,0,0,35055.311円,110回,329551.36億円
1557,2019-12-23,35150,35250,09:09,35150,09:00,35150,3509株,123百万円,+100,+0.29,35163.95円,104回,328452.89億円
1557,2019-12-24,35200,35200,09:00,35150,09:10,35150,2432株,86百万円,0,0,35170.806円,97回,322951.91億円
1557,2019-12-25,35150,35200,09:01,35050,15:00,35050,2052株,72百万円,-100,-0.28,35139.547円,104回,334213.01億円
1557,2019-12-26,35150,35250,10:00,35150,09:00,35200,2276株,80百万円,+150,+0.43,35197.254円,130回,332686.50億円
1557,2019-12-27,35450,35500,14:03,35350,09:02,35500,2787株,99百万円,+300,+0.85,35420.434円,137回,335521.90億円
1557,2019-12-30,35400,35450,09:04,35250,12:34,35250,3542株,125百万円,-250,-0.70,35344.113円,177回,333176.70億円
1557,2020-01-06,34800,34850,09:13,34700,09:00,34750,7632株,265百万円,-500,-1.42,34784.008円,354回,328989.41億円
1557,2020-01-07,35050,35200,09:56,35050,09:00,35200,3487株,122百万円,+450,+1.29,35111.83円,130回,342155.30億円
1557,2020-01-08,34550,34900,12:31,34200,09:32,34850,11349株,392百万円,-350,-0.99,34499.366円,439回,337376.62億円
1557,2020-01-09,35450,35600,10:33,35450,09:00,35600,6255株,222百万円,+750,+2.15,35499.368円,167回,342056.23億円
1557,2020-01-10,35850,35900,09:31,35800,09:01,35900,3461株,124百万円,+300,+0.84,35856.01円,149回,344956.68億円
1557,2020-01-14,36200,36250,10:03,36100,11:07,36150,4379株,158百万円,+250,+0.70,36167.287円,166回,348949.48億円
1557,2020-01-15,35950,36050,10:11,35900,09:00,35950,4270株,154百万円,-200,-0.55,35978.326円,161回,347989.57億円
1557,2020-01-16,36150,36250,15:00,36100,09:59,36250,2707株,98百万円,+300,+0.83,36172.978円,103回,350875.39億円
1557,2020-01-17,36500,36550,09:00,36450,09:03,36450,9618株,351百万円,+200,+0.55,36513.173円,176回,350350.88億円
1557,2020-01-20,36600,36600,09:00,36550,09:16,36550,2655株,97百万円,+100,+0.27,36593.559円,148回,351312.06億円
1557,2020-01-21,36550,36550,09:00,36300,13:57,36350,5196株,189百万円,-200,-0.55,36409.199円,165回,349916.77億円
1557,2020-01-22,36400,36650,12:30,36400,09:00,36600,2950株,108百万円,+250,+0.69,36525.237円,115回,352323.35億円
1557,2020-01-23,36350,36350,09:00,36200,14:31,36250,4790株,174百万円,-350,-0.96,36302.025円,203回,348374.14億円
1557,2020-01-24,36400,36450,09:00,36350,09:03,36400,3681株,134百万円,+150,+0.41,36401.141円,118回,348741.89億円
1557,2020-01-27,35450,35650,10:25,35350,09:03,35500,17226株,612百万円,-900,-2.47,35531.113円,660回,338131.15億円
1557,2020-01-28,35350,35550,14:45,35300,09:00,35500,11200株,396百万円,0,0,35377.763円,334回,339604.40億円
1557,2020-01-29,35700,35900,12:30,35650,09:23,35800,6711株,240百万円,+300,+0.85,35763.441円,224回,342492億円
1557,2020-01-30,35650,35700,09:01,35300,13:06,35450,10528株,374百万円,-350,-0.98,35498.229円,275回,338399億円
1557,2020-01-31,35750,35950,10:03,35700,09:12,35800,5131株,184百万円,+350,+0.99,35817.17円,170回,341544億円
1557,2020-02-03,35000,35300,14:24,34950,09:03,35250,19374株,681百万円,-550,-1.54,35139.532円,616回,336578億円
1557,2020-02-04,35200,35550,14:45,35200,09:00,35550,6153株,217百万円,+300,+0.85,35328.945円,176回,340012億円
1557,2020-02-05,36000,36100,09:16,35900,10:33,35950,6303株,227百万円,+400,+1.13,36000.69円,199回,344952億円
1557,2020-02-06,36550,36900,14:37,36500,09:01,36800,13264株,486百万円,+850,+2.36,36639.471円,266回,348876億円
1557,2020-02-07,36800,36850,09:02,36600,09:46,36700,4351株,160百万円,-100,-0.27,36699.598円,193回,348111億円
1557,2020-02-10,36300,36600,11:30,36250,09:00,36500,5384株,196百万円,-200,-0.54,36382.262円,224回,348112億円
1557,2020-02-12,36900,36950,13:47,36800,09:07,36950,4870株,180百万円,+450,+1.23,36876.745円,166回,351868億円
1557,2020-02-13,37000,37100,10:26,36950,09:00,36950,8472株,313百万円,0,0,37000.183円,159回,351961億円
1557,2020-02-14,37000,37200,12:34,36950,09:28,37150,5220株,194百万円,+200,+0.54,37085.948円,138回,356949億円
1557,2020-02-17,37200,37200,09:00,37050,10:07,37200,4206株,156百万円,+50,+0.13,37150.511円,155回,356593億円
1557,2020-02-17,37100,37100,09:00,36900,12:47,37000,5621株,208百万円,-200,-0.54,36987.218円,202回,353547億円
1557,2020-02-18,37150,37200,11:22,37050,09:12,37200,6424株,239百万円,+200,+0.54,37150.817円,420回,355458億円
1557,2020-02-20,37650,37800,09:02,37550,12:32,37700,12621株,476百万円,+500,+1.34,37696.375円,411回,360877億円
1557,2020-02-21,37600,37750,09:24,37500,11:30,37550,13850株,521百万円,-150,-0.40,37602.516円,226回,357225億円
1557,2020-02-25,36000,36200,10:21,35900,09:06,36100,54141株,1951百万円,-1450,-3.86,36032.346円,1264回,343918億円
1557,2020-02-26,35400,35500,09:00,34500,10:04,34800,50503株,1760百万円,-1300,-3.60,34857.161円,1272回,325548億円
1557,2020-02-27,34300,34350,09:00,33650,13:57,33850,38373株,1308百万円,-950,-2.73,34084.257円,834回,313022億円
1557,2020-02-28,32500,32650,11:14,31650,14:56,31750,39908株,1288百万円,-2100,-6.20,32275.907円,1290回,287284億円
1557,2020-03-02,31550,32400,12:36,31400,09:27,32250,66919株,2126百万円,+500,+1.57,31773.904円,1111回,288583億円
1557,2020-03-03,33600,33650,09:03,32950,13:32,33000,39339株,1313百万円,+750,+2.33,33388.999円,668回,292737億円
1557,2020-03-04,32150,32750,14:52,32100,09:03,32650,25972株,842百万円,-350,-1.06,32421.446円,562回,284163億円
1557,2020-03-05,33450,33500,09:45,33100,12:45,33300,10974株,366百万円,+650,+1.99,33315.181円,345回,292718億円
1557,2020-03-06,32250,32350,09:18,31500,14:27,31600,44870株,1431百万円,-1700,-5.11,31898.374円,1069回,282119億円
1557,2020-03-06,29500,29660,09:52,28620,10:52,29010,118317株,3436百万円,-2590,-8.20,29036.989円,1466回,259199億円
1557,2020-03-10,28940,29990,14:30,28510,09:11,29890,50499株,1477百万円,+880,+3.03,29256.889円,1452回,265896億円
1557,2020-03-11,29760,29940,09:13,29040,14:10,29120,37358株,1105百万円,-770,-2.58,29574.673円,903回,256236億円
1557,2020-03-12,28680,28770,09:01,26980,11:06,27540,62055株,1730百万円,-1580,-5.43,27872.542円,1440回,24兆4041億円
1557,2020-03-13,25810,27280,14:39,25250,12:53,26750,73953株,1923百万円,-790,-2.87,25997.557円,1429回,23兆8525億円
1557,2020-03-16,27250,27390,09:07,26690,15:00,26690,22371株,609百万円,-60,-0.22,27211.825円,708回,24兆272億円
1557,2020-03-17,26060,27300,10:39,25700,09:05,26780,31013株,823百万円,+90,+0.34,26523.091円,922回,24兆4510億円
1557,2020-03-18,26280,26480,09:17,25750,14:22,25830,23270株,607百万円,-950,-3.55,26102.905円,876回,23兆6224億円
1557,2020-03-19,26660,26800,09:05,25250,13:05,25600,13591株,357百万円,-230,-0.89,26272.913円,641回,24兆2184億円
1557,2020-03-23,24650,24660,09:03,24000,14:31,24380,31469株,766百万円,-1220,-4.77,24353.359円,989回,22兆4340億円
1557,2020-03-24,25030,25600,12:32,24980,09:11,25440,13802株,349百万円,+1060,+4.35,25274.298円,655回,23兆6193億円
1557,2020-03-25,26940,27280,14:07,26570,13:47,27260,31516株,848百万円,+1820,+7.15,26894.712円,840回,25兆8529億円
1557,2020-03-26,27500,27810,09:29,26920,11:12,27080,12341株,337百万円,-180,-0.66,27332.821円,539回,25兆1081億円
1557,2020-03-27,28630,28720,09:13,27650,14:12,28050,19199株,543百万円,+970,+3.58,28275.343円,655回,26兆1603億円
1557,2020-03-30,26820,27730,14:47,26710,10:07,27630,13126株,356百万円,-420,-1.50,27090.439円,443回,25兆7493億円
1557,2020-03-31,28380,28580,10:07,28120,13:38,28240,9871株,280百万円,+610,+2.21,28385.615円,395回,26兆2048億円
1557,2020-04-01,27340,27500,11:15,26750,14:49,26900,7843株,214百万円,-1340,-4.75,27250.805円,443回,24兆6305億円
1557,2020-04-02,26480,26830,12:47,26400,10:12,26720,11496株,305百万円,-180,-0.67,26574.28円,335回,24兆5726億円
1557,2020-04-03,27060,27280,09:14,26720,14:33,26960,4561株,123百万円,+240,+0.90,26992.738円,268回,24兆6207億円
1557,2020-04-06,27390,28270,14:52,27390,09:00,28190,13407株,374百万円,+1230,+4.56,27860.914円,504回,25兆3226億円
1557,2020-04-07,29070,29120,09:05,28520,12:53,28940,13457株,389百万円,+750,+2.66,28887.801円,492回,26兆6474億円
1557,2020-04-08,28830,29200,14:52,28450,09:33,29100,8828株,255百万円,+160,+0.55,28845.224円,461回,26兆8617億円
1557,2020-04-09,29900,29980,09:55,29720,10:42,29800,13372株,399百万円,+700,+2.41,29852.356円,464回,27兆9787億円
1557,2020-04-10,30000,31400,09:45,29970,09:49,30200,19558株,592百万円,+400,+1.34,30294.239円,431回,28兆3663億円
1557,2020-04-13,29780,29850,09:02,29550,13:31,29580,18300株,543百万円,-620,-2.05,29681.659円,430回,27兆5695億円
1557,2020-04-14,29800,30300,13:21,29670,09:12,30200,8806株,264百万円,+620,+2.10,29989.219円,352回,28兆1474億円
1557,2020-04-15,30400,30400,09:00,30200,14:31,30300,4982株,151百万円,+100,+0.33,30312.806円,276回,27兆7770億円
1557,2020-04-16,29690,30050,14:46,29620,09:38,30050,10599株,316百万円,-250,-0.83,29774.433円,443回,27兆2864億円
1557,2020-04-17,30900,31150,14:33,30850,09:22,31000,10526株,326百万円,+950,+3.16,31008.488円,428回,28兆6667億円
1557,2020-04-20,30750,31000,09:48,30700,09:00,30800,7261株,224百万円,-200,-0.65,30866.795円,276回,28兆2862億円
1557,2020-04-21,30400,30550,10:26,29960,14:49,30050,10863株,329百万円,-750,-2.44,30243.125円,351回,27兆4411億円
1557,2020-04-22,29550,29670,14:52,29340,09:29,29640,27219株,804百万円,-410,-1.36,29537.202円,578回,27兆2742億円
1557,2020-04-23,29980,30150,10:07,29920,12:53,30100,9713株,292百万円,+460,+1.55,30017.053円,227回,27兆8826億円
1557,2020-04-24,29880,29910,09:01,29700,10:27,29770,3788株,113百万円,-330,-1.10,29805.972円,272回,27兆3998億円
1557,2020-04-27,30300,30800,14:51,30300,09:00,30750,8946株,273百万円,+980,+3.29,30488.939円,287回,28兆158億円
1557,2020-04-28,30850,30850,09:00,30600,13:12,30750,4879株,150百万円,0,0,30754.407円,195回,27兆9497億円
1557,2020-04-30,31400,31600,13:31,31300,09:46,31500,15536株,488百万円,+750,+2.44,31410.299円,389回,28兆4597億円
1557,2020-05-01,30900,30950,09:01,30550,14:44,30600,9108株,280百万円,-900,-2.86,30789.454円,298回,27兆6588億円
1557,2020-05-07,30150,30400,13:27,30100,09:00,30300,4023株,122百万円,-300,-0.98,30227.964円,220回,27兆2892億円
1557,2020-05-08,30750,31100,14:24,30750,09:00,31050,7616株,236百万円,+750,+2.48,30966.354円,230回,27兆5920億円
1557,2020-05-11,31400,31550,10:40,31350,14:56,31400,7942株,250百万円,+350,+1.13,31453.129円,259回,27兆9360億円,05/01,0.000,3.700,－
1557,2020-05-12,31350,31450,09:08,31100,12:33,31350,3551株,111百万円,-50,-0.16,31315.038円,164回,27兆9088億円,05/08,0.000,3.380,－
1557,2020-05-13,30450,30700,13:31,30300,09:13,30550,8873株,270百万円,-800,-2.55,30452.817円,339回,27兆4181億円,05/08,0.000,3.380,－
1557,2020-05-14,30200,30200,09:00,29960,11:13,29970,9438株,284百万円,-580,-1.90,30051.679円,317回,26兆8136億円,05/08,0.000,3.380,－
1557,2020-05-15,30650,30750,09:03,30450,11:08,30600,6533株,200百万円,+630,+2.10,30613.792円,217回,27兆5762億円,05/08,0.000,3.380,－
1557,2020-05-18,30750,30950,11:30,30750,09:00,30900,5456株,168百万円,+300,+0.98,30822.727円,131回,27兆6858億円,05/08,0.000,3.380,－
1557,2020-05-19,31700,31750,09:06,31500,12:30,31700,11545株,366百万円,+800,+2.59,31662.356円,320回,28兆2267億円,05/15,0.000,2.032,－
1557,2020-05-20,31600,31750,13:15,31550,09:02,31600,5808株,184百万円,-100,-0.32,31685.09円,168回,28兆1866億円,05/15,0.000,2.032,－
1557,2020-05-21,31900,31950,09:06,31700,11:30,31850,4069株,130百万円,+250,+0.79,31845.441円,198回,28兆4431億円,05/15,0.000,2.032,－
1557,2020-05-22,31800,31850,09:21,31300,14:14,31350,4656株,147百万円,-500,-1.57,31591.022円,191回,27兆8492億円,05/15,0.000,2.032,－
1557,2020-05-25,31950,32050,09:19,31850,10:06,32000,4484株,143百万円,+650,+2.07,31949.487円,181回,28兆4282億円,05/22,0.000,1.616,－
1557,2020-05-26,32100,32500,13:30,32100,09:00,32500,13089株,424百万円,+500,+1.56,32386.599円,312回,28兆8789億円,05/22,0.000,1.616,－
1557,2020-05-27,32200,32500,12:38,32050,09:10,32450,7638株,247百万円,-50,-0.15,32274.686円,300回,28兆8345億円,05/22,0.000,1.616,－
1557,2020-05-28,32800,32950,09:12,32650,13:22,32900,13763株,452百万円,+450,+1.39,32858円,320回,29兆2524億円,05/22,0.000,1.616,－
1557,2020-05-29,32600,32650,09:00,32400,10:06,32500,4930株,160百万円,-400,-1.22,32535.324円,237回,28兆8415億円,05/22,0.000,1.616,－
1557,2020-06-01,32600,32850,10:51,32600,09:00,32700,7483株,245百万円,+200,+0.62,32718.609円,210回,28兆7607億円,05/29,0.000,2.054,－
1557,2020-06-02,32700,32900,14:16,32700,09:00,32900,4800株,157百万円,+200,+0.61,32788.469円,193回,29兆2492億円,05/29,0.000,2.054,－
1557,2020-06-03,33600,33650,09:00,33450,10:34,33550,13458株,452百万円,+650,+1.98,33562.717円,330回,29兆8472億円,05/29,0.000,2.054,－
1557,2020-06-04,34050,34100,09:02,33850,11:18,33900,11281株,383百万円,+350,+1.04,33944.114円,318回,30兆839億円,05/29,0.000,2.054,－
1557,2020-06-05,33900,34300,14:49,33900,09:00,34300,12921株,441百万円,+400,+1.18,34097.697円,269回,30兆170億円,05/29,0.000,2.054,－
