1563,2020-02-07,2666,2666,09:00,2623,09:46,2637,2046株,5百万円,-8,-0.30,2630.726円,78回,8.8億円
1563,2020-02-10,2649,2649,09:00,2619,14:08,2641,1580株,4百万円,+4,+0.15,2633.234円,63回,8.8億円
1563,2020-02-12,2645,2655,12:45,2636,09:10,2645,1250株,3百万円,+4,+0.15,2648.446円,66回,8.8億円
1563,2020-02-13,2656,2656,09:00,2646,13:01,2649,295株,1百万円,+4,+0.15,2652.471円,27回,8.8億円
1563,2020-02-14,2642,2653,09:07,2590,14:05,2590,2399株,6百万円,-59,-2.23,2606.016円,115回,8.6億円
1563,2020-02-17,2590,2615,11:05,2555,09:24,2594,4150株,11百万円,+4,+0.15,2583.672円,164回,8.6億円
1563,2020-02-17,2586,2586,09:00,2515,13:15,2519,2791株,7百万円,-75,-2.89,2534.745円,162回,8.4億円
1563,2020-02-18,2536,2549,09:10,2522,09:27,2543,2800株,7百万円,+24,+0.95,2539.133円,139回,8.5億円
1563,2020-02-20,2556,2556,09:00,2505,14:41,2513,4378株,11百万円,-30,-1.18,2536.428円,136回,8.4億円
1563,2020-02-21,2501,2525,12:49,2497,10:10,2499,4487株,11百万円,-14,-0.56,2504.712円,129回,8.3億円
1563,2020-02-25,2487,2497,09:00,2374,09:14,2429,6993株,17百万円,-70,-2.80,2421.032円,196回,8.1億円
1563,2020-02-26,2381,2428,09:10,2352,11:07,2369,3192株,8百万円,-60,-2.47,2378.411円,224回,7.9億円
1563,2020-02-27,2360,2375,09:03,2277,13:49,2303,10701株,25百万円,-66,-2.79,2314.011円,212回,7.8億円
1563,2020-02-28,2252,2288,15:00,2175,14:43,2288,14950株,33百万円,-15,-0.65,2236.933円,277回,7.8億円
1563,2020-03-02,2238,2310,10:47,2190,09:00,2286,17835株,40百万円,-2,-0.09,2257.194円,290回,7.8億円
1563,2020-03-03,2346,2346,09:03,2226,13:33,2234,7483株,17百万円,-52,-2.27,2290.484円,232回,7.6億円
1563,2020-03-04,2193,2358,10:17,2193,09:00,2275,8883株,20百万円,+41,+1.84,2267.164円,173回,7.7億円
1563,2020-03-05,2296,2305,09:43,2261,11:26,2274,7217株,17百万円,-1,-0.04,2290.828円,102回,7.7億円
1563,2020-03-06,2244,2244,09:00,2179,14:40,2182,5046株,11百万円,-92,-4.05,2213.941円,171回,7.4億円
1563,2020-03-06,2080,2080,09:06,1972,14:37,1994,10811株,22百万円,-188,-8.62,2025.355円,253回,6.8億円
1563,2020-03-10,1919,2039,14:32,1879,09:32,2033,8020株,16百万円,+39,+1.96,1971.603円,242回,6.9億円
1563,2020-03-11,2083,2084,09:00,1928,14:54,1938,4096株,8百万円,-95,-4.67,2015.347円,248回,6.6億円
1563,2020-03-12,1917,1930,10:02,1814,12:36,1853,6365株,12百万円,-85,-4.39,1864.593円,293回,6.3億円
1563,2020-03-13,1653,1775,14:18,1645,10:54,1700,8707株,15百万円,-153,-8.26,1705.172円,276回,5.8億円
1563,2020-03-16,1740,1843,11:06,1707,09:12,1735,6488株,11百万円,+35,+2.06,1759.562円,282回,5.9億円
1563,2020-03-17,1720,1864,15:00,1700,09:14,1864,8525株,15百万円,+129,+7.44,1785.292円,246回,6.3億円
1563,2020-03-18,1846,1871,12:44,1797,14:45,1802,6176株,11百万円,-62,-3.33,1837.572円,183回,6.1億円
1563,2020-03-19,1857,1857,09:03,1797,12:35,1825,3956株,7百万円,+23,+1.28,1809.537円,131回,6.2億円
1563,2020-03-23,1798,1814,14:15,1770,10:21,1790,3721株,7百万円,-35,-1.92,1795.151円,142回,6.1億円
1563,2020-03-24,1800,1930,15:00,1800,09:00,1930,6261株,12百万円,+140,+7.82,1890.007円,163回,6.6億円
1563,2020-03-26,2080,2293,14:39,2027,09:35,2160,7104株,15百万円,+230,+11.92,2105.092円,277回,7.3億円
1563,2020-03-26,2075,2075,09:03,1927,10:11,1955,3189株,6百万円,-205,-9.49,1978.296円,223回,6.6億円
1563,2020-03-27,1984,2028,10:07,1956,09:40,1957,2272株,5百万円,+2,+0.10,1998.07円,114回,6.6億円
1563,2020-03-30,1900,1957,09:13,1900,09:03,1950,3243株,6百万円,-7,-0.36,1918.557円,72回,6.6億円
1563,2020-03-31,1951,1995,10:05,1947,09:00,1963,4302株,8百万円,+13,+0.67,1969.095円,118回,6.7億円
1563,2020-04-01,1963,1963,09:00,1884,15:00,1884,3160株,6百万円,-79,-4.02,1923.95円,99回,6.4億円
1563,2020-04-02,1874,1898,09:16,1865,14:13,1870,1745株,3百万円,-14,-0.74,1880.089円,99回,6.3億円
1563,2020-04-03,1899,1899,09:00,1862,14:18,1870,2810株,5百万円,0,0,1879.096円,115回,6.3億円
1563,2020-04-06,1830,1941,15:00,1830,09:00,1941,3413株,6百万円,+71,+3.80,1877.909円,143回,6.6億円
1563,2020-04-07,1981,2022,10:20,1952,12:54,1985,4704株,9百万円,+44,+2.27,1997.954円,131回,6.7億円
1563,2020-04-08,1963,2035,14:14,1948,09:37,2030,6093株,12百万円,+45,+2.27,1980.872円,178回,6.9億円
1563,2020-04-09,2052,2071,14:48,2033,09:25,2071,1516株,3百万円,+41,+2.02,2054.907円,100回,7.0億円
1563,2020-04-10,2100,2103,09:05,2014,10:04,2048,3081株,6百万円,-23,-1.11,2047.279円,178回,7.0億円
1563,2020-04-13,2056,2074,12:49,2037,09:54,2065,2142株,4百万円,+17,+0.83,2059.798円,79回,7.0億円
1563,2020-04-14,2063,2148,13:21,2063,09:00,2135,5783株,12百万円,+70,+3.39,2131.335円,137回,7.2億円
1563,2020-04-15,2135,2135,09:00,2075,14:52,2075,9231株,19百万円,-60,-2.81,2104.6円,170回,7.0億円
1563,2020-04-16,2071,2120,10:33,2068,09:01,2100,8452株,18百万円,+25,+1.20,2099.135円,145回,7.1億円
1563,2020-04-17,2128,2161,09:41,2120,14:59,2120,5193株,11百万円,+20,+0.95,2142.392円,128回,7.2億円
1563,2020-04-20,2153,2210,13:40,2153,09:00,2176,9615株,21百万円,+56,+2.64,2184.108円,227回,7.4億円
1563,2020-04-21,2219,2280,09:06,2025,14:52,2104,20201株,44百万円,-72,-3.31,2163.204円,408回,7.1億円
1563,2020-04-22,2072,2095,15:00,2045,09:27,2095,9279株,19百万円,-9,-0.43,2072.591円,190回,7.1億円
1563,2020-04-23,2195,2195,09:05,2112,12:38,2124,14613株,31百万円,+29,+1.38,2130.459円,180回,7.2億円
1563,2020-04-24,2109,2154,14:45,2091,09:39,2145,11042株,23百万円,+21,+0.99,2122.884円,220回,7.3億円
1563,2020-04-27,2180,2190,09:05,2150,09:15,2177,4205株,9百万円,+32,+1.49,2170.609円,131回,7.4億円
1563,2020-04-28,2195,2220,14:49,2161,09:33,2202,5601株,12百万円,+25,+1.15,2191.847円,161回,7.5億円
1563,2020-04-30,2255,2265,09:10,2225,14:49,2237,9584株,21百万円,+35,+1.59,2241.602円,168回,7.6億円
1563,2020-05-01,2222,2243,15:00,2201,09:01,2243,4873株,11百万円,+6,+0.27,2212.426円,162回,7.6億円
1563,2020-05-07,2243,2285,12:51,2243,09:00,2280,9726株,22百万円,+37,+1.65,2269.545円,173回,7.7億円
1563,2020-05-08,2309,2322,09:40,2180,10:16,2319,26604株,60百万円,+39,+1.71,2271.559円,472回,7.9億円
1563,2020-05-11,2350,2358,13:29,2318,09:26,2355,13217株,31百万円,+36,+1.55,2345.58円,168回,8.0億円,05/08,24.868,26.985,1.09
1563,2020-05-12,2370,2403,14:37,2363,09:01,2403,13317株,32百万円,+48,+2.04,2389.515円,197回,8.2億円,05/08,24.868,26.985,1.09
1563,2020-05-13,2385,2451,15:00,2375,09:12,2451,10876株,26百万円,+48,+2.00,2416.685円,209回,8.3億円,05/08,24.868,26.985,1.09
1563,2020-05-14,2437,2451,12:42,2358,14:57,2362,21125株,51百万円,-89,-3.63,2415.68円,330回,8.0億円,05/08,24.868,26.985,1.09
1563,2020-05-15,2412,2455,09:03,2356,11:04,2396,15821株,38百万円,+34,+1.44,2389.244円,250回,8.1億円,05/08,24.868,26.985,1.09
1563,2020-05-18,2416,2440,14:46,2373,09:31,2436,28076株,68百万円,+40,+1.67,2408.488円,266回,8.3億円,05/08,24.868,26.985,1.09
