1570,2019-08-06,17360,17400,09:01,16690,12:30,17010,11976936株,203820百万円,-620,-3.52,17017.718円,23040回
1570,2019-08-06,16010,16830,13:13,15990,09:06,16770,17318053株,284077百万円,-240,-1.41,16403.503円,32556回
1570,2019-08-07,16740,16770,10:04,16490,11:21,16660,8452100株,140630百万円,-110,-0.66,16638.461円,14713回
1570,2019-08-08,16700,16950,10:59,16580,10:00,16840,7076180株,118738百万円,+180,+1.08,16780.021円,13045回
1570,2019-08-09,17070,17120,09:01,16940,10:04,16960,5384748株,91613百万円,+120,+0.71,17013.43円,9002回
1570,2019-08-13,16560,16630,09:00,16420,09:04,16540,5290476株,87347百万円,-420,-2.48,16510.324円,9398回
1570,2019-08-14,16940,16970,09:03,16760,11:27,16870,5455255株,92028百万円,+330,+2.00,16869.663円,9187回
1570,2019-08-15,16240,16500,12:32,16130,09:32,16470,8978060株,146601百万円,-400,-2.37,16328.818円,18451回
1570,2019-08-16,16350,16580,12:32,16310,09:00,16520,4876285株,80152百万円,+50,+0.30,16437.17円,9428回
1570,2019-08-19,16820,16850,09:04,16640,11:06,16750,3971984株,66513百万円,+230,+1.39,16745.577円,7390回
1570,2019-08-20,16820,16930,09:32,16770,09:06,16920,3824135株,64498百万円,+170,+1.01,16866.109円,6618回
1570,2019-08-21,16620,16850,11:13,16610,09:00,16840,3082106株,51622百万円,-80,-0.47,16748.829円,6331回
1570,2019-08-22,16980,17030,09:01,16770,14:34,16840,3472996株,58681百万円,0,0,16896.256円,6485回
1570,2019-08-23,16810,17000,14:59,16790,09:00,17000,3305322株,55923百万円,+160,+0.95,16919.045円,5766回
1570,2019-08-26,16170,16350,12:30,16130,09:06,16260,10987674株,178204百万円,-740,-4.35,16218.58円,18135回
1570,2019-08-26,16570,16670,10:32,16530,09:15,16530,5463346株,90668百万円,+270,+1.66,16595.644円,8358回
1570,2019-08-28,16580,16650,10:15,16510,09:39,16610,3239685株,53749百万円,+80,+0.48,16590.932円,5080回
1570,2019-08-29,16620,16660,09:01,16420,10:44,16560,4442424株,73473百万円,-50,-0.30,16538.966円,6437回
1570,2019-08-30,16910,17040,13:06,16860,09:03,17000,5789692株,98114百万円,+440,+2.66,16946.296円,9143回
1570,2019-09-02,16820,16920,10:45,16810,09:00,16840,3738200株,63056百万円,-160,-0.94,16868.087円,4964回
1570,2019-09-03,16770,16910,10:53,16770,09:00,16840,3543164株,59695百万円,0,0,16848.062円,4278回
1570,2019-09-03,16780,16960,14:04,16740,09:44,16910,4074890株,68595百万円,+70,+0.42,16833.491円,5450回
1570,2019-09-05,17110,17730,11:13,17110,09:00,17650,10093765株,176797百万円,+740,+4.38,17515.417円,16720回
1570,2019-09-05,17800,17860,10:59,17700,09:20,17760,5804921株,103333百万円,+110,+0.62,17800.856円,8609回
1570,2019-09-07,17800,18020,10:33,17770,09:04,17990,4828235株,86602百万円,+230,+1.30,17936.621円,6797回
1570,2019-09-10,18080,18190,09:44,18040,11:26,18120,4302022株,77913百万円,+130,+0.72,18110.766円,6263回
1570,2019-09-11,18240,18500,13:06,18200,09:04,18450,6183403株,113479百万円,+330,+1.82,18352.233円,8505回
1570,2019-09-12,18780,18850,09:02,18710,09:40,18770,7424786株,139545百万円,+320,+1.73,18794.494円,9809回
1570,2019-09-13,18970,19180,14:59,18850,09:19,19170,7914469株,150766百万円,+400,+2.13,19049.377円,11615回
1570,2019-09-17,19070,19230,10:40,18950,09:02,19160,6163614株,117873百万円,-10,-0.05,19124.08円,8114回
1570,2019-09-17,19180,19220,09:00,19080,12:45,19110,4548525株,87149百万円,-50,-0.26,19159.729円,5126回,3516.24億円
1570,2019-09-19,19290,19630,09:39,19170,12:48,19280,9886704株,191904百万円,+170,+0.89,19410.262円,13791回,3154.21億円
1570,2019-09-20,19410,19520,10:31,19270,14:40,19280,5406900株,104850百万円,0,0,19391.967円,6893回,3011.54億円
1570,2019-09-24,19320,19470,09:54,19300,09:03,19380,4373817株,84810百万円,+100,+0.52,19390.488円,5457回,2972.89億円
1570,2019-09-25,19110,19220,12:30,18990,09:53,19190,6155316株,117730百万円,-190,-0.98,19126.52円,7631回,2943.75億円
1570,2019-09-26,19470,19500,09:02,19160,14:51,19220,5772085株,111602百万円,+30,+0.16,19334.746円,7478回,2702.33億円
1570,2019-09-27,19360,19380,09:00,18990,13:53,19200,7011348株,134298百万円,-20,-0.10,19154.358円,9363回,2699.52億円
1570,2019-09-30,19010,19120,10:04,18860,14:39,18970,4902464株,93186百万円,-230,-1.20,19008.072円,7219回,2667.18億円
1570,2019-10-01,19130,19330,10:32,19100,09:02,19260,4131286株,79456百万円,+290,+1.53,19232.794円,5988回,2707.96億円
1570,2019-10-02,18960,19080,14:25,18940,09:00,19050,4404692株,83734百万円,-210,-1.09,19010.164円,5823回,2735.58億円
1570,2019-10-03,18380,18430,09:09,18170,10:44,18280,8397880株,153679百万円,-770,-4.04,18299.692円,14391回,2398.34億円
1570,2019-10-04,18270,18410,14:58,18170,10:35,18390,4318111株,78971百万円,+110,+0.60,18288.217円,6794回,2512.07億円
1570,2019-10-07,18450,18500,09:04,18260,10:02,18310,3945185株,72357百万円,-80,-0.44,18340.653円,5276回,2501.15億円
1570,2019-10-08,18520,18760,11:07,18490,09:00,18710,5009872株,93468百万円,+400,+2.18,18656.741円,7199回,2555.79億円
1570,2019-10-09,18320,18470,12:36,18300,09:00,18450,4591269株,84448百万円,-260,-1.39,18393.269円,6222回,2852.37億円
1570,2019-10-10,18450,18720,10:40,18220,09:30,18600,8242473株,152373百万円,+150,+0.81,18486.305円,10417回,2883.00億円
1570,2019-10-11,18920,19070,14:09,18840,09:10,19030,6011749株,113942百万円,+430,+2.31,18953.275円,8063回,2976.29億円
1570,2019-10-15,19540,19790,14:56,19470,09:36,19760,7398680株,145441百万円,+730,+3.84,19657.705円,10937回,2995.62億円
1570,2019-10-16,20330,20500,09:06,20160,13:17,20230,7906679株,160637百万円,+470,+2.38,20316.598円,13110回,3062.82億円
1570,2019-10-17,20220,20310,10:12,20140,09:04,20210,3627605株,73465百万円,-20,-0.10,20251.587円,5800回,3043.63億円
1570,2019-10-18,20330,20560,11:08,20220,12:48,20290,5984313株,121880百万円,+80,+0.40,20366.552円,7661回,2994.80億円
1570,2019-10-21,20350,20430,13:02,20310,09:01,20380,3667991株,74713百万円,+90,+0.44,20368.884円,4145回,2510.82億円
1570,2019-10-23,20600,20600,09:00,20250,09:20,20560,6330163株,129465百万円,+180,+0.88,20452.142円,7429回,2594.67億円
1570,2019-10-24,20760,20820,12:47,20710,09:08,20760,4239983株,88065百万円,+200,+0.97,20770.068円,5358回,2607.46億円
1570,2019-10-25,20790,20860,09:38,20670,10:47,20830,3742956株,77752百万円,+70,+0.34,20772.96円,4689回,2545.43億円
1570,2019-10-28,20940,20990,09:10,20880,09:03,20940,3520912株,73703百万円,+110,+0.53,20932.792円,4417回,2479.30億円
1570,2019-10-29,21110,21190,09:51,21070,09:17,21140,4096156株,86567百万円,+200,+0.96,21133.734円,5768回,2507.20億円
1570,2019-10-30,21070,21100,09:00,20860,14:42,20900,3856751株,80874百万円,-240,-1.14,20969.483円,5320回,2357.52億円
1570,2019-10-31,21070,21160,09:40,20970,11:08,21060,4756678株,100164百万円,+160,+0.77,21057.586円,5431回,2375.57億円
1570,2019-11-01,20670,20910,12:36,20640,09:03,20900,3762005株,78225百万円,-160,-0.76,20793.544円,5716回,2328.26億円
1570,2019-11-05,21540,21800,12:59,21450,10:32,21700,5892831株,127370百万円,+800,+3.83,21614.356円,8493回,2334.92億円
1570,2019-11-07,21670,21790,09:40,21650,12:30,21760,3155076株,68530百万円,+10,+0.05,21720.676円,3885回,2267.39億円
1570,2019-11-08,22220,22300,09:09,21740,11:21,21910,6141555株,135265百万円,+150,+0.69,22024.54円,8669回,2283.02億円
1570,2019-11-11,22000,22050,09:07,21780,14:14,21800,2905107株,63630百万円,-110,-0.50,21902.789円,4209回,2153.84億円
1570,2019-11-12,21790,22200,14:56,21760,09:05,22180,3532868株,77522百万円,+380,+1.74,21943.158円,5019回,2191.38億円
1570,2019-11-13,22000,22010,09:00,21660,11:05,21770,4806439株,104834百万円,-410,-1.85,21811.178円,7300回,2120.40億円
1570,2019-11-14,21780,21850,10:45,21280,13:06,21450,4848788株,104752百万円,-320,-1.47,21603.706円,8283回,2089.23億円
1570,2019-11-15,21490,21810,12:30,21400,09:23,21770,4864656株,105364百万円,+320,+1.49,21659.084円,6236回,2120.40億円
1570,2019-11-18,21730,21960,11:01,21670,09:14,21910,3730313株,81387百万円,+140,+0.64,21817.831円,5084回,2112.12億円
1570,2019-11-19,21840,21890,11:29,21610,10:05,21720,4183528株,90996百万円,-190,-0.87,21751.095円,5932回,2093.81億円
1570,2019-11-20,21490,21720,09:14,21320,11:04,21420,5316230株,114117百万円,-300,-1.38,21465.726円,8273回,2047.75億円
1570,2019-11-21,21300,21360,09:01,20660,10:53,21230,8320730株,174837百万円,-190,-0.89,21012.213円,14751回,2029.59億円
1570,2019-11-22,21230,21550,10:31,21220,09:01,21390,4868639株,104221百万円,+160,+0.75,21406.576円,6881回,2044.88億円
1570,2019-11-25,21710,21790,11:19,21640,13:37,21690,4316035株,93732百万円,+300,+1.40,21717.06円,5631回,2077.90億円
1570,2019-11-26,22010,22310,10:47,21810,12:37,21850,7923004株,174422百万円,+160,+0.74,22014.638円,10158回,2106.34億円
1570,2019-11-27,21990,22100,09:27,21930,09:37,22000,3599645株,79273百万円,+150,+0.69,22022.438円,5238回,2186.80億円
1570,2019-11-28,22020,22070,09:02,21850,09:33,21930,4543980株,99796百万円,-70,-0.32,21962.276円,6373回,2188.61億円
1570,2019-11-29,22050,22080,09:40,21680,14:27,21710,3568604株,78099百万円,-220,-1.00,21885.128円,5858回,2166.66億円
1570,2019-12-02,21860,22200,12:30,21850,09:00,22160,4427827株,97831百万円,+450,+2.07,22094.618円,6726回,2162.82億円
1570,2019-12-03,21520,21870,12:42,21490,09:03,21850,5798198株,125897百万円,-310,-1.40,21713.197円,10045回,2097.60億円
1570,2019-12-05,21700,21830,10:15,21640,10:44,21720,4668405株,101426百万円,+350,+1.64,21726.004円,6767回,2041.68億円
1570,2019-12-06,21810,21910,09:51,21780,09:21,21830,3169371株,69216百万円,+110,+0.51,21838.882円,4818回,1864.28億円
1570,2019-12-09,22170,22170,09:00,21830,10:08,21940,5233413株,114994百万円,+110,+0.50,21972.985円,6518回,1878.06億円
1570,2019-12-10,21840,21980,12:30,21760,09:24,21950,3060518株,66975百万円,+10,+0.05,21883.404円,4143回,1979.89億円
1570,2019-12-13,22820,23130,12:30,22730,09:09,23100,9086904株,208439百万円,+1140,+5.19,22938.374円,15688回,2042.04億円
1570,2019-12-16,22940,23110,13:31,22930,09:00,22990,2986624株,68762百万円,-110,-0.48,23023.212円,5013回,2032.32億円
1570,2019-12-17,23210,23220,09:00,23020,09:27,23170,3223675株,74553百万円,+180,+0.78,23126.69円,5126回,2048.23億円
1570,2019-12-18,23080,23110,09:14,22870,14:14,22880,3374133株,77576百万円,-290,-1.25,22991.437円,4929回,1999.71億円
1570,2019-12-19,22810,22910,09:45,22690,12:35,22760,2776703株,63293百万円,-120,-0.52,22794.151円,4790回,1679.69億円
1570,2019-12-20,22830,22830,09:00,22520,10:38,22680,3382968株,76785百万円,-80,-0.35,22697.564円,5432回,1505.95億円
1570,2019-12-23,22820,22840,09:00,22650,14:24,22660,2209182株,50202百万円,-20,-0.09,22724.099円,3346回,1513.69億円
1570,2019-12-24,22700,22720,09:00,22620,10:05,22690,1725549株,39103百万円,+30,+0.13,22661.343円,2497回,1638.22億円
1570,2019-12-25,22660,22680,09:00,22620,12:41,22620,797241株,18052百万円,-70,-0.31,22642.93円,1940回,1637.69億円
1570,2019-12-26,22580,22870,09:38,22570,09:00,22830,2463779株,56141百万円,+210,+0.93,22786.472円,4208回,1643.76億円
1570,2019-12-27,22960,22980,09:00,22780,14:40,22820,2593050株,59382百万円,-10,-0.04,22900.348円,3795回,1652.17億円
1570,2019-12-30,22670,22670,09:00,22420,09:09,22470,3733186株,84069百万円,-350,-1.53,22519.35円,6544回,1626.83億円
1570,2020-01-06,21660,21690,09:03,21440,11:23,21510,5757587株,124180百万円,-960,-4.27,21568.05円,11165回,1553.02億円
1570,2020-01-07,21740,22230,14:15,21700,09:14,22200,4722432株,103841百万円,+690,+3.21,21988.826円,9046回,1593.96億円
1570,2020-01-08,21530,21720,13:10,21040,09:41,21530,12785343株,272945百万円,-670,-3.02,21348.289円,23087回,1528.63億円
1570,2020-01-09,22200,22570,14:49,22180,09:03,22480,5449612株,121672百万円,+950,+4.41,22326.698円,9763回,1668.02億円
1570,2020-01-10,22590,22830,09:34,22550,10:44,22730,4955780株,112397百万円,+250,+1.11,22679.988円,7661回,1950.23億円
1570,2020-01-14,22990,23120,09:30,22920,12:51,23040,4911560株,113131百万円,+310,+1.36,23033.643円,6806回,1898.50億円
1570,2020-01-15,22880,23000,09:23,22780,13:30,22830,4238516株,97021百万円,-210,-0.91,22890.267円,5428回,1986.21億円
1570,2020-01-16,22950,22960,09:00,22830,10:35,22910,2909932株,66630百万円,+80,+0.35,22897.544円,4043回,1860.29億円
1570,2020-01-17,23200,23240,09:00,23040,10:37,23100,3520702株,81453百万円,+190,+0.83,23135.549円,5488回,1801.80億円
1570,2020-01-20,23140,23210,11:25,23120,09:09,23180,1990451株,46124百万円,+80,+0.35,23172.596円,2653回,1789.50億円
1570,2020-01-21,23140,23150,09:00,22710,14:54,22720,4729711株,108060百万円,-460,-1.98,22847.063円,8010回,1753.98億円
1570,2020-01-22,22670,23080,12:32,22670,09:00,23050,3345936株,76601百万円,+330,+1.45,22893.848円,5737回,1756.41億円
1570,2020-01-23,22690,22840,11:03,22570,09:29,22600,5629196株,127741百万円,-450,-1.95,22692.525円,8268回,1658.84億円
1570,2020-01-24,22730,22750,09:00,22530,12:36,22650,3285247株,74421百万円,+50,+0.22,22653.141円,4833回,1553.79億円
1570,2020-01-27,21680,21990,10:03,21680,09:03,21700,6314760株,137845百万円,-950,-4.19,21829.064円,13180回,1601.46億円
1570,2020-01-28,21390,21570,14:47,21320,09:25,21520,6365352株,136261百万円,-180,-0.83,21406.612円,12001回,1553.74億円
1570,2020-01-29,21660,21830,14:02,21500,09:26,21800,5058105株,109588百万円,+280,+1.30,21665.813円,8615回,1644億円
1570,2020-01-30,21610,21690,09:06,20890,14:20,21020,7994954株,169664百万円,-780,-3.58,21221.365円,16482回,1619億円
1570,2020-01-31,21360,21870,10:02,21350,09:28,21460,7983122株,172252百万円,+440,+2.09,21577.077円,14619回,1811億円
1570,2020-02-03,20700,21140,14:30,20660,09:04,21050,9179337株,192153百万円,-410,-1.91,20933.254円,18122回,2017億円
1570,2020-02-04,20860,21300,14:40,20810,09:01,21240,7093159株,149491百万円,+190,+0.90,21075.442円,11378回,1975億円
1570,2020-02-05,21710,21840,13:52,21520,10:35,21680,6308199株,136908百万円,+440,+2.07,21703.107円,11453回,2315億円
1570,2020-02-06,22300,22950,13:57,22290,09:03,22750,11515829株,260273百万円,+1070,+4.94,22601.308円,18403回,2375億円
1570,2020-02-07,22880,22900,09:01,22470,09:49,22630,5988869株,135641百万円,-120,-0.53,22648.811円,10608回,2390億円
1570,2020-02-10,22230,22550,11:15,22220,09:00,22370,6190704株,138390百万円,-260,-1.15,22354.469円,9482回,2362億円
1570,2020-02-10,22660,22700,14:58,22430,09:48,22690,4870399株,110008百万円,+320,+1.43,22587.066円,7493回,2355億円
1570,2020-02-13,22680,22760,10:45,22530,14:33,22600,5369039株,121556百万円,-90,-0.40,22640.134円,7829回,2075億円
1570,2020-02-14,22350,22450,12:30,22190,09:28,22320,5140952株,114750百万円,-280,-1.24,22320.848円,7799回,1906億円
1570,2020-02-17,22030,22110,10:50,21690,09:14,22050,5508602株,120820百万円,-270,-1.21,21932.92円,10779回,1887億円
1570,2020-02-17,21830,21830,09:00,21300,13:14,21390,6525099株,140665百万円,-660,-2.99,21557.549円,12950回,1831億円
1570,2020-02-18,21650,21920,13:26,21490,10:16,21800,6699845株,145501百万円,+410,+1.92,21717.083円,10594回,1836億円
1570,2020-02-20,22300,22550,09:56,21840,12:56,21940,9281509株,206258百万円,+140,+0.64,22222.483円,15394回,1847億円
1570,2020-02-21,21810,22140,09:39,21740,14:54,21750,5294380株,116066百万円,-190,-0.87,21922.44円,9665回,1831億円
1570,2020-02-25,20040,20580,11:23,20010,09:09,20400,12958491株,263388百万円,-1350,-6.21,20325.54円,30696回,1967億円
1570,2020-02-26,19900,20060,12:45,19470,11:02,20020,13961512株,276534百万円,-380,-1.86,19806.886円,28678回,1930億円
1570,2020-02-27,19730,19740,09:00,18970,13:57,19170,14308978株,276826百万円,-850,-4.25,19346.327円,31670回,1752億円
1570,2020-02-28,18190,18200,09:06,17360,14:43,17630,18719709株,332642百万円,-1540,-8.03,17769.601円,41602回,1601億円
1570,2020-03-02,17230,18510,12:38,17200,09:00,18090,21174786株,378303百万円,+460,+2.61,17865.717円,51069回,2261億円
1570,2020-03-03,18670,18720,09:05,17640,15:00,17640,16765805株,304551百万円,-450,-2.49,18165.032円,35556回,2685億円
1570,2020-03-04,17330,17910,12:30,17270,09:01,17670,11266209株,199235百万円,+30,+0.17,17684.332円,24759回,3174億円
1570,2020-03-05,18090,18140,10:03,17860,13:17,18060,9269405株,166911百万円,+390,+2.21,18006.709円,17457回,3785億円
1570,2020-03-06,17500,17590,09:18,16820,13:05,17020,14501201株,248745百万円,-1040,-5.76,17153.384円,33026回,3772億円
1570,2020-03-06,15740,15750,09:09,14950,11:14,15210,17531259株,268510百万円,-1810,-10.63,15316.043円,42542回,3495億円
1570,2020-03-10,14810,15710,14:39,14050,09:40,15510,23919624株,358438百万円,+300,+1.97,14985.101円,62096回,3589億円
1570,2020-03-11,15250,15730,09:13,14790,14:59,14820,18990274株,289009百万円,-690,-4.45,15218.8円,43460回,3397億円
1570,2020-03-12,14220,14430,10:02,13180,11:06,13490,30844445株,424749百万円,-1330,-8.97,13770.675円,73576回,3370億円
1570,2020-03-13,11500,12930,14:18,10780,10:20,11880,37546332株,440150百万円,-1610,-11.93,11722.854円,97337回,3253億円
1570,2020-03-16,11990,12280,14:10,11040,15:00,11040,25981948株,304638百万円,-840,-7.07,11724.983円,64811回,3131億円
1570,2020-03-17,10570,11950,10:34,10340,09:08,11140,43738061株,489652百万円,+100,+0.91,11195.093円,91517回,3211億円
1570,2020-03-18,11360,11730,09:13,10790,14:59,10830,27098044株,308944百万円,-310,-2.78,11400.966円,61508回,3333億円
1570,2020-03-19,11400,11420,09:03,10330,12:58,10610,27236830株,293242百万円,-220,-2.03,10766.365円,63231回,3452億円
1570,2020-03-23,10590,11250,13:58,10490,10:00,11000,23359006株,253512百万円,+390,+3.68,10852.851円,48138回,3714億円
1570,2020-03-24,12060,12700,14:57,11900,09:39,12650,29019516株,356028百万円,+1650,+15.00,12268.577円,57436回,4291億円
1570,2020-03-25,13850,14780,14:56,13680,09:35,14730,27752060株,392187百万円,+2080,+16.44,14131.818円,61284回,5011億円
1570,2020-03-26,13720,14110,09:28,13150,14:54,13450,24118249株,329696百万円,-1280,-8.69,13669.976円,56489回,4654億円
1570,2020-03-27,14300,14380,09:16,13610,10:52,14020,19192907株,268543百万円,+570,+4.24,13991.797円,43582回,4826億円
1570,2020-03-30,13550,14140,14:57,13450,10:09,14110,19134525株,262748百万円,+90,+0.64,13731.622円,38979回,4766億円
1570,2020-03-31,14340,14600,10:09,13880,13:38,13890,20291792株,288430百万円,-220,-1.56,14214.126円,42199回,4406億円
1570,2020-04-01,13500,13780,11:10,12410,14:52,12680,20405451株,271732百万円,-1210,-8.71,13316.652円,43696回,4053億円
1570,2020-04-02,12490,12790,12:45,12180,10:18,12320,16916473株,210737百万円,-360,-2.84,12457.488円,37435回,3785億円
1570,2020-04-03,12530,12700,09:03,12090,13:37,12350,14062030株,174360百万円,+30,+0.24,12399.342円,29863回,3473億円
1570,2020-04-06,12380,13530,14:54,12300,09:10,13420,21325426株,275967百万円,+1070,+8.66,12940.761円,45101回,3792億円
