1801,2019-08-06,3635,3865,14:42,3575,10:54,3810,2185300株,8176百万円,+125,+3.39,3741.532円,3879回
1801,2019-08-06,3675,3845,12:30,3635,09:05,3785,2153000株,8132百万円,-25,-0.66,3777.179円,4247回
1801,2019-08-07,3725,3735,09:00,3625,12:30,3650,1282500株,4699百万円,-135,-3.57,3663.881円,2361回
1801,2019-08-08,3660,3800,12:50,3650,09:00,3735,1158100株,4342百万円,+85,+2.33,3749.162円,1821回
1801,2019-08-09,3765,3770,09:00,3700,10:15,3730,995000株,3709百万円,-5,-0.13,3727.999円,1774回
1801,2019-08-13,3695,3710,09:00,3630,14:42,3640,1232800株,4502百万円,-90,-2.41,3651.598円,1987回
1801,2019-08-14,3680,3700,09:28,3650,14:57,3655,863500株,3168百万円,+15,+0.41,3668.456円,1903回
1801,2019-08-15,3570,3580,09:05,3525,09:31,3560,918400株,3268百万円,-95,-2.60,3558.378円,1416回
1801,2019-08-16,3565,3615,14:35,3530,09:10,3605,892200株,3199百万円,+45,+1.26,3585.467円,1615回
1801,2019-08-19,3650,3680,10:13,3620,09:08,3655,639300株,2335百万円,+50,+1.39,3652.924円,1268回
1801,2019-08-20,3635,3685,10:12,3625,09:01,3680,468000株,1715百万円,+25,+0.68,3665.011円,1050回
1801,2019-08-21,3620,3635,09:38,3605,09:01,3625,652600株,2363百万円,-55,-1.49,3621.41円,1141回
1801,2019-08-22,3650,3710,10:21,3630,09:07,3700,935500株,3447百万円,+75,+2.07,3684.77円,1573回
1801,2019-08-23,3745,3770,09:01,3700,12:33,3715,615800株,2295百万円,+15,+0.41,3727.336円,1064回
1801,2019-08-26,3620,3680,12:30,3605,09:03,3665,743500株,2715百万円,-50,-1.35,3652.136円,1228回
1801,2019-08-26,3700,3710,09:20,3660,13:10,3665,572200株,2104百万円,0,0,3676.208円,1143回
1801,2019-08-28,3660,3675,10:26,3640,09:01,3645,456700株,1669百万円,-20,-0.55,3654.553円,809回
1801,2019-08-29,3690,3740,14:22,3670,10:34,3730,744100株,2760百万円,+85,+2.33,3709.309円,1302回
1801,2019-08-30,3780,3780,09:00,3745,09:03,3760,956400株,3598百万円,+30,+0.80,3762.194円,1263回
1801,2019-09-02,3775,3775,09:00,3735,09:15,3765,558200株,2098百万円,+5,+0.13,3758.355円,1135回
1801,2019-09-03,3775,3775,09:00,3730,09:58,3765,458000株,1723百万円,0,0,3762.513円,780回
1801,2019-09-03,3760,3760,09:00,3670,09:58,3690,886700株,3283百万円,-75,-1.99,3701.989円,1203回
1801,2019-09-05,3710,3750,14:27,3685,09:01,3725,1103400株,4103百万円,+35,+0.95,3718.417円,1551回
1801,2019-09-05,3735,3775,14:52,3730,09:00,3770,756000株,2843百万円,+45,+1.21,3760.431円,1187回
1801,2019-09-07,3780,3915,14:43,3755,09:04,3900,1354500株,5222百万円,+130,+3.45,3854.986円,2091回
1801,2019-09-10,3960,4035,10:23,3925,14:13,3950,1634000株,6504百万円,+50,+1.28,3980.499円,2047回
1801,2019-09-11,4005,4105,14:40,3995,09:00,4100,1588800株,6469百万円,+150,+3.80,4071.325円,2532回
1801,2019-09-12,4155,4160,09:00,4080,14:23,4080,1189100株,4887百万円,-20,-0.49,4109.561円,1649回
1801,2019-09-13,4095,4155,14:59,4020,09:16,4140,1626200株,6684百万円,+60,+1.47,4110.042円,1884回
1801,2019-09-17,4170,4240,10:08,4160,09:00,4170,1094000株,4587百万円,+30,+0.72,4192.882円,1865回
1801,2019-09-17,4150,4150,09:00,4050,13:31,4070,1075500株,4394百万円,-100,-2.40,4085.488円,1441回,9138.83億円
1801,2019-09-19,4085,4195,10:26,4080,09:00,4165,1245500株,5181百万円,+95,+2.33,4159.864円,1805回,9352.14億円
1801,2019-09-20,4210,4215,09:00,4135,14:59,4165,1793200株,7492百万円,0,0,4177.838円,1953回,9352.14億円
1801,2019-09-24,4175,4250,09:20,4170,09:00,4190,1082800株,4552百万円,+25,+0.60,4203.876円,1848回,9408.28億円
1801,2019-09-25,4195,4240,14:45,4160,09:01,4225,1089700株,4585百万円,+35,+0.84,4208.005円,2058回,9486.86億円
1801,2019-09-26,4315,4345,09:05,4260,14:58,4270,1421300株,6096百万円,+45,+1.07,4288.832円,2116回,9587.91億円
1801,2019-09-27,4205,4235,14:59,4135,09:42,4225,1423200株,5963百万円,-45,-1.05,4190.061円,2682回,9486.86億円
1801,2019-09-30,4225,4230,09:00,4145,13:34,4185,785000株,3283百万円,-40,-0.95,4182.241円,1593回,9397.05億円
1801,2019-10-01,4200,4230,10:23,4145,14:01,4160,715800株,2993百万円,-25,-0.60,4181.051円,1271回,9340.91億円
1801,2019-10-02,4130,4155,09:07,4105,09:25,4130,787100株,3249百万円,-30,-0.72,4127.282円,1533回,9273.55億円
1801,2019-10-03,4060,4080,09:16,4025,10:40,4060,667300株,2706百万円,-70,-1.69,4054.831円,1111回,9116.37億円
1801,2019-10-04,4025,4040,13:36,3940,09:30,4025,1047500株,4195百万円,-35,-0.86,4005.151円,1705回,9037.78億円
1801,2019-10-07,4025,4025,09:00,3960,09:30,3970,600000株,2384百万円,-55,-1.37,3972.539円,1046回,8914.28億円
1801,2019-10-08,3985,4030,09:25,3975,12:32,3975,757500株,3023百万円,+5,+0.13,3990.851円,1173回,8925.51億円
1801,2019-10-09,3930,3960,14:11,3905,10:08,3960,673000株,2650百万円,-15,-0.38,3937.234円,1190回,8891.83億円
1801,2019-10-10,3965,3990,14:44,3910,09:30,3980,623500株,2471百万円,+20,+0.51,3963.099円,1255回,8936.74億円
1801,2019-10-11,4020,4080,11:12,3990,09:00,4075,810700株,3288百万円,+95,+2.39,4055.325円,1235回,9150.05億円
1801,2019-10-15,4160,4185,09:06,4120,09:35,4160,961900株,3995百万円,+85,+2.09,4153.321円,1461回,9340.91億円
1801,2019-10-16,4255,4290,09:24,4215,13:18,4230,1047900株,4450百万円,+70,+1.68,4246.623円,1847回,9498.09億円
1801,2019-10-17,4190,4325,13:40,4175,09:00,4300,1468100株,6289百万円,+70,+1.65,4283.647円,2466回,9655.27億円
1801,2019-10-18,4290,4290,09:00,4175,14:42,4185,984500株,4148百万円,-115,-2.67,4213.394円,1730回,9397.05億円
1801,2019-10-21,4215,4250,09:26,4185,13:46,4195,670200株,2823百万円,+10,+0.24,4212.149円,1213回,9419.50億円
1801,2019-10-23,4245,4255,09:00,4160,09:19,4240,629000株,2653百万円,+45,+1.07,4218.553円,1093回,9520.55億円
1801,2019-10-24,4265,4415,14:14,4255,09:00,4380,1406300株,6116百万円,+140,+3.30,4348.869円,2100回,9834.90億円
1801,2019-10-25,4400,4400,09:00,4340,13:02,4380,937700株,4099百万円,0,0,4370.866円,1815回,9834.90億円
1801,2019-10-28,4370,4370,09:00,4220,14:53,4240,1292000株,5500百万円,-140,-3.20,4256.774円,2058回,9520.55億円
1801,2019-10-29,4260,4325,09:47,4260,09:00,4320,744100株,3200百万円,+80,+1.89,4300.285円,1421回,9700.18億円
1801,2019-10-30,4315,4335,14:28,4260,09:39,4310,1414800株,6088百万円,-10,-0.23,4303.095円,1830回,9677.72億円
1801,2019-10-31,4340,4340,09:00,4280,13:59,4300,636700株,2740百万円,-10,-0.23,4303.642円,967回,9655.27億円
1801,2019-11-01,4235,4260,11:01,4210,09:02,4235,568500株,2410百万円,-65,-1.51,4239.511円,1056回,9509.32億円
1801,2019-11-05,4305,4350,14:04,4280,09:03,4330,1009100株,4361百万円,+95,+2.24,4321.229円,1768回,9722.63億円
1801,2019-11-06,4385,4460,14:49,4365,09:01,4460,1148100株,5088百万円,+130,+3.00,4431.367円,1558回,10014.54億円
1801,2019-11-07,4455,4495,09:04,4415,09:17,4435,1171700株,5206百万円,-25,-0.56,4442.88円,1737回,9958.40億円
1801,2019-11-08,4505,4510,09:01,4200,14:03,4380,1659700株,7307百万円,-55,-1.24,4402.498円,2926回,9834.90億円
1801,2019-11-11,4300,4315,09:03,4210,09:38,4240,1547300株,6558百万円,-140,-3.20,4238.447円,2742回,9520.55億円
1801,2019-11-12,4240,4295,14:50,4180,10:11,4285,1651200株,6991百万円,+45,+1.06,4233.611円,2368回,9621.59億円
1801,2019-11-13,4280,4320,14:53,4240,09:49,4310,801200株,3429百万円,+25,+0.58,4280.16円,1587回,9677.72億円
1801,2019-11-14,4270,4280,09:00,4210,15:00,4210,704800株,2981百万円,-100,-2.32,4230.173円,1279回,9453.18億円
1801,2019-11-15,4230,4300,10:13,4230,09:00,4255,1081600株,4618百万円,+45,+1.07,4269.29円,1831回,9554.23億円
1801,2019-11-18,4245,4245,09:00,4170,09:19,4230,715200株,3013百万円,-25,-0.59,4212.313円,1461回,9498.09億円
1801,2019-11-19,4220,4225,09:00,4150,10:37,4175,967900株,4040百万円,-55,-1.30,4174.233円,1461回,9374.59億円
1801,2019-11-20,4145,4185,09:40,4115,14:15,4130,762400株,3155百万円,-45,-1.08,4137.615円,1377回,9273.55億円
1801,2019-11-21,4135,4190,09:19,4115,11:05,4165,755600株,3140百万円,+35,+0.85,4155.032円,1417回,9352.14億円
1801,2019-11-22,4165,4240,13:47,4165,09:00,4230,961700株,4051百万円,+65,+1.56,4212.623円,1503回,9498.09億円
1801,2019-11-25,4275,4355,14:56,4255,09:01,4355,1042100株,4498百万円,+125,+2.96,4316.567円,1348回,9778.77億円
1801,2019-11-26,4365,4365,09:00,4240,14:53,4240,1751800株,7482百万円,-115,-2.64,4270.822円,2051回,9520.55億円
1801,2019-11-27,4265,4280,09:19,4245,14:22,4255,748900株,3191百万円,+15,+0.35,4260.394円,1350回,9554.23億円
1801,2019-11-28,4280,4290,09:00,4240,09:31,4285,754100株,3225百万円,+30,+0.71,4277.064円,1181回,9621.59億円
1801,2019-11-29,4300,4320,11:08,4275,09:55,4295,882200株,3789百万円,+10,+0.23,4295.291円,1049回,9644.04億円
1801,2019-12-02,4310,4350,14:50,4310,09:00,4345,658000株,2851百万円,+50,+1.16,4333.461円,1136回,9756.31億円
1801,2019-12-03,4290,4330,09:48,4270,11:08,4290,693900株,2979百万円,-55,-1.27,4293.76円,1134回,9632.82億円
1801,2019-12-05,4350,4465,14:33,4340,09:00,4460,1049400株,4632百万円,+135,+3.12,4414.265円,1660回,10014.54億円
1801,2019-12-06,4515,4635,10:08,4515,09:00,4565,1893800株,8660百万円,+105,+2.35,4572.972円,3274回,10250.30億円
1801,2019-12-09,4620,4630,09:00,4530,10:09,4565,756100株,3451百万円,0,0,4564.261円,1149回,10250.30億円
1801,2019-12-10,4595,4595,09:00,4500,14:47,4510,828100株,3750百万円,-55,-1.20,4528.586円,1058回,10126.81億円
1801,2019-12-13,4665,4675,09:00,4580,13:11,4600,1200100株,5551百万円,+5,+0.11,4625.59円,1555回,10328.89億円
1801,2019-12-16,4555,4595,09:32,4525,09:00,4540,695200株,3164百万円,-60,-1.30,4550.546円,1192回,10194.17億円
1801,2019-12-17,4570,4575,09:00,4495,13:29,4525,780200株,3527百万円,-15,-0.33,4521.123円,1225回,10160.49億円
1801,2019-12-18,4540,4540,09:00,4490,10:05,4510,718000株,3239百万円,-15,-0.33,4511.37円,1164回,10126.81億円
1801,2019-12-19,4500,4520,09:01,4445,13:42,4460,620500株,2773百万円,-50,-1.11,4468.947円,1036回,10014.54億円
1801,2019-12-20,4470,4485,09:00,4425,10:38,4465,670600株,2990百万円,+5,+0.11,4458.974円,896回,10025.76億円
1801,2019-12-23,4490,4490,09:00,4460,14:30,4465,461500株,2065百万円,0,0,4474.527円,778回,10025.76億円
1801,2019-12-24,4505,4525,09:19,4475,10:12,4510,647600株,2916百万円,+45,+1.01,4502.176円,1098回,10126.81億円
1801,2019-12-25,4545,4550,09:00,4485,10:22,4525,633400株,2862百万円,+15,+0.33,4518.853円,1068回,10160.49億円
1801,2019-12-26,4510,4585,09:27,4505,09:00,4585,612700株,2797百万円,+60,+1.33,4565.046円,972回,10295.21億円
1801,2019-12-27,4630,4640,09:00,4610,09:22,4615,611400株,2826百万円,+30,+0.65,4621.549円,823回,10362.58億円
1801,2019-12-30,4610,4610,09:00,4535,13:54,4545,674300株,3075百万円,-70,-1.52,4559.848円,943回,10205.40億円
1801,2020-01-06,4495,4495,09:00,4430,11:00,4480,870800株,3890百万円,-65,-1.43,4467.311円,1327回,10059.44億円
1801,2020-01-07,4500,4590,14:45,4485,09:00,4585,741600株,3379百万円,+105,+2.34,4555.916円,1254回,10295.21億円
1801,2020-01-08,4515,4520,09:00,4420,10:38,4480,946300株,4229百万円,-105,-2.29,4468.942円,1736回,10059.44億円
1801,2020-01-09,4550,4555,09:00,4475,12:52,4510,743100株,3348百万円,+30,+0.67,4505.04円,1359回,10126.81億円
1801,2020-01-10,4555,4570,09:00,4480,10:33,4500,726200株,3274百万円,-10,-0.22,4508.934円,1236回,10104.35億円
1801,2020-01-14,4530,4595,12:34,4500,09:00,4585,1032300株,4709百万円,+85,+1.89,4561.182円,1611回,10295.21億円
1801,2020-01-15,4570,4575,09:03,4500,14:25,4510,736200株,3332百万円,-75,-1.64,4525.856円,1450回,10126.81億円
1801,2020-01-16,4505,4510,09:00,4455,10:42,4500,770400株,3456百万円,-10,-0.22,4486.39円,1432回,10104.35億円
1801,2020-01-17,4520,4585,10:19,4515,09:01,4560,741500株,3378百万円,+60,+1.33,4555.389円,1157回,10239.08億円
1801,2020-01-20,4550,4595,14:50,4535,10:03,4590,529100株,2418百万円,+30,+0.66,4570.231円,1023回,10306.44億円
1801,2020-01-21,4605,4645,10:00,4580,10:20,4600,698700株,3219百万円,+10,+0.22,4606.618円,1030回,10328.89億円
1801,2020-01-22,4620,4640,14:32,4590,09:57,4635,737900株,3409百万円,+35,+0.76,4620.501円,939回,10407.48億円
1801,2020-01-23,4600,4605,09:00,4550,09:24,4560,772600株,3530百万円,-75,-1.62,4568.363円,1152回,10239.08億円
1801,2020-01-24,4610,4625,09:17,4575,10:41,4595,641700株,2950百万円,+35,+0.77,4597.445円,1087回,10317.67億円
1801,2020-01-27,4525,4545,11:01,4480,09:09,4490,742800株,3345百万円,-105,-2.29,4502.889円,1259回,10081.90億円
1801,2020-01-28,4435,4470,14:47,4420,09:27,4450,681700株,3028百万円,-40,-0.89,4442.299円,1135回,9992.08億円
1801,2020-01-29,4405,4425,14:02,4315,09:33,4420,1042200株,4563百万円,-30,-0.67,4378.305円,1583回,9925億円
1801,2020-01-30,4430,4470,09:08,4345,13:03,4385,647900株,2846百万円,-35,-0.79,4392.775円,1165回,9846億円
1801,2020-01-31,4420,4465,10:15,4380,09:15,4410,955500株,4224百万円,+25,+0.57,4420.262円,1620回,9902億円
1801,2020-02-03,4360,4390,14:20,4310,09:07,4360,941300株,4099百万円,-50,-1.13,4354.347円,1768回,9790億円
1801,2020-02-04,4340,4435,14:50,4315,09:00,4430,811300株,3568百万円,+70,+1.61,4398.488円,1404回,9947億円
1801,2020-02-05,4470,4490,09:00,4445,09:02,4470,577500株,2585百万円,+40,+0.90,4476.562円,1118回,10037億円
1801,2020-02-06,4500,4595,13:47,4480,09:01,4575,1090800株,4972百万円,+105,+2.35,4558.474円,1938回,10273億円
1801,2020-02-07,4570,4590,10:16,4440,14:00,4465,1529000株,6896百万円,-110,-2.40,4510.172円,2572回,10026億円
1801,2020-02-10,4410,4435,10:34,4385,09:00,4400,1056700株,4655百万円,-65,-1.46,4405.427円,1803回,9880億円
1801,2020-02-10,4410,4410,09:00,4225,14:49,4230,1343800株,5750百万円,-170,-3.86,4278.86円,2124回,9498億円
1801,2020-02-13,4225,4260,09:04,4200,09:56,4255,915100株,3880百万円,+25,+0.59,4240.162円,1506回,9554億円
1801,2020-02-14,4230,4250,12:49,4205,09:28,4245,611500株,2588百万円,-10,-0.24,4231.637円,1075回,9532億円
1801,2020-02-17,4195,4195,09:00,4135,09:15,4150,734800株,3055百万円,-95,-2.24,4157.172円,1824回,9318億円
1801,2020-02-17,4090,4130,09:50,4075,09:00,4120,964200株,3963百万円,-30,-0.72,4110.056円,1742回,9251億円
1801,2020-02-18,4100,4120,09:01,4055,10:17,4085,1218200株,4972百万円,-35,-0.85,4081.541円,1766回,9173億円
1801,2020-02-20,4125,4125,09:00,4060,14:35,4070,791000株,3233百万円,-15,-0.37,4086.958円,1408回,9139億円
1801,2020-02-21,4005,4065,09:23,3990,09:00,4010,1343100株,5406百万円,-60,-1.47,4024.646円,1974回,9004億円
1801,2020-02-25,3840,3910,10:13,3830,09:06,3850,1194200株,4614百万円,-160,-3.99,3863.887円,2093回,8645億円
1801,2020-02-26,3800,3900,14:57,3795,09:00,3890,1360500株,5255百万円,+40,+1.04,3862.908円,2127回,8735億円
1801,2020-02-27,3860,3880,09:00,3760,13:57,3790,1351900株,5154百万円,-100,-2.57,3812.123円,2155回,8510億円
1801,2020-02-28,3690,3710,09:05,3625,12:33,3695,2108100株,7744百万円,-95,-2.51,3673.304円,3091回,8297億円
1801,2020-03-02,3610,3750,12:30,3605,09:05,3695,1635400株,6013百万円,0,0,3676.947円,2655回,8297億円
1801,2020-03-03,3740,3755,09:15,3630,14:58,3630,1568800株,5775百万円,-65,-1.76,3680.89円,2363回,8151億円
1801,2020-03-04,3605,3695,12:30,3605,09:00,3640,1268100株,4632百万円,+10,+0.28,3653.06円,2255回,8173億円
1801,2020-03-05,3685,3695,09:00,3620,13:17,3630,828600株,3020百万円,-10,-0.27,3645.24円,1508回,8151億円
1801,2020-03-06,3600,3610,09:00,3490,13:54,3510,1575200株,5561百万円,-120,-3.31,3530.587円,2543回,7881億円
1801,2020-03-06,3370,3425,09:07,3285,11:14,3320,1418300株,4735百万円,-190,-5.41,3338.844円,2733回,7455億円
1801,2020-03-10,3250,3365,13:28,3175,09:37,3330,2204500株,7240百万円,+10,+0.30,3284.169円,4206回,7477億円
1801,2020-03-11,3330,3405,09:40,3295,09:01,3330,1344300株,4513百万円,0,0,3356.981円,2344回,7477億円
1801,2020-03-12,3260,3310,09:55,3160,12:58,3220,1660600株,5361百万円,-110,-3.30,3228.31円,3021回,7230億円
1801,2020-03-13,2968,3165,14:18,2904,10:21,3050,2274500株,6863百万円,-170,-5.28,3017.198円,5057回,6849億円
1801,2020-03-16,3095,3145,09:01,2976,14:51,2983,1392200株,4226百万円,-67,-2.20,3035.18円,3465回,6698億円
1801,2020-03-17,2890,3005,10:35,2817,09:08,2930,1996200株,5819百万円,-53,-1.78,2914.888円,6483回,6579億円
1801,2020-03-18,2942,3055,12:41,2905,14:59,2905,2094900株,6254百万円,-25,-0.85,2985.499円,5428回,6523億円
1801,2020-03-19,2919,3010,09:06,2887,13:00,2900,2125000株,6213百万円,-5,-0.17,2923.714円,5293回,6512億円
1801,2020-03-23,2888,2924,09:03,2755,10:06,2854,2011300株,5679百万円,-46,-1.59,2823.58円,7137回,6408億円
1801,2020-03-24,2913,2974,10:59,2854,13:35,2942,1531200株,4469百万円,+88,+3.08,2918.361円,5919回,6606億円
1801,2020-03-25,3175,3330,14:53,3145,09:24,3330,1568100株,5089百万円,+388,+13.19,3245.519円,2613回,7477億円
1801,2020-03-26,3200,3240,09:03,3080,09:09,3180,1125200株,3580百万円,-150,-4.50,3181.648円,2063回,7140億円
1801,2020-03-27,3390,3395,15:00,3265,10:14,3395,1414700株,4747百万円,+215,+6.76,3355.709円,2738回,7623億円
1801,2020-03-30,3260,3360,14:49,3110,09:39,3355,990300株,3255百万円,-40,-1.18,3286.98円,2240回,7533億円
1801,2020-03-31,3325,3385,09:05,3250,09:34,3300,890400株,2954百万円,-55,-1.64,3317.758円,2165回,7410億円
1801,2020-04-01,3265,3345,12:30,3140,14:53,3175,843700株,2734百万円,-130,-3.93,3241.076円,1917回,7129億円
1801,2020-04-02,3135,3205,09:42,3135,09:00,3150,896500株,2838百万円,-25,-0.79,3165.684円,2119回,7073億円
1801,2020-04-03,3115,3165,09:11,3050,13:19,3090,848100株,2625百万円,-60,-1.90,3094.887円,1827回,6938億円
1801,2020-04-06,3095,3275,14:45,3055,09:02,3245,1016300株,3255百万円,+155,+5.02,3203.05円,2347回,7286億円
