1888,2019-12-17,1741,1755,15:00,1732,09:39,1755,24000株,42百万円,+15,+0.86,1745.804円,115回,227.54億円
1888,2019-12-18,1751,1751,09:00,1731,14:19,1738,22900株,40百万円,-17,-0.97,1738.572円,122回,225.33億円
1888,2019-12-19,1739,1753,13:48,1734,09:00,1747,24300株,42百万円,+9,+0.52,1744.741円,100回,226.50億円
1888,2019-12-20,1747,1751,12:37,1737,10:01,1747,14400株,25百万円,0,0,1744.542円,80回,226.50億円
1888,2019-12-23,1741,1745,09:03,1734,12:40,1737,21700株,38百万円,-10,-0.57,1739.387円,115回,225.20億円
1888,2019-12-24,1731,1745,09:09,1729,14:49,1729,13900株,24百万円,-8,-0.46,1734.914円,95回,224.16億円
1888,2019-12-25,1729,1735,09:00,1722,14:01,1722,38900株,67百万円,-7,-0.40,1726.46円,75回,223.26億円
1888,2019-12-26,1729,1745,14:59,1726,09:02,1745,26100株,45百万円,+23,+1.34,1733.559円,138回,226.24億円
1888,2019-12-27,1755,1771,14:13,1752,09:13,1769,41300株,73百万円,+24,+1.38,1763.484円,159回,229.35億円
1888,2019-12-30,1770,1770,09:00,1749,14:22,1752,26000株,46百万円,-17,-0.96,1757.723円,118回,227.15億円
1888,2020-01-06,1733,1751,12:30,1711,09:04,1740,37200株,65百万円,-12,-0.68,1734.207円,221回,225.59億円
1888,2020-01-07,1740,1755,09:07,1730,10:32,1739,29900株,52百万円,-1,-0.06,1740.211円,148回,225.46億円
1888,2020-01-08,1738,1738,09:00,1699,10:34,1721,77300株,132百万円,-18,-1.04,1712.869円,314回,223.13億円
1888,2020-01-09,1733,1735,13:26,1724,09:38,1735,20100株,35百万円,+14,+0.81,1731.89円,112回,224.94億円
1888,2020-01-10,1738,1746,09:12,1725,14:32,1727,18900株,33百万円,-8,-0.46,1732.899円,87回,223.91億円
1888,2020-01-14,1727,1727,09:00,1704,14:16,1710,31800株,54百万円,-17,-0.98,1711.906円,137回,221.70億円
1888,2020-01-15,1711,1722,09:17,1708,09:02,1719,22700株,39百万円,+9,+0.53,1714.242円,104回,222.87億円
1888,2020-01-16,1715,1726,14:52,1712,09:08,1720,12600株,22百万円,+1,+0.06,1719.365円,78回,223.00億円
1888,2020-01-17,1723,1730,14:55,1716,12:30,1728,16500株,28百万円,+8,+0.47,1725.533円,68回,224.04億円
1888,2020-01-20,1725,1746,13:05,1725,09:00,1734,8700株,15百万円,+6,+0.35,1738.057円,57回,224.81億円
1888,2020-01-21,1734,1752,09:14,1734,09:00,1740,19400株,34百万円,+6,+0.35,1744.144円,109回,225.59億円
1888,2020-01-22,1745,1749,10:40,1734,09:18,1744,10200株,18百万円,+4,+0.23,1743.029円,52回,226.11億円
1888,2020-01-23,1749,1749,09:00,1738,12:30,1738,17800株,31百万円,-6,-0.34,1741.702円,90回,225.33億円
1888,2020-01-24,1738,1744,14:24,1731,10:01,1737,20900株,36百万円,-1,-0.06,1737.545円,114回,225.20億円
1888,2020-01-27,1742,1742,09:00,1703,14:16,1703,21800株,37百万円,-34,-1.96,1713.931円,109回,220.79億円
1888,2020-01-28,1700,1700,09:00,1650,09:00,1678,37900株,64百万円,-25,-1.47,1679.852円,156回,217.55億円
1888,2020-01-29,1696,1696,09:00,1680,09:02,1681,21200株,36百万円,+3,+0.18,1683.656円,110回,218億円
1888,2020-01-30,1681,1686,09:07,1647,13:07,1653,32000株,53百万円,-28,-1.67,1664.791円,120回,214億円
1888,2020-01-31,1666,1677,10:14,1657,09:39,1662,22300株,37百万円,+9,+0.54,1665.865円,65回,215億円
1888,2020-02-03,1702,1702,09:01,1615,09:12,1641,28600株,47百万円,-21,-1.26,1641.266円,135回,213億円
1888,2020-02-04,1641,1657,15:00,1638,13:46,1657,10700株,18百万円,+16,+0.98,1647.28円,55回,215億円
1888,2020-02-05,1662,1672,12:41,1647,10:36,1651,23200株,38百万円,-6,-0.36,1658.353円,118回,214億円
1888,2020-02-06,1689,1692,09:07,1675,10:35,1680,21600株,36百万円,+29,+1.76,1683.102円,105回,218億円
1888,2020-02-07,1683,1683,09:00,1663,14:59,1668,19000株,32百万円,-12,-0.71,1672.863円,101回,216億円
1888,2020-02-10,1677,1699,14:55,1666,09:05,1692,22300株,38百万円,+24,+1.44,1686.883円,136回,219億円
1888,2020-02-12,1720,1724,09:09,1697,14:55,1697,54800株,94百万円,+5,+0.30,1713.589円,165回,220億円
1888,2020-02-13,1709,1710,14:50,1680,09:28,1710,28100株,48百万円,+13,+0.77,1701.142円,127回,222億円
1888,2020-02-14,1710,1710,09:00,1690,12:30,1700,15000株,25百万円,-10,-0.58,1694.787円,79回,220億円
1888,2020-02-17,1681,1688,12:30,1658,09:17,1677,22100株,37百万円,-23,-1.35,1678.321円,95回,217億円
1888,2020-02-17,1677,1677,09:00,1645,13:01,1649,22400株,37百万円,-28,-1.67,1654.83円,142回,214億円
1888,2020-02-18,1665,1665,09:00,1624,14:57,1627,25500株,42百万円,-22,-1.33,1637.89円,147回,211億円
1888,2020-02-20,1649,1649,09:00,1590,14:48,1599,52200株,84百万円,-28,-1.72,1611.594円,248回,207億円
1888,2020-02-21,1592,1613,09:17,1588,11:28,1596,22500株,36百万円,-3,-0.19,1596.96円,144回,207億円
1888,2020-02-25,1516,1541,10:20,1516,09:03,1525,47200株,72百万円,-71,-4.45,1528.182円,220回,198億円
1888,2020-02-26,1486,1512,09:40,1486,09:00,1502,36100株,54百万円,-23,-1.51,1499.019円,154回,195億円
1888,2020-02-27,1502,1502,09:00,1454,13:33,1455,43800株,65百万円,-47,-3.13,1473.685円,210回,189億円
1888,2020-02-28,1400,1426,10:02,1383,15:00,1383,76000株,106百万円,-72,-4.95,1400.563円,346回,179億円
1888,2020-03-02,1337,1430,12:31,1337,09:03,1419,70100株,98百万円,+36,+2.60,1396.267円,314回,184億円
1888,2020-03-03,1440,1500,09:00,1368,15:00,1368,69800株,99百万円,-51,-3.59,1416.901円,322回,177億円
1888,2020-03-04,1338,1374,09:57,1338,09:01,1356,46800株,63百万円,-12,-0.88,1354.363円,163回,176億円
1888,2020-03-05,1374,1375,10:08,1339,13:17,1347,33700株,46百万円,-9,-0.66,1355.899円,179回,175億円
1888,2020-03-06,1333,1334,09:04,1291,11:16,1299,59100株,77百万円,-48,-3.56,1309.306円,237回,168億円
1888,2020-03-06,1225,1255,09:09,1199,11:23,1204,76400株,93百万円,-95,-7.31,1218.386円,361回,156億円
1888,2020-03-10,1174,1247,14:18,1136,09:34,1245,59100株,71百万円,+41,+3.41,1207.719円,296回,161億円
1888,2020-03-11,1275,1275,09:02,1222,14:56,1222,43500株,54百万円,-23,-1.85,1250.221円,210回,158億円
1888,2020-03-12,1198,1212,09:44,1151,11:06,1163,44300株,52百万円,-59,-4.83,1174.801円,229回,151億円
1888,2020-03-13,1103,1123,14:22,1050,11:02,1100,87300株,95百万円,-63,-5.42,1091.033円,377回,143億円
1888,2020-03-16,1130,1207,14:24,1106,09:17,1118,70600株,80百万円,+18,+1.64,1136.66円,381回,145億円
1888,2020-03-17,1080,1185,14:21,1071,09:07,1175,83600株,95百万円,+57,+5.10,1136.548円,354回,152億円
1888,2020-03-18,1200,1205,09:21,1121,14:58,1121,68100株,79百万円,-54,-4.60,1158.793円,299回,145億円
1888,2020-03-19,1151,1153,09:13,1112,10:12,1136,58300株,66百万円,+15,+1.34,1133.669円,276回,147億円
1888,2020-03-23,1150,1194,14:46,1113,10:23,1176,47900株,55百万円,+40,+3.52,1152.033円,227回,152億円
1888,2020-03-24,1206,1223,15:00,1173,13:15,1223,72600株,87百万円,+47,+4.00,1203.048円,205回,159億円
1888,2020-03-25,1269,1285,14:52,1235,11:30,1282,116300株,147百万円,+59,+4.82,1263.058円,277回,166億円
1888,2020-03-26,1268,1288,14:42,1214,10:04,1281,63600株,80百万円,-1,-0.08,1257.703円,319回,166億円
1888,2020-03-27,1332,1341,15:00,1290,10:44,1341,85300株,112百万円,+60,+4.68,1317.804円,304回,174億円
1888,2020-03-30,1252,1279,09:00,1208,10:28,1263,63900株,79百万円,-78,-5.82,1241.712円,270回,164億円
1888,2020-03-31,1263,1279,09:05,1204,13:45,1210,49200株,61百万円,-53,-4.20,1231.659円,231回,157億円
1888,2020-04-01,1201,1217,12:30,1150,14:49,1160,27800株,33百万円,-50,-4.13,1183.716円,132回,150億円
1888,2020-04-02,1130,1172,09:07,1115,14:11,1124,33400株,38百万円,-36,-3.10,1129.254円,163回,146億円
1888,2020-04-03,1119,1145,11:07,1095,14:15,1111,27100株,30百万円,-13,-1.16,1120.945円,158回,144億円
1888,2020-04-06,1091,1146,14:47,1091,09:00,1142,40300株,45百万円,+31,+2.79,1126.176円,184回,148億円
1888,2020-04-07,1152,1169,09:06,1117,12:50,1151,51000株,58百万円,+9,+0.79,1143.933円,305回,149億円
1888,2020-04-08,1151,1176,14:29,1104,09:49,1166,53700株,62百万円,+15,+1.30,1147.629円,275回,151億円
1888,2020-04-09,1170,1183,09:07,1145,13:24,1160,40000株,46百万円,-6,-0.51,1161.578円,236回,150億円
1888,2020-04-10,1163,1208,15:00,1147,10:27,1208,29700株,35百万円,+48,+4.14,1178.542円,144回,157億円
1888,2020-04-13,1190,1212,09:03,1178,09:02,1183,29500株,35百万円,-25,-2.07,1189.864円,149回,153億円
1888,2020-04-14,1198,1198,09:00,1170,09:23,1194,28000株,33百万円,+11,+0.93,1186.843円,118回,155億円
1888,2020-04-15,1181,1182,09:14,1135,14:54,1138,46300株,53百万円,-56,-4.69,1150.508円,219回,148億円
1888,2020-04-16,1138,1172,15:00,1128,09:00,1172,22900株,26百万円,+34,+2.99,1152.074円,124回,152億円
1888,2020-04-17,1182,1187,09:38,1155,12:41,1164,27800株,32百万円,-8,-0.68,1167.615円,132回,151億円
1888,2020-04-20,1176,1176,09:00,1136,14:54,1141,16400株,19百万円,-23,-1.98,1153.165円,100回,148億円
1888,2020-04-21,1113,1144,15:00,1108,09:23,1144,25400株,29百万円,+3,+0.26,1124.398円,121回,148億円
1888,2020-04-22,1123,1152,12:39,1113,09:12,1134,22200株,25百万円,-10,-0.87,1134.275円,116回,147億円
1888,2020-04-23,1130,1167,14:43,1130,09:00,1162,18100株,21百万円,+28,+2.47,1151.773円,85回,151億円
1888,2020-04-24,1151,1169,12:34,1142,14:09,1161,23500株,27百万円,-1,-0.09,1155.017円,95回,151億円
1888,2020-04-27,1181,1193,15:00,1160,09:18,1193,27300株,32百万円,+32,+2.76,1178.63円,98回,155億円
1888,2020-04-28,1193,1222,13:01,1178,09:05,1215,33800株,41百万円,+22,+1.84,1200.586円,171回,158億円
1888,2020-04-30,1240,1240,09:00,1202,15:00,1202,34300株,42百万円,-13,-1.07,1214.522円,208回,156億円
1888,2020-05-01,1202,1202,09:00,1146,14:39,1148,38200株,45百万円,-54,-4.49,1166.031円,203回,149億円
1888,2020-05-07,1160,1171,09:52,1140,09:09,1168,32200株,37百万円,+20,+1.74,1158.102円,175回,151億円
1888,2020-05-08,1188,1188,09:00,1150,10:14,1179,34100株,40百万円,+11,+0.94,1175.155円,160回,153億円
1888,2020-05-11,1179,1209,13:00,1170,09:01,1205,27900株,33百万円,+26,+2.21,1192.079円,117回,156億円,04/24,6.8,103.0,15.15
1888,2020-05-12,1217,1217,09:00,1183,15:00,1183,24200株,29百万円,-22,-1.83,1198.388円,120回,153億円,05/01,6.4,108.8,17.00
1888,2020-05-13,1170,1207,14:43,1160,09:05,1203,29700株,35百万円,+20,+1.69,1184.296円,123回,156億円,05/01,6.4,108.8,17.00
1888,2020-05-14,1184,1184,09:00,1143,15:00,1143,37000株,43百万円,-60,-4.99,1159.751円,196回,148億円,05/01,6.4,108.8,17.00
1888,2020-05-15,1143,1145,09:02,1106,14:59,1106,52600株,59百万円,-37,-3.24,1116.498円,279回,143億円,05/01,6.4,108.8,17.00
1888,2020-05-18,1111,1116,09:00,1094,13:00,1109,40300株,45百万円,+3,+0.27,1104.33円,155回,144億円,05/01,6.4,108.8,17.00
1888,2020-05-19,1121,1134,09:03,1103,09:51,1130,36300株,41百万円,+21,+1.89,1117.995円,165回,147億円,05/01,6.4,108.8,17.00
1888,2020-05-20,1130,1141,09:04,1113,11:14,1121,27600株,31百万円,-9,-0.80,1123.489円,136回,145億円,05/01,6.4,108.8,17.00
1888,2020-05-21,1126,1129,09:21,1113,09:05,1123,16200株,18百万円,+2,+0.18,1119.667円,93回,146億円,05/15,7.5,118.3,15.77
1888,2020-05-22,1123,1123,09:00,1095,12:40,1100,15600株,17百万円,-23,-2.05,1104.224円,82回,143億円,05/15,7.5,118.3,15.77
