1905,2019-12-17,903,903,09:00,890,13:40,890,8200株,7百万円,-2,-0.22,896.195円,41回,68.48億円
1905,2019-12-18,905,905,09:00,895,13:59,900,17300株,16百万円,+10,+1.12,901.728円,64回,69.25億円
1905,2019-12-19,904,930,09:45,900,09:05,902,30000株,27百万円,+2,+0.22,911.91円,148回,69.40億円
1905,2019-12-20,905,915,09:31,901,15:00,901,9500株,9百万円,-1,-0.11,906.726円,62回,69.32億円
1905,2019-12-23,905,910,10:06,899,12:58,901,19800株,18百万円,0,0,903.52円,91回,69.32億円
1905,2019-12-24,902,915,12:40,902,09:00,911,12300株,11百万円,+10,+1.11,909.301円,63回,70.09億円
1905,2019-12-25,915,916,09:47,905,09:30,911,16400株,15百万円,0,0,911.098円,56回,70.09億円
1905,2019-12-26,911,918,09:44,908,13:55,910,15700株,14百万円,-1,-0.11,911.885円,60回,70.02億円
1905,2019-12-27,910,914,09:13,900,12:43,908,14500株,13百万円,-2,-0.22,907.945円,63回,69.86億円
1905,2019-12-30,910,914,09:11,903,15:00,903,14400株,13百万円,-5,-0.55,910.542円,42回,69.48億円
1905,2020-01-06,900,911,09:40,895,09:19,901,33200株,30百万円,-2,-0.22,902.693円,168回,69.32億円
1905,2020-01-07,900,910,09:57,900,09:00,900,8400株,8百万円,-1,-0.11,902.75円,57回,69.25億円
1905,2020-01-08,900,911,10:33,887,10:11,901,27100株,24百万円,+1,+0.11,898.469円,126回,69.32億円
1905,2020-01-09,910,914,09:18,905,15:00,905,10800株,10百万円,+4,+0.44,910.361円,37回,69.63億円
1905,2020-01-10,905,913,10:04,900,13:11,910,30500株,28百万円,+5,+0.55,906.505円,142回,70.02億円
1905,2020-01-14,910,930,10:27,900,09:39,910,40200株,37百万円,0,0,914.485円,179回,70.02億円
1905,2020-01-15,905,912,09:03,901,09:01,908,22900株,21百万円,-2,-0.22,907.528円,124回,69.86億円
1905,2020-01-16,905,912,10:11,900,15:00,900,31500株,29百万円,-8,-0.88,907.771円,151回,69.25億円
1905,2020-01-17,902,916,09:04,901,09:30,902,19100株,17百万円,+2,+0.22,906.885円,82回,69.40億円
1905,2020-01-20,913,928,15:00,910,09:00,928,25500株,23百万円,+26,+2.88,917.992円,121回,71.40億円
1905,2020-01-21,938,980,13:03,934,09:02,961,58300株,55百万円,+33,+3.56,951.856円,202回,73.94億円
1905,2020-01-22,969,978,14:56,941,09:15,978,30400株,29百万円,+17,+1.77,964.576円,116回,75.25億円
1905,2020-01-23,975,975,09:00,953,10:09,970,11700株,11百万円,-8,-0.82,963.265円,63回,74.63億円
1905,2020-01-24,974,985,09:14,958,13:25,968,17500株,17百万円,-2,-0.21,969.223円,95回,74.48億円
1905,2020-01-27,960,960,09:00,932,09:24,942,31800株,30百万円,-26,-2.69,940.393円,97回,72.48億円
1905,2020-01-28,944,980,13:54,933,13:15,968,60900株,58百万円,+26,+2.76,953.965円,186回,74.48億円
1905,2020-01-29,970,970,09:00,936,14:00,946,30200株,29百万円,-22,-2.27,947.07円,101回,72.8億円
1905,2020-01-30,949,953,09:02,915,13:13,922,29400株,27百万円,-24,-2.54,930.813円,100回,70.9億円
1905,2020-01-31,919,922,09:07,902,13:31,921,22400株,20百万円,-1,-0.11,912.964円,103回,70.9億円
1905,2020-02-03,910,920,11:03,900,09:13,911,22800株,21百万円,-10,-1.09,907.14円,54回,70.1億円
1905,2020-02-04,926,937,14:19,915,13:10,937,18800株,17百万円,+26,+2.85,926.181円,62回,72.1億円
1905,2020-02-05,945,945,09:00,926,13:47,940,23300株,22百万円,+3,+0.32,936.27円,103回,72.3億円
1905,2020-02-06,945,962,14:58,929,13:15,961,65700株,62百万円,+21,+2.23,941.352円,260回,73.9億円
1905,2020-02-07,972,998,14:01,968,09:05,991,60600株,60百万円,+30,+3.12,982.934円,241回,76.3億円
1905,2020-02-10,1015,1026,09:03,975,09:33,1000,58700株,59百万円,+9,+0.91,1004.83円,216回,76.9億円
1905,2020-02-12,1002,1017,11:24,1001,13:54,1011,23700株,24百万円,+11,+1.10,1009.92円,84回,77.8億円
1905,2020-02-13,1015,1020,14:44,1001,10:06,1016,28500株,29百万円,+5,+0.49,1011.133円,107回,78.2億円
1905,2020-02-14,997,1009,13:14,993,09:49,994,19100株,19百万円,-22,-2.17,998.942円,94回,76.5億円
1905,2020-02-17,993,998,09:00,968,09:12,985,14400株,14百万円,-9,-0.91,988.646円,87回,75.8億円
1905,2020-02-17,982,988,09:10,955,13:20,968,20000株,20百万円,-17,-1.73,976.275円,105回,74.5億円
1905,2020-02-18,979,980,09:02,968,13:31,970,4200株,4百万円,+2,+0.21,974.048円,32回,74.6億円
1905,2020-02-20,981,981,09:00,973,09:41,973,7300株,7百万円,+3,+0.31,976.973円,37回,74.9億円
1905,2020-02-21,973,984,12:47,968,09:10,982,8400株,8百万円,+9,+0.92,977.774円,47回,75.6億円
1905,2020-02-25,919,968,09:31,904,09:12,949,21700株,20百万円,-33,-3.36,936.977円,79回,73.0億円
1905,2020-02-26,919,939,09:09,906,12:35,913,11200株,10百万円,-36,-3.79,920.545円,58回,70.3億円
1905,2020-02-27,914,916,09:03,879,13:32,888,21300株,19百万円,-25,-2.74,902.235円,82回,68.3億円
1905,2020-02-28,843,869,09:08,830,12:54,836,21300株,18百万円,-52,-5.86,844.662円,101回,64.3億円
1905,2020-03-02,837,883,10:56,837,09:00,869,9600株,8百万円,+33,+3.95,862.885円,47回,66.9億円
1905,2020-03-03,896,896,09:03,862,14:59,862,12200株,11百万円,-7,-0.81,878.795円,55回,66.3億円
1905,2020-03-04,864,870,14:58,863,11:30,870,3200株,3百万円,+8,+0.93,867.062円,16回,66.9億円
1905,2020-03-05,872,880,10:51,862,14:58,862,11700株,10百万円,-8,-0.92,868.906円,29回,66.3億円
1905,2020-03-06,860,863,09:57,838,15:00,838,10900株,9百万円,-24,-2.78,853.092円,41回,64.5億円
1905,2020-03-06,811,822,09:44,782,12:31,785,23900株,19百万円,-53,-6.32,797.059円,146回,60.4億円
1905,2020-03-10,770,812,14:28,742,09:40,804,24000株,19百万円,+19,+2.42,775.275円,163回,61.9億円
1905,2020-03-11,819,829,14:57,805,11:30,825,9400株,8百万円,+21,+2.61,814.457円,59回,63.5億円
1905,2020-03-12,827,827,09:00,781,12:32,801,16300株,13百万円,-24,-2.91,806.583円,128回,61.6億円
1905,2020-03-13,741,778,09:17,685,11:14,749,54500株,40百万円,-52,-6.49,726.143円,199回,57.6億円
1905,2020-03-16,770,770,09:03,747,14:44,750,15800株,12百万円,+1,+0.13,757.335円,74回,57.7億円
1905,2020-03-17,705,737,10:36,700,09:19,712,60500株,43百万円,-38,-5.07,710.904円,158回,54.8億円
1905,2020-03-18,719,725,09:02,692,14:47,693,65200株,47百万円,-19,-2.67,714.002円,106回,53.3億円
1905,2020-03-19,710,710,09:03,652,12:57,666,27100株,18百万円,-27,-3.90,672.616円,143回,51.2億円
1905,2020-03-23,661,676,14:10,642,10:38,672,30300株,20百万円,+6,+0.90,655.845円,68回,51.7億円
1905,2020-03-24,682,714,11:10,680,09:18,708,39100株,27百万円,+36,+5.36,687.189円,54回,54.5億円
1905,2020-03-25,723,760,14:51,720,09:00,759,14900株,11百万円,+51,+7.20,736.094円,82回,58.4億円
1905,2020-03-26,744,744,09:01,721,10:08,730,7000株,5百万円,-29,-3.82,732.757円,48回,56.2億円
1905,2020-03-27,745,766,14:56,735,14:49,750,6000株,4百万円,+20,+2.74,748.383円,41回,57.7億円
1905,2020-03-30,739,739,09:00,710,13:37,711,5700株,4百万円,-39,-5.20,725.351円,29回,54.7億円
1905,2020-03-31,705,719,09:43,702,13:06,708,7700株,5百万円,-3,-0.42,708.974円,36回,54.5億円
1905,2020-04-01,701,714,11:24,691,15:00,691,10900株,8百万円,-17,-2.40,700.853円,55回,53.2億円
1905,2020-04-02,691,700,14:53,673,14:28,699,11800株,8百万円,+8,+1.16,691.907円,37回,53.8億円
1905,2020-04-03,702,728,09:13,693,14:39,702,11400株,8百万円,+3,+0.43,706.333円,47回,54.0億円
1905,2020-04-06,687,727,14:55,687,09:01,718,7000株,5百万円,+16,+2.28,703.757円,32回,55.2億円
1905,2020-04-07,719,738,09:12,705,14:44,727,11600株,8百万円,+9,+1.25,720.31円,53回,55.9億円
1905,2020-04-08,717,750,14:53,716,11:30,750,4300株,3百万円,+23,+3.16,727.558円,29回,57.7億円
1905,2020-04-09,751,757,10:37,740,14:59,746,6500株,5百万円,-4,-0.53,744.123円,27回,57.4億円
1905,2020-04-10,739,745,09:49,736,11:30,740,2900株,2百万円,-6,-0.80,740.138円,15回,56.9億円
1905,2020-04-13,740,752,13:00,730,10:19,738,6800株,5百万円,-2,-0.27,740.397円,38回,56.8億円
1905,2020-04-14,735,750,11:01,720,09:33,741,18900株,14百万円,+3,+0.41,736.693円,51回,57.0億円
1905,2020-04-15,744,746,11:15,732,14:59,741,3300株,2百万円,0,0,738.273円,19回,57.0億円
1905,2020-04-16,741,741,09:00,725,12:30,726,12700株,9百万円,-15,-2.02,727.228円,20回,55.9億円
1905,2020-04-17,735,749,14:00,735,09:31,749,7300株,5百万円,+23,+3.17,743.767円,30回,57.6億円
1905,2020-04-20,740,760,10:59,740,09:00,755,6700株,5百万円,+6,+0.80,755.015円,21回,58.1億円
1905,2020-04-21,755,755,09:00,739,12:45,744,7900株,6百万円,-11,-1.46,743.139円,35回,57.2億円
1905,2020-04-22,735,738,13:05,732,15:00,732,1100株,1百万円,-12,-1.61,733.546円,7回,56.3億円
1905,2020-04-23,747,766,12:37,735,09:17,762,16100株,12百万円,+30,+4.10,751.491円,50回,58.6億円
1905,2020-04-24,777,777,09:00,742,14:44,766,6300株,5百万円,+4,+0.52,759.936円,17回,58.9億円
1905,2020-04-27,770,771,14:52,759,13:23,771,4500株,3百万円,+5,+0.65,763.044円,16回,59.3億円
1905,2020-04-28,773,777,13:31,767,11:04,776,4600株,4百万円,+5,+0.65,771.978円,17回,59.7億円
1905,2020-04-30,785,814,12:56,783,09:15,804,23900株,19百万円,+28,+3.61,797.184円,45回,61.9億円
1905,2020-05-01,794,798,10:16,782,14:00,793,2300株,2百万円,-11,-1.37,792.391円,18回,61.0億円
1905,2020-05-07,820,820,09:03,800,09:20,813,3800株,3百万円,+20,+2.52,807.132円,11回,62.6億円
1905,2020-05-08,810,818,12:43,800,14:01,800,8400株,7百万円,-13,-1.60,806.524円,24回,61.6億円
1905,2020-05-11,800,811,09:33,786,09:46,799,11600株,9百万円,-1,-0.13,800.517円,45回,61.5億円,04/24,0.0,166.2,－
1905,2020-05-12,829,829,09:04,803,09:07,814,9200株,8百万円,+15,+1.88,818.457円,33回,62.6億円,05/01,0.0,178.2,－
1905,2020-05-13,786,795,14:24,774,09:06,788,11400株,9百万円,-26,-3.19,785.553円,39回,60.6億円,05/01,0.0,178.2,－
1905,2020-05-14,787,787,09:00,768,14:38,768,6400株,5百万円,-20,-2.54,778.812円,31回,59.1億円,05/01,0.0,178.2,－
1905,2020-05-15,775,778,09:54,761,09:00,765,6100株,5百万円,-3,-0.39,771.459円,22回,58.9億円,05/01,0.0,178.2,－
1905,2020-05-18,763,770,10:47,762,09:21,766,4300株,3百万円,+1,+0.13,763.791円,32回,58.9億円,05/01,0.0,178.2,－
1905,2020-05-19,781,786,09:16,763,15:00,763,7100株,5百万円,-3,-0.39,769.253円,27回,58.7億円,05/01,0.0,178.2,－
1905,2020-05-20,763,775,11:02,762,09:00,763,15300株,12百万円,0,0,764.163円,22回,58.7億円,05/01,0.0,178.2,－
1905,2020-05-21,780,787,14:59,764,09:03,787,19700株,15百万円,+24,+3.15,780.041円,54回,60.6億円,05/15,0.0,180.6,－
1905,2020-05-22,787,787,11:11,775,14:17,776,3000株,2百万円,-11,-1.40,779.5円,20回,59.7億円,05/15,0.0,180.6,－
