1914,2019-10-16,405,412,09:01,395,14:12,397,644300株,258百万円,-6,-1.49,400.941円,713回,122.46億円
1914,2019-10-17,394,394,09:00,378,14:59,378,278900株,108百万円,-19,-4.79,386.133円,392回,116.60億円
1914,2019-10-18,378,388,09:41,378,09:00,385,161600株,62百万円,+7,+1.85,382.562円,209回,118.76億円
1914,2019-10-21,383,398,12:47,383,09:00,398,101300株,40百万円,+13,+3.38,392.464円,198回,122.77億円
1914,2019-10-23,398,398,09:00,385,09:14,394,86000株,34百万円,-4,-1.01,389.98円,198回,121.53億円
1914,2019-10-24,392,393,09:11,387,10:11,387,76500株,30百万円,-7,-1.78,388.953円,106回,119.38億円
1914,2019-10-25,387,387,09:00,382,09:43,386,55300株,21百万円,-1,-0.26,384.651円,145回,119.07億円
1914,2019-10-28,388,391,09:00,382,12:34,382,63000株,24百万円,-4,-1.04,384.794円,147回,117.83億円
1914,2019-10-29,381,384,09:04,380,12:39,383,48200株,18百万円,+1,+0.26,382.162円,75回,118.14億円
1914,2019-10-30,383,396,14:59,382,09:07,396,127400株,50百万円,+13,+3.39,392.15円,179回,122.15億円
1914,2019-10-31,396,400,09:21,396,09:00,398,42000株,17百万円,+2,+0.51,397.288円,117回,122.77億円
1914,2019-11-01,392,393,09:00,387,09:49,389,40400株,16百万円,-9,-2.26,390.478円,97回,119.99億円
1914,2019-11-05,395,395,09:00,390,10:12,395,34100株,13百万円,+6,+1.54,393.982円,67回,121.84億円
1914,2019-11-07,390,394,14:25,390,09:00,392,20900株,8百万円,-3,-0.76,391.957円,55回,120.92億円
1914,2019-11-08,396,396,09:00,389,11:04,392,45900株,18百万円,0,0,391.834円,88回,120.92億円
1914,2019-11-11,393,393,09:00,387,13:58,387,39600株,15百万円,-5,-1.28,389.694円,109回,119.38億円
1914,2019-11-12,387,394,14:56,385,10:24,393,91900株,36百万円,+6,+1.55,388.206円,91回,121.23億円
1914,2019-11-13,392,394,10:59,390,09:03,392,29800株,12百万円,-1,-0.25,392.06円,51回,120.92億円
1914,2019-11-14,394,411,13:00,390,09:00,408,261900株,105百万円,+16,+4.08,401.32円,536回,125.85億円
1914,2019-11-15,403,407,09:08,395,09:28,400,108700株,44百万円,-8,-1.96,400.984円,216回,123.39億円
1914,2019-11-18,404,408,10:17,404,09:00,406,65000株,26百万円,+6,+1.50,405.648円,139回,125.24億円
1914,2019-11-19,410,413,09:04,406,11:18,410,100500株,41百万円,+4,+0.99,409.546円,145回,126.47億円
1914,2019-11-20,408,411,09:30,402,12:38,403,56300株,23百万円,-7,-1.71,406.284円,93回,124.31億円
1914,2019-11-21,399,408,14:50,396,10:47,405,79100株,32百万円,+2,+0.50,401.068円,177回,124.93億円
1914,2019-11-22,407,416,12:40,406,09:21,412,97400株,40百万円,+7,+1.73,411.746円,156回,127.09億円
1914,2019-11-25,420,424,09:08,412,12:55,418,104900株,44百万円,+6,+1.46,419.195円,149回,128.94億円
1914,2019-11-26,417,418,10:37,413,09:23,413,46600株,19百万円,-5,-1.20,415.828円,97回,127.40億円
1914,2019-11-27,413,413,09:00,405,10:31,405,60300株,25百万円,-8,-1.94,408.859円,113回,124.93億円
1914,2019-11-28,406,408,09:21,400,11:28,400,50800株,20百万円,-5,-1.23,402.592円,75回,123.39億円
1914,2019-11-29,401,404,10:16,400,09:21,402,61200株,25百万円,+2,+0.50,401.618円,92回,124.00億円
1914,2019-12-02,404,408,09:06,401,14:22,403,26100株,11百万円,+1,+0.25,403.969円,69回,124.31億円
1914,2019-12-03,402,402,09:00,395,12:33,401,65000株,26百万円,-2,-0.50,399.332円,94回,123.69億円
1914,2019-12-05,408,411,09:18,406,09:56,409,37900株,15百万円,+1,+0.25,408.673円,65回,126.16億円
1914,2019-12-06,410,425,13:26,409,09:03,424,187100株,78百万円,+15,+3.67,418.831円,233回,130.79億円
1914,2019-12-09,425,426,09:00,413,14:59,413,131100株,55百万円,-11,-2.59,420.452円,201回,127.40億円
1914,2019-12-10,416,421,14:05,413,10:31,420,71200株,30百万円,+7,+1.69,417.018円,160回,129.55億円
1914,2019-12-13,435,440,09:28,425,14:31,426,195900株,85百万円,-8,-1.84,432.864円,254回,131.41億円
1914,2019-12-16,426,426,09:00,410,13:19,413,126200株,52百万円,-13,-3.05,415.738円,195回,127.40億円
1914,2019-12-17,415,415,09:00,406,13:34,410,96300株,39百万円,-3,-0.73,409.468円,178回,126.47億円
1914,2019-12-18,408,410,09:00,401,13:34,404,83900株,34百万円,-6,-1.46,404.571円,153回,124.62億円
1914,2019-12-19,402,409,14:06,401,09:14,408,47700株,19百万円,+4,+0.99,406.067円,104回,125.85億円
1914,2019-12-20,406,418,14:59,403,09:32,417,110900株,46百万円,+9,+2.21,410.525円,139回,128.63億円
1914,2019-12-23,420,420,09:00,407,12:49,407,68300株,28百万円,-10,-2.40,413.078円,102回,125.54億円
1914,2019-12-24,412,412,09:00,406,10:13,407,20400株,8百万円,0,0,408.524円,52回,125.54億円
1914,2019-12-25,406,406,09:00,400,10:27,400,48700株,20百万円,-7,-1.72,402.928円,74回,123.39億円
1914,2019-12-26,404,404,09:00,399,09:34,404,45000株,18百万円,+4,+1.00,401.553円,70回,124.62億円
1914,2019-12-27,405,413,12:46,403,09:17,412,84100株,34百万円,+8,+1.98,409.672円,113回,127.09億円
1914,2019-12-30,412,412,09:00,408,09:08,410,21900株,9百万円,-2,-0.49,410.036円,49回,126.47億円
1914,2020-01-06,403,403,09:00,396,14:59,396,65000株,26百万円,-14,-3.41,399.799円,87回,122.15億円
1914,2020-01-07,405,408,14:24,401,09:43,406,68900株,28百万円,+10,+2.53,404.853円,81回,125.24億円
1914,2020-01-08,400,402,14:08,395,09:39,400,43400株,17百万円,-6,-1.48,398.283円,86回,123.39億円
1914,2020-01-09,403,410,14:52,401,09:19,410,41800株,17百万円,+10,+2.50,406.899円,92回,126.47億円
1914,2020-01-10,410,415,09:05,407,10:51,408,45800株,19百万円,-2,-0.49,410.29円,70回,125.85億円
1914,2020-01-14,408,413,09:07,406,09:02,408,45900株,19百万円,0,0,408.95円,74回,125.85億円
1914,2020-01-15,409,410,09:20,404,10:29,407,29300株,12百万円,-1,-0.25,406.365円,58回,125.54億円
1914,2020-01-16,407,407,09:00,399,10:21,401,37700株,15百万円,-6,-1.47,401.478円,61回,123.69億円
1914,2020-01-17,400,403,11:05,400,09:00,401,37400株,15百万円,0,0,401.521円,64回,123.69億円
1914,2020-01-20,401,406,12:58,400,14:42,402,45500株,18百万円,+1,+0.25,402.389円,83回,124.00億円
1914,2020-01-21,402,407,14:55,402,09:00,407,25000株,10百万円,+5,+1.24,404.968円,63回,125.54億円
1914,2020-01-22,406,415,10:27,406,09:00,413,57100株,24百万円,+6,+1.47,412.266円,114回,127.40億円
1914,2020-01-23,411,412,09:04,402,14:10,404,72300株,29百万円,-9,-2.18,405.4円,113回,124.62億円
1914,2020-01-24,404,405,09:00,400,09:13,402,58600株,24百万円,-2,-0.50,401.638円,144回,124.00億円
1914,2020-01-27,400,400,09:00,394,09:12,395,81700株,32百万円,-7,-1.74,396.363円,222回,121.84億円
1914,2020-01-28,392,394,09:02,388,09:23,391,52700株,21百万円,-4,-1.01,390.609円,143回,120.61億円
1914,2020-01-29,393,394,09:00,387,13:56,389,53400株,21百万円,-2,-0.51,390.504円,102回,120億円
1914,2020-01-30,387,391,09:04,382,13:05,384,89000株,34百万円,-5,-1.29,385.635円,230回,118億円
1914,2020-01-31,386,395,10:10,386,09:00,393,31200株,12百万円,+9,+2.34,390.766円,61回,121億円
1914,2020-02-03,385,389,09:12,384,14:47,385,49400株,19百万円,-8,-2.04,386.051円,85回,119億円
1914,2020-02-04,383,395,14:05,383,09:00,392,41900株,16百万円,+7,+1.82,390.055円,121回,121億円
1914,2020-02-05,396,403,14:25,393,09:06,401,47200株,19百万円,+9,+2.30,398.638円,89回,124億円
1914,2020-02-06,401,410,13:20,401,09:00,409,78100株,32百万円,+8,+2.00,407.379円,153回,126億円
1914,2020-02-07,408,411,09:03,402,15:00,402,43900株,18百万円,-7,-1.71,406.526円,110回,124億円
1914,2020-02-10,401,410,12:32,400,09:00,408,66500株,27百万円,+6,+1.49,405.525円,129回,126億円
1914,2020-02-12,410,412,09:20,404,14:34,404,75100株,31百万円,-4,-0.98,407.723円,145回,125億円
1914,2020-02-13,407,409,15:00,398,10:46,409,45300株,18百万円,+5,+1.24,404.512円,115回,126億円
1914,2020-02-14,409,420,10:58,375,15:00,375,300900株,119百万円,-34,-8.31,393.841円,629回,116億円
1914,2020-02-17,375,375,09:00,360,09:44,363,85500株,31百万円,-12,-3.20,365.851円,193回,112億円
1914,2020-02-17,361,365,09:40,360,09:14,361,53500株,19百万円,-2,-0.55,361.189円,130回,111億円
1914,2020-02-18,360,368,12:30,360,09:00,365,38900株,14百万円,+4,+1.11,365.702円,125回,113億円
1914,2020-02-20,367,371,10:03,363,13:58,363,50800株,19百万円,-2,-0.55,366.632円,160回,112億円
1914,2020-02-21,364,366,14:45,362,11:22,364,32200株,12百万円,+1,+0.28,363.593円,89回,112億円
1914,2020-02-25,356,358,09:40,348,14:24,351,108600株,38百万円,-13,-3.57,353.674円,224回,108億円
1914,2020-02-26,345,345,09:00,340,10:58,344,53300株,18百万円,-7,-1.99,343.054円,124回,106億円
1914,2020-02-27,344,345,09:00,327,14:03,328,67000株,22百万円,-16,-4.65,333.316円,130回,101億円
1914,2020-02-28,321,323,09:01,310,14:25,311,85800株,27百万円,-17,-5.18,314.993円,172回,95.9億円
1914,2020-03-02,313,327,12:58,307,09:21,325,95600株,30百万円,+14,+4.50,317.56円,194回,100億円
1914,2020-03-03,335,344,09:47,325,15:00,325,109100株,37百万円,0,0,334.948円,193回,100億円
1914,2020-03-04,322,328,09:45,321,09:03,322,50200株,16百万円,-3,-0.92,324.187円,81回,99.3億円
1914,2020-03-05,325,328,09:38,319,13:49,320,40500株,13百万円,-2,-0.62,322.037円,78回,98.7億円
1914,2020-03-06,318,351,14:04,312,12:59,340,373300株,126百万円,+20,+6.25,337.734円,582回,105億円
1914,2020-03-06,320,331,13:55,320,09:06,327,218800株,71百万円,-13,-3.82,323.737円,352回,101億円
1914,2020-03-10,313,355,13:03,304,09:36,355,367500株,123百万円,+28,+8.56,335.097円,477回,110億円
1914,2020-03-11,355,358,12:32,347,14:22,349,260600株,92百万円,-6,-1.69,351.637円,426回,108億円
1914,2020-03-12,349,351,09:54,341,09:02,343,164600株,57百万円,-6,-1.72,345.227円,300回,106億円
1914,2020-03-13,325,346,14:26,324,09:06,342,197900株,66百万円,-1,-0.29,332.264円,335回,105億円
1914,2020-03-16,345,345,09:00,332,14:57,333,148600株,50百万円,-9,-2.63,339.789円,381回,103億円
1914,2020-03-17,330,367,14:59,327,09:07,364,263200株,91百万円,+31,+9.31,344.761円,543回,112億円
1914,2020-03-18,360,367,09:12,360,09:00,363,156300株,57百万円,-1,-0.27,363.509円,378回,112億円
1914,2020-03-19,364,365,09:02,349,11:26,359,141000株,50百万円,-4,-1.10,356.372円,433回,111億円
1914,2020-03-23,359,366,15:00,347,10:49,366,102300株,36百万円,+7,+1.95,356.138円,400回,113億円
1914,2020-03-24,370,376,09:27,358,13:35,366,90600株,33百万円,0,0,368.349円,201回,113億円
1914,2020-03-25,376,379,14:59,366,12:44,379,104200株,39百万円,+13,+3.55,373.54円,187回,117億円
1914,2020-03-26,373,379,14:59,363,09:32,379,65600株,25百万円,0,0,373.562円,168回,117億円
1914,2020-03-27,380,393,15:00,379,09:00,393,136000株,53百万円,+14,+3.69,386.235円,259回,121億円
1914,2020-03-30,382,385,09:02,374,13:55,381,84200株,32百万円,-12,-3.05,378.977円,181回,118億円
1914,2020-03-31,377,377,09:00,363,13:40,368,39800株,15百万円,-13,-3.41,370.46円,102回,114億円
1914,2020-04-01,366,367,11:13,354,14:47,355,62000株,22百万円,-13,-3.53,359.893円,135回,110億円
1914,2020-04-02,345,349,09:03,343,13:59,344,47300株,16百万円,-11,-3.10,345.044円,91回,106億円
1914,2020-04-03,344,347,09:20,333,14:38,337,40300株,14百万円,-7,-2.03,340.273円,115回,104億円
1914,2020-04-06,335,357,14:49,332,09:11,357,98200株,34百万円,+20,+5.93,342.062円,160回,110億円
1914,2020-04-07,359,374,15:00,358,09:01,374,50300株,18百万円,+17,+4.76,365.575円,139回,115億円
1914,2020-04-08,374,385,10:36,372,12:33,385,62800株,24百万円,+11,+2.94,379.855円,166回,119億円
1914,2020-04-09,385,385,09:00,375,13:22,378,45200株,17百万円,-7,-1.82,378.48円,107回,117億円
1914,2020-04-10,385,397,12:45,379,09:06,395,88800株,35百万円,+17,+4.50,389.417円,142回,122億円
1914,2020-04-13,395,396,09:00,388,13:01,388,50000株,20百万円,-7,-1.77,392.06円,116回,120億円
1914,2020-04-14,386,391,13:43,385,13:45,388,38100株,15百万円,0,0,387.252円,99回,120億円
1914,2020-04-15,386,387,09:01,383,09:26,384,26000株,10百万円,-4,-1.03,384.827円,69回,118億円
1914,2020-04-16,380,398,14:59,380,09:00,398,45300株,18百万円,+14,+3.65,390.764円,92回,123億円
1914,2020-04-17,395,406,09:40,395,09:00,396,69500株,28百万円,-2,-0.50,399.341円,140回,122億円
1914,2020-04-20,392,393,09:00,384,14:46,388,62400株,24百万円,-8,-2.02,388.99円,165回,120億円
1914,2020-04-21,383,394,13:38,381,09:34,392,53000株,20百万円,+4,+1.03,386.615円,108回,121億円
1914,2020-04-22,390,401,13:13,387,09:04,399,67600株,27百万円,+7,+1.79,394.497円,172回,123億円
1914,2020-04-23,397,399,09:02,387,09:07,393,109000株,43百万円,-6,-1.50,391.796円,164回,121億円
1914,2020-04-24,389,397,15:00,386,09:02,397,59700株,23百万円,+4,+1.02,390.846円,99回,122億円
1914,2020-04-27,396,396,09:00,390,10:14,394,40300株,16百万円,-3,-0.76,393.576円,112回,122億円
1914,2020-04-28,393,410,14:47,393,09:00,402,83800株,34百万円,+8,+2.03,402.266円,160回,124億円
1914,2020-04-30,409,417,12:55,406,09:00,415,95600株,39百万円,+13,+3.23,411.129円,100回,128億円
1914,2020-05-01,411,414,09:04,407,14:59,408,59000株,24百万円,-7,-1.69,409.714円,82回,126億円
1914,2020-05-07,405,411,09:51,405,09:00,406,49500株,20百万円,-2,-0.49,407.133円,85回,125億円
1914,2020-05-08,404,406,09:03,396,12:37,402,76300株,31百万円,-4,-0.99,402.46円,143回,124億円
1914,2020-05-11,402,405,14:59,400,09:46,405,64700株,26百万円,+3,+0.75,401.583円,152回,125億円,04/24,36.4,229.6,6.31
1914,2020-05-12,405,405,09:00,398,14:50,401,55100株,22百万円,-4,-0.99,402.042円,102回,124億円,05/01,38.9,230.9,5.94
1914,2020-05-13,397,404,14:59,396,12:30,402,25200株,10百万円,+1,+0.25,399.341円,35回,124億円,05/01,38.9,230.9,5.94
1914,2020-05-14,402,404,12:30,400,15:00,400,16500株,7百万円,-2,-0.50,401.758円,26回,123億円,05/01,38.9,230.9,5.94
1914,2020-05-15,401,419,14:46,399,09:19,417,102800株,42百万円,+17,+4.25,410.118円,238回,129億円,05/01,38.9,230.9,5.94
1914,2020-05-18,417,426,09:31,417,09:00,426,115100株,49百万円,+9,+2.16,422.266円,167回,131億円,05/01,38.9,230.9,5.94
1914,2020-05-19,430,436,09:16,425,15:00,425,85700株,37百万円,-1,-0.23,430.104円,135回,131億円,05/01,38.9,230.9,5.94
1914,2020-05-20,425,430,09:31,423,13:02,423,61600株,26百万円,-2,-0.47,425.588円,119回,130億円,05/01,38.9,230.9,5.94
1914,2020-05-21,423,426,14:34,420,09:30,423,39800株,17百万円,0,0,422.761円,79回,130億円,05/15,39.5,232.3,5.88
1914,2020-05-22,422,427,09:29,417,15:00,417,35000株,15百万円,-6,-1.42,422.197円,67回,129億円,05/15,39.5,232.3,5.88
