1973,2019-12-17,3610,3620,09:00,3545,13:29,3575,118000株,422百万円,-5,-0.14,3573.093円,427回,1779.41億円
1973,2019-12-18,3585,3600,12:30,3545,14:22,3570,105400株,377百万円,-5,-0.14,3573.487円,427回,1776.92億円
1973,2019-12-19,3570,3635,09:24,3570,09:00,3570,102200株,367百万円,0,0,3595.67円,388回,1776.92億円
1973,2019-12-20,3560,3595,13:02,3555,09:30,3580,69400株,248百万円,+10,+0.28,3579.063円,256回,1781.90億円
1973,2019-12-23,3605,3615,09:24,3580,10:38,3585,52000株,187百万円,+5,+0.14,3595.817円,224回,1784.39億円
1973,2019-12-24,3710,3745,09:04,3635,09:33,3685,181000株,668百万円,+100,+2.79,3690.097円,613回,1834.16億円
1973,2019-12-25,3755,3800,12:30,3725,09:08,3760,177400株,668百万円,+75,+2.04,3764.171円,552回,1871.50億円
1973,2019-12-26,3720,3760,10:48,3700,09:00,3760,84700株,317百万円,0,0,3740.006円,294回,1871.50億円
1973,2019-12-27,3740,3915,12:54,3740,09:00,3870,184700株,714百万円,+110,+2.93,3867.956円,716回,1926.25億円
1973,2019-12-30,3910,3920,12:57,3825,09:33,3870,158900株,617百万円,0,0,3881.52円,568回,1926.25億円
1973,2020-01-06,3845,3930,10:07,3825,09:00,3905,170600株,664百万円,+35,+0.90,3892.233円,645回,1943.67億円
1973,2020-01-07,3970,4045,09:02,3920,09:27,4020,166400株,664百万円,+115,+2.94,3988.146円,613回,2000.91億円
1973,2020-01-08,3995,4000,12:52,3900,09:22,3965,140700株,556百万円,-55,-1.37,3952.37円,553回,1973.53億円
1973,2020-01-09,4015,4025,09:00,3965,09:04,4020,103600株,415百万円,+55,+1.39,4001.762円,431回,2000.91億円
1973,2020-01-10,4060,4060,09:00,3975,09:55,4030,143100株,574百万円,+10,+0.25,4012.589円,472回,2005.88億円
1973,2020-01-14,4080,4135,09:05,4075,09:00,4120,167700株,689百万円,+90,+2.23,4109.281円,674回,2050.68億円
1973,2020-01-15,4120,4180,13:19,4065,09:12,4140,189500株,783百万円,+20,+0.49,4132.541円,687回,2060.64億円
1973,2020-01-16,4100,4125,09:03,4085,09:09,4120,96200株,395百万円,-20,-0.48,4107.36円,425回,2050.68億円
1973,2020-01-17,4255,4255,09:03,4075,14:27,4100,209200株,866百万円,-20,-0.49,4138.573円,864回,2040.73億円
1973,2020-01-20,4100,4125,09:02,4035,11:01,4095,127300株,519百万円,-5,-0.12,4076.002円,527回,2038.24億円
1973,2020-01-21,4130,4235,12:30,4120,09:40,4200,234900株,987百万円,+105,+2.56,4202.182円,701回,2090.50億円
1973,2020-01-22,4205,4255,11:02,4185,09:04,4210,113100株,477百万円,+10,+0.24,4215.389円,449回,2095.48億円
1973,2020-01-23,4280,4290,10:03,4195,09:22,4250,291800株,1240百万円,+40,+0.95,4250.279円,1004回,2115.39億円
1973,2020-01-24,4305,4350,14:55,4270,09:30,4335,225800株,973百万円,+85,+2.00,4310.275円,817回,2157.69億円
1973,2020-01-27,4245,4315,09:12,4230,09:03,4295,151700株,651百万円,-40,-0.92,4289.011円,556回,2137.79億円
1973,2020-01-28,4155,4200,09:06,4140,09:58,4200,275200株,1149百万円,-95,-2.21,4175.545円,880回,2090.50億円
1973,2020-01-29,4140,4195,12:30,4075,09:02,4150,292000株,1209百万円,-50,-1.19,4141.75円,1051回,2066億円
1973,2020-01-30,4130,4130,09:00,3930,12:30,3970,261600株,1048百万円,-180,-4.34,4007.234円,1176回,1976億円
1973,2020-01-31,4110,4175,10:48,4050,09:29,4115,182400株,753百万円,+145,+3.65,4129.104円,664回,2048億円
1973,2020-02-03,4045,4230,12:41,4040,09:00,4170,205100株,855百万円,+55,+1.34,4166.485円,761回,2076億円
1973,2020-02-04,4105,4210,14:14,4100,09:00,4195,212400株,885百万円,+25,+0.60,4164.87円,841回,2088億円
1973,2020-02-05,4240,4250,09:16,4175,09:52,4205,143500株,604百万円,+10,+0.24,4207.958円,592回,2093億円
1973,2020-02-06,4225,4245,09:00,4180,10:52,4200,106300株,446百万円,-5,-0.12,4198.504円,470回,2091億円
1973,2020-02-07,4215,4220,09:00,4180,09:48,4215,94500株,397百万円,+15,+0.36,4201.825円,430回,2098億円
1973,2020-02-10,4155,4255,09:48,4155,09:00,4200,113000株,477百万円,-15,-0.36,4223.951円,417回,2091億円
1973,2020-02-12,4245,4265,12:33,4195,09:36,4235,106000株,448百万円,+35,+0.83,4230.599円,421回,2108億円
1973,2020-02-13,4170,4240,13:16,4150,09:42,4215,111300株,468百万円,-20,-0.47,4205.274円,533回,2098億円
1973,2020-02-14,4185,4240,14:27,4170,11:03,4230,110700株,466百万円,+15,+0.36,4214.07円,424回,2105億円
1973,2020-02-17,4245,4375,12:38,4230,09:01,4325,185300株,799百万円,+95,+2.25,4309.87円,761回,2153億円
1973,2020-02-17,4295,4300,09:00,4135,13:15,4180,141200株,593百万円,-145,-3.35,4201.611円,540回,2081億円
1973,2020-02-18,4205,4265,09:07,4185,12:54,4215,154300株,650百万円,+35,+0.84,4211.808円,771回,2098億円
1973,2020-02-20,4200,4240,14:07,4185,09:12,4220,91000株,384百万円,+5,+0.12,4217.659円,406回,2100億円
1973,2020-02-21,4195,4240,13:06,4180,09:02,4210,107300株,451百万円,-10,-0.24,4206.449円,470回,2095億円
1973,2020-02-25,4070,4160,14:44,4020,09:03,4140,115600株,476百万円,-70,-1.66,4114.71円,468回,2061億円
1973,2020-02-26,4055,4175,12:39,4055,09:03,4145,155000株,641百万円,+5,+0.12,4132.845円,613回,2063億円
1973,2020-02-27,4105,4120,10:08,4060,12:49,4090,171700株,702百万円,-55,-1.33,4086.197円,612回,2036億円
1973,2020-02-28,3975,4015,10:00,3950,09:20,3975,192700株,766百万円,-115,-2.81,3976.938円,733回,1979億円
1973,2020-03-02,3920,4155,12:36,3900,09:00,4070,208200株,846百万円,+95,+2.39,4062.375円,1016回,2026億円
1973,2020-03-03,4165,4180,09:03,4050,14:59,4050,224300株,918百万円,-20,-0.49,4090.872円,1004回,2016億円
1973,2020-03-04,4020,4085,09:58,3965,09:01,3995,207700株,834百万円,-55,-1.36,4017.795円,953回,1988億円
1973,2020-03-05,4065,4080,09:32,4000,09:06,4065,148400株,601百万円,+70,+1.75,4051.243円,604回,2023億円
1973,2020-03-06,4000,4045,09:21,3985,10:34,4000,195800株,784百万円,-65,-1.60,4003.864円,846回,1991億円
1973,2020-03-06,3885,3950,12:30,3835,10:50,3880,220700株,859百万円,-120,-3.00,3891.319円,921回,1931億円
1973,2020-03-10,3800,4035,14:20,3690,09:35,3995,275200株,1072百万円,+115,+2.96,3896.684円,1466回,1988億円
1973,2020-03-11,3935,4055,09:12,3875,14:23,3875,239000株,943百万円,-120,-3.00,3945.299円,1046回,1929億円
1973,2020-03-12,3705,3805,09:15,3620,12:30,3645,371200株,1364百万円,-230,-5.94,3675.893円,1624回,1814億円
1973,2020-03-13,3505,3745,14:19,3410,10:20,3680,338000株,1208百万円,+35,+0.96,3575.17円,1473回,1832億円
1973,2020-03-16,3785,3810,10:08,3590,14:56,3590,303100株,1124百万円,-90,-2.45,3707.022円,1351回,1787億円
1973,2020-03-17,3535,3965,14:24,3530,09:02,3905,316200株,1206百万円,+315,+8.77,3813.316円,1624回,1944億円
1973,2020-03-18,3975,4095,09:41,3920,11:27,3940,289200株,1155百万円,+35,+0.90,3993.949円,1453回,1961億円
1973,2020-03-19,4055,4155,09:33,3885,14:59,3885,308600株,1231百万円,-55,-1.40,3987.544円,1549回,1934億円
1973,2020-03-23,3745,3755,09:03,3330,12:32,3460,414800株,1438百万円,-425,-10.94,3467.668円,2066回,1722億円
1973,2020-03-24,3530,3630,09:03,3425,10:27,3450,350800株,1227百万円,-10,-0.29,3496.913円,1476回,1717億円
1973,2020-03-25,3625,3820,09:46,3535,09:11,3710,488100株,1796百万円,+260,+7.54,3679.608円,2088回,1847億円
1973,2020-03-26,3920,4025,13:53,3730,09:52,3955,302800株,1184百万円,+245,+6.60,3910.267円,1352回,1969億円
1973,2020-03-27,4070,4400,15:00,3990,09:07,4400,414800株,1767百万円,+445,+11.25,4260.571円,1670回,2190億円
1973,2020-03-30,4350,4450,09:07,4175,09:33,4350,352400株,1516百万円,-50,-1.14,4301.931円,1452回,2165億円
1973,2020-03-31,4360,4455,09:23,4260,09:00,4400,480900株,2109百万円,+50,+1.15,4385.759円,1953回,2190億円
1973,2020-04-01,4190,4240,09:12,4005,14:50,4045,355500株,1471百万円,-355,-8.07,4136.443円,1556回,2013億円
1973,2020-04-02,4050,4075,09:02,3935,10:35,3945,195500株,779百万円,-100,-2.47,3986.985円,799回,1964億円
1973,2020-04-03,3865,4035,10:57,3835,14:30,3845,318000株,1245百万円,-100,-2.53,3914.66円,1554回,1914億円
1973,2020-04-06,3810,3970,14:57,3740,09:51,3945,236800株,912百万円,+100,+2.60,3852.386円,1266回,1964億円
1973,2020-04-07,4100,4135,10:08,3985,13:01,4075,190400株,776百万円,+130,+3.30,4073.892円,917回,2028億円
1973,2020-04-08,4030,4220,14:26,4030,09:00,4185,183800株,759百万円,+110,+2.70,4128.909円,788回,2083億円
1973,2020-04-09,4130,4305,14:59,4120,09:01,4290,203200株,861百万円,+105,+2.51,4237.913円,913回,2135億円
1973,2020-04-10,4285,4510,13:19,4245,09:37,4460,236400株,1043百万円,+170,+3.96,4411.043円,1046回,2220億円
1973,2020-04-13,4390,4525,14:19,4320,09:09,4490,182600株,812百万円,+30,+0.67,4444.576円,874回,2235億円
1973,2020-04-14,4540,4635,09:14,4520,09:00,4615,193700株,887百万円,+125,+2.78,4580.039円,868回,2297億円
1973,2020-04-15,4605,4720,12:52,4515,09:03,4700,239900株,1118百万円,+85,+1.84,4660.361円,1041回,2339億円
1973,2020-04-16,4700,4860,12:30,4695,09:00,4830,230200株,1107百万円,+130,+2.77,4810.022円,1045回,2404億円
1973,2020-04-17,4880,4905,09:02,4690,09:58,4810,356100株,1710百万円,-20,-0.41,4800.632円,1742回,2394億円
1973,2020-04-20,4750,4870,09:22,4690,14:48,4725,190100株,905百万円,-85,-1.77,4761.839円,955回,2352億円
1973,2020-04-21,4725,4810,10:44,4640,09:00,4710,239000株,1132百万円,-15,-0.32,4736.28円,1291回,2344億円
1973,2020-04-22,4570,4645,12:36,4515,09:05,4625,199000株,915百万円,-85,-1.80,4595.688円,982回,2302億円
1973,2020-04-23,4625,4640,09:00,4455,14:27,4510,282100株,1278百万円,-115,-2.49,4529.245円,1116回,2245億円
1973,2020-04-24,4460,4515,14:02,4315,09:00,4515,368700株,1630百万円,+5,+0.11,4420.652円,1607回,2247億円
1973,2020-04-27,4625,4675,09:03,4485,10:44,4580,324300株,1481百万円,+65,+1.44,4567.9円,1394回,2280億円
1973,2020-04-28,4580,5090,14:59,4465,09:04,5060,560000株,2720百万円,+480,+10.48,4857.63円,2271回,2519億円
1973,2020-04-30,5060,5130,09:01,4635,13:41,4670,626200株,2991百万円,-390,-7.71,4776.476円,2734回,2324億円
1973,2020-05-01,4625,4815,13:01,4620,09:00,4760,362000株,1718百万円,+90,+1.93,4746.388円,1620回,2369億円
1973,2020-05-07,4840,4970,12:52,4815,09:47,4930,368900株,1811百万円,+170,+3.57,4909.169円,1485回,2454億円
1973,2020-05-08,4905,4975,09:05,4810,11:09,4900,251200株,1228百万円,-30,-0.61,4888.983円,1205回,2439億円
1973,2020-05-11,4935,4950,09:00,4725,12:37,4785,289300株,1387百万円,-115,-2.35,4793.911円,1269回,2382億円,05/01,24.8,89.8,3.62
1973,2020-05-12,4815,4925,13:17,4750,09:03,4895,226500株,1102百万円,+110,+2.30,4863.817円,922回,2436億円,05/01,24.8,89.8,3.62
1973,2020-05-13,4890,5200,14:16,4875,09:00,5180,401800株,2043百万円,+285,+5.82,5084.762円,1349回,2578億円,05/01,24.8,89.8,3.62
1973,2020-05-14,5230,5330,10:18,5090,14:59,5120,337900株,1763百万円,-60,-1.16,5216.993円,1207回,2548億円,05/01,24.8,89.8,3.62
1973,2020-05-15,5150,5390,13:03,5100,09:07,5240,340100株,1794百万円,+120,+2.34,5274.902円,1355回,2608億円,05/01,24.8,89.8,3.62
1973,2020-05-18,5210,5330,09:32,5150,12:45,5260,268800株,1410百万円,+20,+0.38,5244.248円,860回,2618億円,05/01,24.8,89.8,3.62
1973,2020-05-19,5300,5300,09:00,5180,13:25,5240,307800株,1608百万円,-20,-0.38,5225.565円,1246回,2608億円,05/01,24.8,89.8,3.62
1973,2020-05-20,5240,5450,14:55,5210,09:00,5420,351800株,1889百万円,+180,+3.44,5368.957円,1140回,2698億円,05/01,24.8,89.8,3.62
1973,2020-05-21,5470,5600,14:44,5380,09:00,5560,408300株,2250百万円,+140,+2.58,5510.211円,1241回,2767億円,05/15,28.1,118.6,4.22
1973,2020-05-22,5640,5830,10:03,5620,09:00,5660,498400株,2852百万円,+100,+1.80,5722.825円,1795回,2817億円,05/15,28.1,118.6,4.22
