2151,2019-12-17,1300,1319,14:59,1288,09:04,1319,106500株,139百万円,+21,+1.62,1308.472円,380回,323.84億円
2151,2019-12-18,1313,1313,09:00,1277,13:31,1296,116200株,150百万円,-23,-1.74,1290.741円,461回,318.19億円
2151,2019-12-19,1298,1303,09:14,1273,12:38,1273,69100株,89百万円,-23,-1.77,1283.038円,288回,312.55億円
2151,2019-12-20,1273,1277,12:51,1255,09:55,1268,109300株,138百万円,-5,-0.39,1266.231円,445回,311.32億円
2151,2019-12-23,1262,1265,09:00,1228,12:30,1237,157100株,195百万円,-31,-2.44,1239.713円,617回,303.71億円
2151,2019-12-24,1237,1249,13:52,1230,09:00,1243,72600株,90百万円,+6,+0.49,1239.788円,301回,305.18億円
2151,2019-12-25,1240,1241,12:38,1228,09:34,1240,95300株,118百万円,-3,-0.24,1235.229円,315回,304.44億円
2151,2019-12-26,1236,1242,14:59,1231,09:21,1242,60700株,75百万円,+2,+0.16,1236.512円,252回,304.94億円
2151,2019-12-27,1239,1256,14:31,1237,09:08,1255,58600株,73百万円,+13,+1.05,1247.956円,244回,308.13億円
2151,2019-12-30,1255,1268,14:51,1240,09:05,1267,79300株,100百万円,+12,+0.96,1258.865円,335回,311.07億円
2151,2020-01-06,1256,1256,09:00,1229,12:35,1233,85000株,105百万円,-34,-2.68,1237.848円,310回,302.73億円
2151,2020-01-07,1244,1265,12:30,1242,09:00,1264,112200株,141百万円,+31,+2.51,1258.684円,431回,310.34億円
2151,2020-01-08,1245,1245,09:00,1206,09:41,1236,126000株,154百万円,-28,-2.22,1226.146円,542回,303.46億円
2151,2020-01-09,1264,1273,09:27,1247,13:50,1254,87300株,110百万円,+18,+1.46,1260.836円,418回,307.88億円
2151,2020-01-10,1250,1250,09:00,1226,12:32,1236,84300株,104百万円,-18,-1.44,1233.503円,351回,303.46億円
2151,2020-01-14,1239,1244,09:00,1225,12:34,1233,60500株,74百万円,-3,-0.24,1231.086円,265回,302.73億円
2151,2020-01-15,1227,1227,09:00,1203,13:28,1223,96500株,117百万円,-10,-0.81,1215.938円,358回,300.27億円
2151,2020-01-16,1223,1227,09:34,1207,15:00,1207,56200株,68百万円,-16,-1.31,1213.854円,216回,296.34億円
2151,2020-01-17,1213,1217,09:00,1192,10:44,1200,82300株,99百万円,-7,-0.58,1199.912円,294回,294.62億円
2151,2020-01-20,1202,1214,09:40,1199,09:01,1202,42500株,51百万円,+2,+0.17,1204.786円,199回,295.12億円
2151,2020-01-21,1209,1224,12:36,1209,09:00,1221,60100株,73百万円,+19,+1.58,1217.013円,276回,299.78億円
2151,2020-01-22,1212,1228,12:31,1209,09:00,1217,96100株,117百万円,-4,-0.33,1218.632円,329回,298.80億円
2151,2020-01-23,1223,1231,09:02,1214,09:31,1217,71100株,87百万円,0,0,1220.274円,322回,298.80億円
2151,2020-01-24,1218,1231,09:10,1213,09:05,1221,66700株,82百万円,+4,+0.33,1222.526円,336回,299.78億円
2151,2020-01-27,1192,1217,11:03,1175,09:02,1200,117800株,141百万円,-21,-1.72,1199.737円,505回,294.62億円
2151,2020-01-28,1183,1200,14:37,1165,09:31,1198,137600株,163百万円,-2,-0.17,1184.456円,523回,294.13億円
2151,2020-01-29,1198,1198,09:00,1173,10:00,1187,101200株,120百万円,-11,-0.92,1182.172円,490回,291億円
2151,2020-01-30,1180,1182,09:04,1151,11:27,1166,188400株,220百万円,-21,-1.77,1165.23円,792回,286億円
2151,2020-01-31,1003,1129,14:27,981,09:46,1083,1033200株,1090百万円,-83,-7.12,1054.57円,4027回,266億円
2151,2020-02-03,1056,1061,09:00,1018,09:27,1030,290000株,300百万円,-53,-4.89,1032.908円,1132回,253億円
2151,2020-02-04,1040,1081,10:06,1038,09:00,1074,222400株,237百万円,+44,+4.27,1063.828円,837回,264億円
2151,2020-02-05,1080,1099,09:01,1057,09:59,1070,143200株,153百万円,-4,-0.37,1070.044円,716回,263億円
2151,2020-02-06,1083,1090,14:59,1073,10:59,1090,120100株,130百万円,+20,+1.87,1083.326円,477回,268億円
2151,2020-02-07,1084,1084,09:00,1058,10:07,1080,142100株,153百万円,-10,-0.92,1076.297円,603回,265億円
2151,2020-02-10,1065,1071,09:05,1049,14:26,1056,111100株,117百万円,-24,-2.22,1056.403円,463回,259億円
2151,2020-02-12,1067,1073,09:01,1060,09:07,1063,67200株,72百万円,+7,+0.66,1065.216円,336回,261億円
2151,2020-02-13,1060,1070,10:44,1050,09:19,1065,77900株,83百万円,+2,+0.19,1060.519円,387回,261億円
2151,2020-02-14,1060,1072,09:05,1056,09:00,1066,108900株,116百万円,+1,+0.09,1063.545円,466回,262億円
2151,2020-02-17,1050,1064,09:00,1030,13:19,1034,117000株,122百万円,-32,-3.00,1043.827円,516回,254億円
2151,2020-02-17,1034,1043,09:02,1008,12:49,1017,108900株,111百万円,-17,-1.64,1018.671円,444回,250億円
2151,2020-02-18,1019,1031,09:13,1012,09:28,1017,101800株,104百万円,0,0,1020.401円,400回,250億円
2151,2020-02-20,1016,1037,09:32,1013,14:25,1014,95000株,97百万円,-3,-0.29,1022.437円,370回,249億円
2151,2020-02-21,1010,1016,09:15,998,13:58,1000,124100株,125百万円,-14,-1.38,1003.727円,440回,246億円
2151,2020-02-25,960,978,13:47,948,09:06,964,194600株,188百万円,-36,-3.60,966.237円,665回,237億円
2151,2020-02-26,964,965,09:01,937,10:48,947,146200株,138百万円,-17,-1.76,946.246円,584回,233億円
2151,2020-02-27,939,948,09:40,923,09:10,926,173000株,161百万円,-21,-2.22,931.582円,688回,227億円
2151,2020-02-28,886,898,09:59,869,14:54,873,311500株,275百万円,-53,-5.72,881.902円,1133回,214億円
2151,2020-03-02,865,943,12:40,865,09:00,931,223700株,204百万円,+58,+6.64,909.912円,890回,229億円
2151,2020-03-03,957,963,09:04,924,15:00,924,160200株,151百万円,-7,-0.75,940.528円,881回,227億円
2151,2020-03-04,898,924,12:33,898,09:03,906,105600株,96百万円,-18,-1.95,911.385円,492回,222億円
2151,2020-03-05,926,954,12:37,925,09:03,934,162200株,153百万円,+28,+3.09,942.195円,705回,229億円
2151,2020-03-06,928,931,09:17,898,11:15,903,138800株,126百万円,-31,-3.32,909.308円,686回,222億円
2151,2020-03-06,868,879,09:08,811,14:35,822,195800株,163百万円,-81,-8.97,834.167円,866回,202億円
2151,2020-03-10,782,853,14:32,767,09:34,851,191200株,157百万円,+29,+3.53,819.847円,691回,209億円
2151,2020-03-11,836,861,09:11,822,14:52,822,163000株,136百万円,-29,-3.41,835.57円,838回,202億円
2151,2020-03-12,800,805,09:55,768,10:59,771,164700株,129百万円,-51,-6.20,780.385円,607回,189億円
2151,2020-03-13,726,756,14:39,683,10:10,749,238900株,172百万円,-22,-2.85,718.005円,984回,184億円
2151,2020-03-16,745,773,14:10,728,09:13,734,168200株,127百万円,-15,-2.00,753.578円,693回,180億円
2151,2020-03-17,705,773,14:22,697,09:19,766,178900株,133百万円,+32,+4.36,743.616円,802回,188億円
2151,2020-03-18,773,799,12:33,742,14:59,744,184900株,142百万円,-22,-2.87,770.178円,902回,183億円
2151,2020-03-19,759,759,09:01,674,14:25,698,289700株,202百万円,-46,-6.18,698.48円,1250回,171億円
2151,2020-03-23,708,721,14:51,669,09:57,717,186200株,129百万円,+19,+2.72,693.494円,783回,176億円
2151,2020-03-24,731,756,10:37,724,09:04,751,180000株,133百万円,+34,+4.74,740.976円,773回,184億円
2151,2020-03-25,796,804,14:52,770,09:21,803,174500株,137百万円,+52,+6.92,787.45円,692回,197億円
2151,2020-03-26,766,789,13:41,757,10:07,787,197100株,153百万円,-16,-1.99,773.959円,761回,193億円
2151,2020-03-27,798,816,09:05,789,11:24,806,133200株,107百万円,+19,+2.41,800.809円,483回,198億円
2151,2020-03-30,788,797,09:00,757,14:11,769,173200株,133百万円,-37,-4.59,768.295円,696回,189億円
2151,2020-03-31,765,785,14:29,758,09:34,779,108300株,84百万円,+10,+1.30,772.132円,399回,191億円
2151,2020-04-01,777,777,09:00,711,14:49,720,167900株,125百万円,-59,-7.57,741.6円,720回,177億円
2151,2020-04-02,701,731,09:11,684,14:05,693,118200株,82百万円,-27,-3.75,694.113円,537回,170億円
2151,2020-04-03,689,709,09:04,673,13:37,686,72200株,50百万円,-7,-1.01,685.663円,342回,168億円
2151,2020-04-06,675,698,14:01,665,09:06,692,201900株,138百万円,+6,+0.87,683.899円,808回,170億円
2151,2020-04-07,708,723,10:31,688,12:50,718,143500株,102百万円,+26,+3.76,708.52円,577回,176億円
2151,2020-04-08,703,739,14:09,689,09:32,733,100800株,72百万円,+15,+2.09,713.519円,419回,180億円
2151,2020-04-09,748,750,14:49,725,09:58,743,92400株,68百万円,+10,+1.36,735.5円,403回,182億円
2151,2020-04-10,751,769,14:51,733,10:01,768,87300株,66百万円,+25,+3.36,753.889円,364回,189億円
2151,2020-04-13,769,784,10:36,760,09:30,773,90500株,70百万円,+5,+0.65,770.915円,355回,190億円
2151,2020-04-14,758,768,10:55,749,09:26,764,117500株,89百万円,-9,-1.16,759.258円,522回,188億円
2151,2020-04-15,779,779,09:00,757,11:11,760,73000株,56百万円,-4,-0.52,762.362円,303回,187億円
2151,2020-04-16,750,767,14:59,739,09:36,764,101900株,77百万円,+4,+0.53,754.139円,459回,188億円
2151,2020-04-17,770,779,09:39,759,14:57,763,117200株,90百万円,-1,-0.13,765.491円,481回,187億円
2151,2020-04-20,762,770,09:00,752,09:19,757,53500株,41百万円,-6,-0.79,757.286円,267回,186億円
2151,2020-04-21,744,745,09:00,717,12:47,729,123600株,90百万円,-28,-3.70,731.015円,490回,179億円
2151,2020-04-22,717,718,09:00,692,09:23,705,145800株,102百万円,-24,-3.29,702.874円,594回,173億円
2151,2020-04-23,717,725,10:10,709,09:00,721,100500株,72百万円,+16,+2.27,716.024円,407回,177億円
2151,2020-04-24,740,760,11:14,735,09:04,754,225200株,169百万円,+33,+4.58,749.745円,776回,185億円
2151,2020-04-27,755,775,14:25,744,09:28,773,165500株,126百万円,+19,+2.52,761.982円,534回,190億円
2151,2020-04-28,780,812,14:41,776,09:02,807,182900株,145百万円,+34,+4.40,794.823円,595回,198億円
2151,2020-04-30,845,847,09:08,811,13:47,812,201600株,166百万円,+5,+0.62,824.44円,655回,199億円
2151,2020-05-01,811,812,09:00,785,12:32,802,151600株,121百万円,-10,-1.23,795.838円,527回,197億円
2151,2020-05-07,807,821,11:06,801,09:00,812,123700株,101百万円,+10,+1.25,812.628円,553回,199億円
2151,2020-05-08,820,844,14:41,816,10:13,844,205400株,171百万円,+32,+3.94,832.518円,746回,207億円
2151,2020-05-11,855,884,12:50,850,10:02,880,223800株,194百万円,+36,+4.27,867.899円,997回,216億円,05/01,36.6,215.4,5.89
2151,2020-05-12,881,881,09:00,858,09:17,870,143800株,125百万円,-10,-1.14,867.52円,624回,214億円,05/01,36.6,215.4,5.89
2151,2020-05-13,855,865,12:30,842,09:01,859,134100株,115百万円,-11,-1.26,856.476円,544回,211億円,05/01,36.6,215.4,5.89
2151,2020-05-14,850,850,09:00,810,14:09,812,223700株,185百万円,-47,-5.47,825.081円,1029回,199億円,05/01,36.6,215.4,5.89
2151,2020-05-15,820,833,09:11,813,11:26,820,156800株,129百万円,+8,+0.99,824.029円,768回,201億円,05/01,36.6,215.4,5.89
2151,2020-05-18,880,946,09:17,876,09:11,897,616000株,561百万円,+77,+9.39,910.095円,2335回,220億円,05/01,36.6,215.4,5.89
2151,2020-05-19,927,934,09:05,901,09:43,914,145500株,133百万円,+17,+1.90,916.128円,584回,224億円,05/01,36.6,215.4,5.89
2151,2020-05-20,914,922,09:03,896,11:18,898,125100株,113百万円,-16,-1.75,902.686円,429回,220億円,05/01,36.6,215.4,5.89
2151,2020-05-21,899,901,09:00,880,12:35,889,114500株,102百万円,-9,-1.00,887.749円,379回,218億円,05/15,36.6,220.1,6.01
2151,2020-05-22,893,893,09:00,880,12:34,883,78300株,69百万円,-6,-0.67,883.176円,261回,217億円,05/15,36.6,220.1,6.01
2151,2020-05-25,883,909,15:00,881,09:05,909,118300株,106百万円,+26,+2.94,897.127円,454回,223億円,05/15,36.6,220.1,6.01
2151,2020-05-26,924,948,14:59,924,09:00,948,188000株,176百万円,+39,+4.29,938.413円,644回,233億円,05/15,36.6,220.1,6.01
2151,2020-05-27,960,980,12:34,949,09:00,966,194200株,188百万円,+18,+1.90,968.271円,664回,237億円,05/15,36.6,220.1,6.01
2151,2020-05-28,979,989,09:12,940,13:28,952,162600株,156百万円,-14,-1.45,960.234円,593回,234億円,05/22,36.6,217.8,5.95
2151,2020-05-29,948,977,14:36,947,09:01,967,135900株,131百万円,+15,+1.58,962.227円,576回,237億円,05/22,36.6,217.8,5.95
2151,2020-06-01,986,993,09:07,968,09:40,986,139400株,137百万円,+19,+1.96,979.952円,428回,242億円,05/22,36.6,217.8,5.95
2151,2020-06-02,997,1019,13:01,993,09:00,1003,246800株,248百万円,+17,+1.72,1006.439円,723回,246億円,05/22,36.6,217.8,5.95
2151,2020-06-03,1020,1028,09:04,982,14:29,991,209800株,211百万円,-12,-1.20,1004.082円,584回,243億円,05/22,36.6,217.8,5.95
2151,2020-06-04,1022,1041,09:03,993,14:58,993,199500株,202百万円,+2,+0.20,1014.235円,560回,244億円,05/29,35.0,194.6,5.56
2151,2020-06-05,991,994,14:52,977,11:21,990,74800株,74百万円,-3,-0.30,986.282円,314回,243億円,05/29,35.0,194.6,5.56
2151,2020-06-08,995,996,12:31,986,09:21,991,87100株,86百万円,+1,+0.10,990.114円,292回,243億円,05/29,35.0,194.6,5.56
2151,2020-06-09,990,998,09:01,969,09:44,981,100800株,99百万円,-10,-1.01,979.394円,388回,241億円,05/29,35.0,194.6,5.56
2151,2020-06-10,975,984,11:17,965,13:37,969,97800株,95百万円,-12,-1.22,972.949円,342回,238億円,06/05,35.0,193.7,5.53
2151,2020-06-11,959,959,09:00,921,13:17,927,207100株,194百万円,-42,-4.33,934.871円,657回,228億円,06/05,35.0,193.7,5.53
2151,2020-06-12,860,940,14:59,855,09:12,933,228700株,206百万円,+6,+0.65,899.976円,799回,229億円,06/05,35.0,193.7,5.53
2151,2020-06-15,914,942,12:49,902,09:04,905,186400株,171百万円,-28,-3.00,919.448円,806回,222億円,06/05,35.0,193.7,5.53
2151,2020-06-16,920,934,12:30,917,09:51,926,101600株,94百万円,+21,+2.32,924.764円,408回,227億円,06/05,35.0,193.7,5.53
2151,2020-06-17,918,951,14:51,911,09:05,946,109300株,102百万円,+20,+2.16,935.317円,488回,232億円,06/12,35.0,229.8,6.57
2151,2020-06-18,940,950,14:52,917,10:34,946,109400株,102百万円,0,0,936.342円,479回,232億円,06/12,35.0,229.8,6.57
2151,2020-06-19,943,970,13:13,935,09:02,958,124900株,120百万円,+12,+1.27,960.548円,496回,235億円,06/12,35.0,229.8,6.57
2151,2020-06-22,950,994,14:57,950,09:00,989,188700株,185百万円,+31,+3.24,979.873円,634回,243億円,06/12,35.0,229.8,6.57
2151,2020-06-23,1000,1020,09:08,986,10:24,1005,228700株,230百万円,+16,+1.62,1006.171円,924回,247億円,06/12,35.0,229.8,6.57
2151,2020-06-24,1005,1046,10:33,999,09:00,1030,293500株,303百万円,+25,+2.49,1032.017円,1007回,253億円,06/19,35.0,218.7,6.25
2151,2020-06-25,1018,1038,14:26,1002,11:16,1028,211500株,216百万円,-2,-0.19,1023.517円,966回,252億円,06/19,35.0,218.7,6.25
2151,2020-06-26,1035,1058,09:08,1023,10:20,1050,239700株,250百万円,+22,+2.14,1044.19円,1041回,258億円,06/19,35.0,218.7,6.25
2151,2020-06-29,1035,1078,12:30,1030,09:00,1068,235900株,251百万円,+18,+1.71,1063.178円,972回,262億円,06/19,35.0,218.7,6.25
2151,2020-06-30,1080,1092,13:53,1052,12:31,1074,229600株,247百万円,+6,+0.56,1077.892円,890回,264億円,06/26,32.1,197.4,6.15
2151,2020-07-01,1084,1084,09:00,1044,13:08,1044,146900株,155百万円,-30,-2.79,1056.447円,570回,256億円,06/26,32.1,197.4,6.15
2151,2020-07-02,1050,1054,09:00,993,13:04,999,205600株,208百万円,-45,-4.31,1011.856円,868回,245億円,06/26,32.1,197.4,6.15
2151,2020-07-03,1003,1023,09:18,997,13:48,1004,66400株,67百万円,+5,+0.50,1007.331円,291回,247億円,06/26,32.1,197.4,6.15
2151,2020-07-06,1034,1040,10:31,1019,09:01,1025,106700株,110百万円,+21,+2.09,1029.268円,414回,252億円,06/26,32.1,197.4,6.15
2151,2020-07-07,1037,1040,09:00,1005,10:16,1017,91500株,93百万円,-8,-0.78,1017.837円,411回,250億円,07/03,32.0,172.4,5.39
2151,2020-07-08,1009,1015,10:01,997,12:59,1000,188400株,189百万円,-17,-1.67,1003.255円,698回,246億円,07/03,32.0,172.4,5.39
2151,2020-07-09,1001,1008,09:04,988,10:30,998,130200株,130百万円,-2,-0.20,997.62円,496回,245億円,07/03,32.0,172.4,5.39
