2282,2019-08-06,3835,3875,10:00,3760,13:27,3785,629000株,2389百万円,-70,-1.82,3797.981円,1362回
2282,2019-08-06,3700,3895,14:59,3700,09:03,3885,691200株,2646百万円,+100,+2.64,3828.54円,1593回
2282,2019-08-07,3895,3900,09:00,3825,14:09,3865,501300株,1937百万円,-20,-0.51,3863.099円,1266回
2282,2019-08-08,3865,3875,09:03,3825,10:10,3845,308300株,1185百万円,-20,-0.52,3844.601円,682回
2282,2019-08-09,3885,3890,09:00,3825,10:22,3850,386500株,1493百万円,+5,+0.13,3863.596円,518回
2282,2019-08-13,3800,3870,12:33,3795,09:11,3860,397000株,1528百万円,+10,+0.26,3847.652円,791回
2282,2019-08-14,3860,3885,10:25,3835,09:00,3850,332700株,1283百万円,-10,-0.26,3856.634円,759回
2282,2019-08-15,3795,3855,10:59,3775,09:16,3835,429700株,1643百万円,-15,-0.39,3824.468円,734回
2282,2019-08-16,3825,3885,10:25,3825,09:00,3860,354500株,1368百万円,+25,+0.65,3859.852円,677回
2282,2019-08-19,3915,3920,10:22,3885,11:21,3895,259600株,1012百万円,+35,+0.91,3899.99円,534回
2282,2019-08-20,3875,3940,10:44,3875,09:00,3925,300400株,1177百万円,+30,+0.77,3919.7円,537回
2282,2019-08-21,3905,3935,10:00,3890,09:01,3925,227700株,893百万円,0,0,3919.921円,436回
2282,2019-08-22,3925,3990,14:59,3915,09:01,3975,375500株,1487百万円,+50,+1.27,3959.109円,839回
2282,2019-08-23,3985,4025,09:00,3970,12:40,3975,350500株,1399百万円,0,0,3992.157円,667回
2282,2019-08-26,3885,3955,14:58,3870,09:04,3950,387400株,1524百万円,-25,-0.63,3932.859円,695回
2282,2019-08-26,3995,3995,09:00,3950,14:13,3985,571200株,2273百万円,+35,+0.89,3980.124円,618回
2282,2019-08-28,3965,4005,13:39,3945,11:26,3995,299200株,1191百万円,+10,+0.25,3982.104円,621回
2282,2019-08-29,4005,4020,09:00,3985,09:45,3985,406300株,1623百万円,-10,-0.25,3994.201円,643回
2282,2019-08-30,4040,4095,13:05,4025,09:00,4080,590600株,2405百万円,+95,+2.38,4071.885円,1111回
2282,2019-09-02,4090,4100,09:00,4030,14:40,4040,349300株,1418百万円,-40,-0.98,4059.233円,589回
2282,2019-09-03,4020,4035,14:33,3980,09:47,4030,324900株,1306百万円,-10,-0.25,4019.146円,557回
2282,2019-09-03,4035,4065,14:05,4005,09:03,4055,366500株,1482百万円,+25,+0.62,4043.161円,696回
2282,2019-09-05,4050,4100,11:12,4030,09:01,4080,517700株,2113百万円,+25,+0.62,4081.656円,780回
2282,2019-09-05,4085,4115,10:57,4045,14:55,4055,419100株,1704百万円,-25,-0.61,4067.015円,556回
2282,2019-09-07,4095,4170,14:36,4075,09:01,4155,379600株,1571百万円,+100,+2.47,4139.078円,771回
2282,2019-09-10,4155,4185,13:50,4115,09:08,4175,297100株,1237百万円,+20,+0.48,4164.766円,521回
2282,2019-09-11,4190,4240,14:28,4175,09:14,4230,348700株,1471百万円,+55,+1.32,4219.342円,596回
2282,2019-09-12,4260,4335,13:10,4255,09:00,4295,508800株,2185百万円,+65,+1.54,4294.393円,715回
2282,2019-09-13,4310,4350,13:36,4245,09:15,4335,759300株,3277百万円,+40,+0.93,4315.909円,772回
2282,2019-09-17,4350,4420,12:32,4325,09:03,4390,382400株,1677百万円,+55,+1.27,4384.974円,654回
2282,2019-09-17,4390,4475,10:14,4385,09:18,4395,392200株,1731百万円,+5,+0.11,4413.018円,704回,4525.04億円
2282,2019-09-19,4400,4480,10:00,4395,09:00,4410,426700株,1888百万円,+15,+0.34,4424.875円,844回,4540.49億円
2282,2019-09-20,4425,4470,10:29,4380,14:59,4400,717600株,3167百万円,-10,-0.23,4412.759円,957回,4530.19億円
2282,2019-09-24,4390,4425,10:14,4370,09:00,4375,373700株,1640百万円,-25,-0.57,4388.919円,680回,4504.45億円
2282,2019-09-25,4360,4420,14:12,4340,09:00,4400,376000株,1651百万円,+25,+0.57,4389.787円,701回,4530.19億円
2282,2019-09-26,4415,4450,13:29,4395,09:00,4425,502700株,2224百万円,+25,+0.57,4423.602円,630回,4555.93億円
2282,2019-09-27,4400,4435,09:18,4325,12:30,4360,497100株,2170百万円,-65,-1.47,4364.507円,955回,4489.01億円
2282,2019-09-30,4350,4370,09:31,4315,14:24,4345,419800株,1823百万円,-15,-0.34,4341.502円,547回,4473.56億円
2282,2019-10-01,4345,4395,13:08,4340,09:00,4385,233600株,1023百万円,+40,+0.92,4379.215円,451回,4514.75億円
2282,2019-10-02,4380,4450,12:30,4375,09:00,4415,358600株,1584百万円,+30,+0.68,4417.437円,600回,4545.64億円
2282,2019-10-03,4350,4375,11:12,4320,09:01,4340,348100株,1514百万円,-75,-1.70,4348.103円,593回,4468.42億円
2282,2019-10-04,4405,4505,13:24,4375,09:01,4505,590300株,2639百万円,+165,+3.80,4470.684円,1155回,4638.30億円
2282,2019-10-07,4525,4535,09:00,4460,12:46,4495,330200株,1484百万円,-10,-0.22,4494.738円,665回,4628.00億円
2282,2019-10-08,4490,4545,09:12,4485,09:00,4530,402600株,1823百万円,+35,+0.78,4528.897円,700回,4664.04億円
2282,2019-10-09,4530,4560,14:58,4515,10:35,4555,307900株,1399百万円,+25,+0.55,4544.826円,649回,4689.78億円
2282,2019-10-10,4565,4585,09:02,4465,09:36,4525,360200株,1627百万円,-30,-0.66,4515.644円,793回,4658.89億円
2282,2019-10-11,4595,4610,09:12,4560,10:40,4580,582900株,2674百万円,+55,+1.22,4586.943円,882回,4715.52億円
2282,2019-10-15,4620,4690,14:52,4600,09:00,4680,388600株,1812百万円,+100,+2.18,4663.459円,768回,4818.48億円
2282,2019-10-16,4700,4735,09:09,4670,09:01,4710,464800株,2186百万円,+30,+0.64,4703.325円,1061回,4849.36億円
2282,2019-10-17,4715,4730,13:53,4695,09:00,4710,399800株,1885百万円,0,0,4715.01円,1045回,4849.36億円
2282,2019-10-18,4685,4710,09:07,4585,14:35,4595,413300株,1910百万円,-115,-2.44,4620.594円,1165回,4730.96億円
2282,2019-10-21,4620,4690,14:35,4615,09:00,4675,381700株,1780百万円,+80,+1.74,4663.495円,717回,4813.33億円
2282,2019-10-23,4700,4720,14:26,4660,09:22,4720,394600株,1855百万円,+45,+0.96,4700.858円,812回,4859.66億円
2282,2019-10-24,4685,4695,09:06,4665,14:44,4680,277500株,1298百万円,-40,-0.85,4679.187円,514回,4818.48億円
2282,2019-10-25,4665,4675,09:00,4630,09:46,4665,284200株,1324百万円,-15,-0.32,4658.978円,513回,4803.03億円
2282,2019-10-28,4635,4655,09:19,4605,15:00,4605,252200株,1165百万円,-60,-1.29,4619.108円,547回,4741.26億円
2282,2019-10-29,4625,4635,09:00,4560,12:43,4580,437300株,2006百万円,-25,-0.54,4586.346円,893回,4715.52億円
2282,2019-10-30,4575,4635,09:04,4575,09:00,4595,349900株,1613百万円,+15,+0.33,4610.72円,1091回,4730.96億円
2282,2019-10-31,4630,4635,09:00,4520,13:45,4545,585400株,2674百万円,-45,-0.98,4568.528円,1012回,4679.48億円
2282,2019-11-01,4630,4790,13:34,4630,09:03,4790,724800株,3435百万円,+245,+5.39,4738.848円,1620回,4931.73億円
2282,2019-11-05,4720,4900,13:10,4700,09:03,4885,698800株,3387百万円,+95,+1.98,4847.125円,1241回,5029.54億円
2282,2019-11-06,4865,4870,09:07,4810,14:01,4825,345000株,1667百万円,-60,-1.23,4831.659円,806回,4967.77億円
2282,2019-11-07,4835,4870,14:42,4820,09:03,4860,257100株,1247百万円,+35,+0.73,4850.27円,528回,5003.80億円
2282,2019-11-08,4900,4915,10:17,4840,12:47,4850,548800株,2678百万円,-10,-0.21,4879.164円,810回,4993.51億円
2282,2019-11-11,4850,4915,13:26,4850,09:00,4900,311700株,1524百万円,+50,+1.03,4890.781円,648回,5044.99億円
2282,2019-11-12,4905,4920,09:00,4840,12:34,4890,271300株,1325百万円,-10,-0.20,4883.349円,601回,5034.69億円
2282,2019-11-13,4885,4905,12:30,4855,09:06,4880,140400株,685百万円,-10,-0.20,4880.488円,428回,5024.39億円
2282,2019-11-14,4890,4910,09:08,4835,13:03,4865,228800株,1114百万円,-15,-0.31,4869.714円,553回,5008.95億円
2282,2019-11-15,4840,4865,10:44,4825,09:45,4850,266400株,1291百万円,-15,-0.31,4847.209円,644回,4993.51億円
2282,2019-11-18,4810,4830,12:30,4790,09:00,4810,213700株,1028百万円,-40,-0.82,4811.923円,531回,4952.32億円
2282,2019-11-19,4830,4855,09:03,4770,10:06,4795,232400株,1116百万円,-15,-0.31,4801.861円,668回,4936.88億円
2282,2019-11-20,4800,4815,09:13,4705,14:12,4725,376100株,1782百万円,-70,-1.46,4738.572円,761回,4864.81億円
2282,2019-11-21,4690,4725,14:40,4635,10:18,4710,461000株,2162百万円,-15,-0.32,4688.758円,988回,4849.36億円
2282,2019-11-22,4705,4705,09:00,4615,13:23,4630,394900株,1837百万円,-80,-1.70,4650.623円,854回,4767.00億円
2282,2019-11-25,4680,4715,09:04,4665,09:00,4695,253100株,1187百万円,+65,+1.40,4689.471円,624回,4833.92億円
2282,2019-11-26,4760,4770,10:46,4680,14:59,4690,556500株,2621百万円,-5,-0.11,4709.105円,878回,4828.77億円
2282,2019-11-27,4720,4735,09:00,4625,12:52,4630,347300株,1613百万円,-60,-1.28,4644.195円,773回,4767.00億円
2282,2019-11-28,4635,4655,09:02,4610,10:00,4630,209300株,969百万円,0,0,4628.512円,544回,4767.00億円
2282,2019-11-29,4635,4655,09:21,4585,14:37,4590,300800株,1386百万円,-40,-0.86,4608.639円,588回,4725.81億円
2282,2019-12-02,4610,4665,10:05,4605,09:00,4650,237200株,1102百万円,+60,+1.31,4645.892円,760回,4787.59億円
2282,2019-12-03,4580,4610,09:15,4540,10:35,4565,320900株,1467百万円,-85,-1.83,4572.379円,761回,4700.07億円
2282,2019-12-05,4600,4615,09:19,4555,10:07,4590,225300株,1033百万円,-15,-0.33,4585.881円,586回,4725.81億円
2282,2019-12-06,4730,4750,09:03,4660,09:39,4685,598300株,2807百万円,+95,+2.07,4691.779円,1493回,4823.62億円
2282,2019-12-09,4700,4705,09:00,4655,09:43,4675,235900株,1103百万円,-10,-0.21,4674.123円,504回,4813.33億円
2282,2019-12-10,4640,4655,09:07,4605,10:34,4620,269200株,1245百万円,-55,-1.18,4625.405円,506回,4756.70億円
2282,2019-12-13,4580,4630,14:53,4570,09:00,4620,680900株,3130百万円,+110,+2.44,4597.528円,851回,4756.70億円
