2485,2019-09-13,624,629,10:04,619,13:50,619,85400株,53百万円,-1,-0.16,623.06円,174回
2485,2019-09-17,625,626,09:32,619,14:56,620,52400株,33百万円,+1,+0.16,621.748円,115回
2485,2019-09-17,624,625,09:43,620,09:05,623,20700株,13百万円,+3,+0.48,622.981円,75回,139.58億円
2485,2019-09-19,627,630,14:36,625,09:16,630,44900株,28百万円,+7,+1.12,627.804円,87回,141.15億円
2485,2019-09-20,635,644,13:25,633,09:03,640,49200株,31百万円,+10,+1.59,638.268円,129回,143.39億円
2485,2019-09-24,644,650,12:50,643,09:01,649,90000株,58百万円,+9,+1.41,646.059円,167回,145.41億円
2485,2019-09-25,650,650,09:00,646,09:14,647,59100株,38百万円,-2,-0.31,648.99円,125回,144.96億円
2485,2019-09-26,648,649,09:02,642,15:00,642,220900株,143百万円,-5,-0.77,646.799円,262回,143.84億円
2485,2019-09-27,629,630,09:00,612,11:11,616,175700株,110百万円,-26,-4.05,625.048円,323回,138.01億円
2485,2019-09-30,613,618,10:08,612,09:19,614,48300株,30百万円,-2,-0.32,614.288円,109回,137.57億円
2485,2019-10-01,614,619,09:03,612,12:52,615,33500株,21百万円,+1,+0.16,614.328円,107回,137.79億円
2485,2019-10-02,613,618,10:37,613,09:00,616,18300株,11百万円,+1,+0.16,615.164円,59回,138.01億円
2485,2019-10-03,611,611,09:00,602,13:33,606,57600株,35百万円,-10,-1.62,606.168円,162回,135.77億円
2485,2019-10-04,606,607,09:04,598,11:30,601,55600株,33百万円,-5,-0.83,601.009円,107回,134.65億円
2485,2019-10-07,602,602,09:00,593,13:09,594,33800株,20百万円,-7,-1.16,597.858円,76回,133.08億円
2485,2019-10-08,596,601,09:24,594,15:00,594,46600株,28百万円,0,0,596.491円,94回,133.08億円
2485,2019-10-09,596,607,13:26,595,09:00,599,45100株,27百万円,+5,+0.84,601.184円,157回,134.20億円
2485,2019-10-10,601,601,09:00,594,09:31,595,20800株,12百万円,-4,-0.67,595.663円,79回,133.31億円
2485,2019-10-11,596,597,09:00,590,10:02,591,26900株,16百万円,-4,-0.67,591.944円,97回,132.41億円
2485,2019-10-15,597,598,12:56,593,09:34,598,21800株,13百万円,+7,+1.18,596.454円,67回,133.98億円
2485,2019-10-16,600,604,09:11,596,14:59,596,37600株,23百万円,-2,-0.33,599.157円,77回,133.53億円
2485,2019-10-17,596,601,13:40,595,09:18,598,22800株,14百万円,+2,+0.34,597.114円,61回,133.98億円
2485,2019-10-18,599,604,09:13,595,13:02,596,13800株,8百万円,-2,-0.33,599.471円,53回,133.53億円
2485,2019-10-21,596,600,09:08,595,09:04,598,13700株,8百万円,+2,+0.34,596.905円,40回,133.98億円
2485,2019-10-23,602,602,09:00,592,09:11,593,51500株,31百万円,-5,-0.84,595.305円,90回,132.86億円
2485,2019-10-24,597,597,09:00,592,09:51,595,19000株,11百万円,+2,+0.34,594.553円,65回,133.31億円
2485,2019-10-25,597,597,09:00,594,09:43,596,16700株,10百万円,+1,+0.17,595.844円,63回,133.53億円
2485,2019-10-28,595,600,13:16,595,09:00,598,31900株,19百万円,+2,+0.34,597.006円,68回,133.98億円
2485,2019-10-29,599,602,09:58,599,09:00,599,18300株,11百万円,+1,+0.17,600.038円,78回,134.20億円
2485,2019-10-30,599,608,15:00,599,09:00,608,75000株,45百万円,+9,+1.50,604.928円,174回,136.22億円
2485,2019-10-31,608,610,09:43,600,14:56,601,35900株,22百万円,-7,-1.15,604.462円,74回,134.65億円
2485,2019-11-01,602,608,15:00,601,09:03,608,16300株,10百万円,+7,+1.16,604.301円,67回,136.22億円
2485,2019-11-05,617,618,09:06,611,09:04,616,52100株,32百万円,+8,+1.32,614.226円,109回,138.01億円
2485,2019-11-07,611,613,09:03,610,10:47,611,12800株,8百万円,0,0,611.367円,53回,136.89億円
2485,2019-11-08,616,616,09:00,603,14:47,609,42600株,26百万円,-2,-0.33,609.139円,121回,136.45億円
2485,2019-11-11,598,607,15:00,589,09:08,607,135500株,81百万円,-2,-0.33,596.935円,347回,136.00億円
2485,2019-11-12,601,604,13:39,599,09:44,602,46600株,28百万円,-5,-0.82,601.124円,124回,134.88億円
2485,2019-11-13,602,602,09:00,592,10:33,594,48300株,29百万円,-8,-1.33,595.731円,119回,133.08億円
2485,2019-11-14,594,595,09:02,590,12:31,592,35700株,21百万円,-2,-0.34,592.266円,94回,132.64億円
2485,2019-11-15,591,598,11:29,591,09:00,596,31200株,19百万円,+4,+0.68,594.978円,101回,133.53億円
2485,2019-11-18,596,596,09:00,593,09:09,595,26100株,16百万円,-1,-0.17,595.172円,70回,133.31億円
2485,2019-11-19,592,596,09:39,592,09:00,592,25700株,15百万円,-3,-0.50,593.078円,86回,132.64億円
2485,2019-11-20,592,595,15:00,590,09:07,595,22200株,13百万円,+3,+0.51,592.086円,69回,133.31億円
2485,2019-11-21,594,597,14:44,592,09:04,596,30600株,18百万円,+1,+0.17,593.984円,96回,133.53億円
2485,2019-11-22,596,601,12:39,595,09:01,600,39800株,24百万円,+4,+0.67,598.799円,106回,134.43億円
2485,2019-11-25,601,603,09:30,597,11:28,598,28200株,17百万円,-2,-0.33,599.801円,83回,133.98億円
2485,2019-11-26,600,602,10:24,598,09:05,599,27800株,17百万円,+1,+0.17,600.083円,85回,134.20億円
2485,2019-11-27,599,603,09:06,599,09:00,600,19200株,12百万円,+1,+0.17,599.937円,77回,134.43億円
2485,2019-11-28,599,599,09:00,595,12:30,595,23300株,14百万円,-5,-0.83,596.691円,46回,133.31億円
2485,2019-11-29,595,597,09:19,595,09:00,595,15200株,9百万円,0,0,595.388円,37回,133.31億円
2485,2019-12-02,593,597,09:47,593,09:00,596,36100株,21百万円,+1,+0.17,594.374円,78回,133.53億円
2485,2019-12-03,595,596,13:12,592,09:08,594,31800株,19百万円,-2,-0.34,593.912円,78回,133.08億円
2485,2019-12-05,595,610,13:01,595,09:00,609,89000株,54百万円,+15,+2.53,604.142円,254回,136.45億円
2485,2019-12-06,605,609,09:33,605,09:00,606,18700株,11百万円,-3,-0.49,607.08円,85回,135.77億円
2485,2019-12-09,604,606,09:00,601,10:20,601,27800株,17百万円,-5,-0.83,602.863円,81回,134.65億円
2485,2019-12-10,601,604,12:37,601,09:00,601,19700株,12百万円,0,0,602.122円,73回,134.65億円
2485,2019-12-13,602,603,14:59,599,09:23,601,39600株,24百万円,+1,+0.17,600.912円,107回,134.65億円
2485,2019-12-16,602,606,09:43,602,09:00,606,19100株,12百万円,+5,+0.83,604.586円,63回,135.77億円
2485,2019-12-17,607,607,09:00,602,10:08,606,64900株,39百万円,0,0,603.8円,111回,135.77億円
2485,2019-12-18,605,607,09:02,604,15:00,604,22500株,14百万円,-2,-0.33,605.218円,80回,135.32億円
2485,2019-12-19,602,606,09:05,601,12:38,602,27600株,17百万円,-2,-0.33,602.663円,87回,134.88億円
2485,2019-12-20,603,603,09:00,600,10:51,600,24000株,14百万円,-2,-0.33,601.362円,50回,134.43億円
2485,2019-12-23,598,598,09:00,592,14:24,593,74800株,45百万円,-7,-1.17,595.254円,210回,132.86億円
2485,2019-12-24,592,593,09:00,590,09:16,590,60000株,35百万円,-3,-0.51,591.252円,146回,132.19億円
2485,2019-12-25,590,592,14:54,588,09:08,592,44300株,26百万円,+2,+0.34,589.975円,106回,132.64億円
2485,2019-12-26,592,594,09:11,590,10:19,591,44800株,26百万円,-1,-0.17,591.243円,117回,132.41億円
2485,2019-12-27,591,596,14:37,591,09:00,594,28200株,17百万円,+3,+0.51,592.968円,75回,133.08億円
2485,2019-12-30,595,595,09:00,591,13:00,593,35100株,21百万円,-1,-0.17,593.222円,94回,132.86億円
2485,2020-01-06,593,593,09:00,589,11:29,591,51100株,30百万円,-2,-0.34,591.141円,99回,132.41億円
2485,2020-01-07,593,598,14:42,591,09:07,597,32300株,19百万円,+6,+1.02,595.099円,73回,133.76億円
2485,2020-01-08,593,594,09:06,588,10:16,591,36300株,21百万円,-6,-1.01,590.405円,125回,132.41億円
2485,2020-01-09,592,601,14:58,592,09:00,601,44200株,26百万円,+10,+1.69,596.645円,104回,134.65億円
2485,2020-01-10,600,601,09:11,592,15:00,592,55100株,33百万円,-9,-1.50,597.158円,132回,132.64億円
2485,2020-01-14,595,598,09:02,593,10:11,598,27500株,16百万円,+6,+1.01,595.749円,85回,133.98億円
2485,2020-01-15,598,601,09:03,592,12:43,594,30800株,18百万円,-4,-0.67,596.234円,83回,133.08億円
2485,2020-01-16,595,597,12:50,594,09:38,596,13500株,8百万円,+2,+0.34,595.652円,40回,133.53億円
2485,2020-01-17,600,600,09:00,594,10:32,596,24400株,15百万円,0,0,596.504円,55回,133.53億円
2485,2020-01-20,597,600,13:07,596,09:32,597,16600株,10百万円,+1,+0.17,597.385円,55回,133.76億円
2485,2020-01-21,600,600,09:00,596,10:33,596,17300株,10百万円,-1,-0.17,597.763円,48回,133.53億円
2485,2020-01-22,596,601,10:35,596,09:00,598,24000株,14百万円,+2,+0.34,598.492円,59回,133.98億円
2485,2020-01-23,597,598,09:08,594,14:57,594,17500株,10百万円,-4,-0.67,595.886円,55回,133.08億円
2485,2020-01-24,596,596,09:00,591,10:17,591,30800株,18百万円,-3,-0.51,592.396円,76回,132.41億円
2485,2020-01-27,590,591,11:03,588,09:11,591,37400株,22百万円,0,0,589.636円,84回,132.41億円
2485,2020-01-28,590,593,14:38,588,09:02,590,27700株,16百万円,-1,-0.17,589.502円,78回,132.19億円
2485,2020-01-29,596,599,15:00,591,09:50,599,28700株,17百万円,+9,+1.53,595.491円,77回,134億円
2485,2020-01-30,599,599,09:00,592,13:05,599,42000株,25百万円,0,0,596.75円,112回,134億円
2485,2020-01-31,599,607,09:09,592,09:03,600,57700株,35百万円,+1,+0.17,602.688円,121回,134億円
2485,2020-02-03,595,599,12:51,592,09:05,595,36300株,22百万円,-5,-0.83,595.934円,89回,133億円
2485,2020-02-04,595,598,09:00,594,09:34,597,25400株,15百万円,+2,+0.34,595.661円,56回,134億円
2485,2020-02-05,600,604,13:58,599,10:26,604,25100株,15百万円,+7,+1.17,601.514円,92回,135億円
2485,2020-02-06,605,620,14:26,601,09:24,613,69000株,42百万円,+9,+1.49,611.267円,158回,137億円
2485,2020-02-07,603,607,09:01,602,13:30,604,34800株,21百万円,-9,-1.47,603.721円,94回,135億円
2485,2020-02-10,600,604,15:00,600,09:00,604,23800株,14百万円,0,0,601.16円,51回,135億円
2485,2020-02-12,604,619,15:00,604,09:00,619,49500株,30百万円,+15,+2.48,610.333円,118回,139億円
2485,2020-02-13,617,617,09:00,610,09:18,612,27800株,17百万円,-7,-1.13,613.554円,95回,137億円
2485,2020-02-14,608,611,10:26,603,13:02,609,33300株,20百万円,-3,-0.49,607.042円,100回,136億円
2485,2020-02-17,608,615,12:34,600,09:20,608,33500株,20百万円,-1,-0.16,607.606円,94回,136億円
2485,2020-02-17,608,608,09:00,599,13:19,603,31500株,19百万円,-5,-0.82,602.511円,96回,135億円
2485,2020-02-18,600,612,11:19,600,09:00,604,29600株,18百万円,+1,+0.17,606.463円,88回,135億円
2485,2020-02-20,605,609,09:09,600,15:00,600,20100株,12百万円,-4,-0.66,604.065円,68回,134億円
2485,2020-02-21,600,604,10:15,600,09:00,604,20000株,12百万円,+4,+0.67,602.015円,51回,135億円
2485,2020-02-25,592,597,11:28,587,09:05,590,59200株,35百万円,-14,-2.32,591.062円,174回,132億円
2485,2020-02-26,587,591,12:55,580,10:11,587,57100株,33百万円,-3,-0.51,584.277円,147回,132億円
2485,2020-02-27,583,586,09:51,570,13:32,570,79100株,46百万円,-17,-2.90,576.458円,189回,128億円
2485,2020-02-28,550,556,10:03,529,14:11,532,101800株,55百万円,-38,-6.67,542.34円,300回,119億円
2485,2020-03-02,515,556,12:36,510,09:06,545,101500株,54百万円,+13,+2.44,533.697円,311回,122億円
2485,2020-03-03,546,554,09:02,526,13:43,526,55600株,30百万円,-19,-3.49,536.937円,197回,118億円
2485,2020-03-04,520,529,12:35,516,09:05,520,42800株,22百万円,-6,-1.14,520.724円,158回,117億円
2485,2020-03-05,528,534,09:46,523,09:01,525,19900株,11百万円,+5,+0.96,528.1円,92回,118億円
2485,2020-03-06,513,518,09:30,504,11:16,513,65600株,34百万円,-12,-2.29,511.919円,175回,115億円
2485,2020-03-06,500,507,09:04,482,14:35,483,87500株,43百万円,-30,-5.85,494.982円,263回,108億円
2485,2020-03-10,459,481,14:17,456,09:39,478,70700株,33百万円,-5,-1.04,468.611円,240回,107億円
2485,2020-03-11,480,493,09:41,470,14:43,471,52200株,25百万円,-7,-1.46,480.843円,182回,106億円
2485,2020-03-12,470,470,09:00,450,12:30,454,77900株,36百万円,-17,-3.61,456.071円,292回,102億円
2485,2020-03-13,414,429,14:19,405,10:43,421,94300株,39百万円,-33,-7.27,415.794円,297回,94.3億円
2485,2020-03-16,427,433,10:07,413,15:00,413,55000株,23百万円,-8,-1.90,423.251円,168回,92.5億円
2485,2020-03-17,412,450,15:00,394,09:10,450,134700株,56百万円,+37,+8.96,419.372円,380回,101億円
2485,2020-03-18,452,467,12:44,441,09:49,448,99800株,45百万円,-2,-0.44,453.566円,297回,100億円
2485,2020-03-19,448,472,09:09,441,10:05,445,52900株,24百万円,-3,-0.67,446.062円,219回,99.7億円
2485,2020-03-23,445,472,14:58,438,09:57,469,55300株,25百万円,+24,+5.39,451.816円,195回,105億円
2485,2020-03-24,470,497,15:00,470,09:00,497,51200株,25百万円,+28,+5.97,483.486円,222回,111億円
2485,2020-03-25,511,520,15:00,502,09:43,520,51400株,26百万円,+23,+4.63,510.055円,160回,117億円
2485,2020-03-26,511,511,09:00,496,09:16,511,52100株,26百万円,-9,-1.73,505.891円,165回,115億円
2485,2020-03-27,525,529,14:59,505,09:04,524,73000株,38百万円,+13,+2.54,520.266円,255回,117億円
2485,2020-03-30,513,530,14:57,506,09:02,528,64400株,33百万円,+4,+0.76,518.834円,182回,118億円
2485,2020-03-31,531,535,09:02,500,13:10,504,43200株,22百万円,-24,-4.55,510.794円,144回,113億円
2485,2020-04-01,503,503,09:00,475,14:45,478,41400株,20百万円,-26,-5.16,486.923円,141回,107億円
2485,2020-04-02,475,477,09:03,453,14:06,458,35200株,16百万円,-20,-4.18,463.636円,115回,103億円
2485,2020-04-03,457,463,09:10,439,14:32,446,32200株,14百万円,-12,-2.62,448.351円,108回,99.9億円
2485,2020-04-06,446,470,14:54,440,09:10,469,33000株,15百万円,+23,+5.16,458.63円,120回,105億円
