2516,2020-02-07,647,655,09:10,645,09:59,646,37910株,25百万円,-1,-0.15,648.475円,77回,27.8億円
2516,2020-02-10,641,647,09:03,639,09:00,641,25100株,16百万円,-5,-0.77,642.243円,75回,27.6億円
2516,2020-02-12,643,650,14:38,643,09:00,649,17640株,11百万円,+8,+1.25,647.511円,70回,27.9億円
2516,2020-02-13,653,661,14:59,649,09:56,656,52880株,35百万円,+7,+1.08,653.766円,78回,28.2億円
2516,2020-02-14,651,651,09:00,640,15:00,640,25810株,17百万円,-16,-2.44,645.241円,77回,27.5億円
2516,2020-02-17,631,637,11:30,628,13:27,631,77700株,49百万円,-9,-1.41,630.897円,102回,27.1億円
2516,2020-02-17,628,628,09:00,617,12:49,619,57300株,36百万円,-12,-1.90,620.498円,141回,26.6億円
2516,2020-02-18,622,634,12:33,622,09:00,633,45520株,29百万円,+14,+2.26,630.033円,120回,27.2億円
2516,2020-02-20,640,643,09:00,626,14:53,627,63800株,40百万円,-6,-0.95,633.334円,134回,27.0億円
2516,2020-02-21,624,634,09:23,624,09:00,632,72610株,46百万円,+5,+0.80,628.987円,119回,27.2億円
2516,2020-02-25,595,615,10:48,595,09:09,612,160630株,97百万円,-20,-3.16,605.691円,281回,26.3億円
2516,2020-02-26,606,612,09:06,589,11:06,597,158480株,95百万円,-15,-2.45,599.077円,323回,25.7億円
2516,2020-02-27,597,598,09:03,568,13:56,574,403290株,232百万円,-23,-3.85,576.072円,643回,24.7億円
2516,2020-02-28,555,562,10:00,535,14:43,537,349620株,191百万円,-37,-6.45,547.27円,699回,23.1億円
2516,2020-03-02,548,585,12:34,548,09:03,562,436850株,245百万円,+25,+4.66,561.838円,626回,24.2億円
2516,2020-03-03,589,589,09:06,552,13:34,553,202890株,116百万円,-9,-1.60,573.391円,449回,23.8億円
2516,2020-03-04,544,566,12:30,541,09:03,559,79850株,44百万円,+6,+1.08,555.514円,258回,24.0億円
2516,2020-03-05,574,574,09:03,563,13:23,568,122320株,70百万円,+9,+1.61,569.324円,240回,24.4億円
2516,2020-03-06,556,565,09:19,547,14:29,549,118650株,66百万円,-19,-3.35,553.654円,312回,23.6億円
2516,2020-03-06,525,529,09:10,489,14:36,493,442360株,223百万円,-56,-10.20,505.023円,815回,21.2億円
2516,2020-03-10,477,507,12:52,463,09:40,507,357960株,174百万円,+14,+2.84,486.851円,719回,21.8億円
2516,2020-03-11,505,519,09:14,482,14:54,482,174550株,87百万円,-25,-4.93,497.896円,416回,20.7億円
2516,2020-03-12,468,487,10:02,450,11:06,469,373210株,175百万円,-13,-2.70,468.066円,839回,20.2億円
2516,2020-03-13,421,452,14:20,407,11:01,435,357450株,151百万円,-34,-7.25,422.563円,940回,18.7億円
2516,2020-03-16,433,460,14:10,417,14:58,419,363760株,160百万円,-16,-3.68,440.601円,641回,18.0億円
2516,2020-03-17,406,452,14:57,404,09:04,450,243460株,106百万円,+31,+7.40,434.264円,735回,19.4億円
2516,2020-03-18,462,474,09:04,443,14:42,443,226350株,104百万円,-7,-1.56,458.642円,529回,19.1億円
2516,2020-03-19,467,467,09:06,423,13:10,432,141390株,63百万円,-11,-2.48,442.922円,592回,19.4億円
2516,2020-03-23,428,437,14:55,418,10:04,433,112960株,48百万円,+1,+0.23,428.202円,400回,19.5億円
2516,2020-03-24,451,470,10:57,445,09:07,470,121150株,56百万円,+37,+8.55,459.648円,371回,21.2億円
2516,2020-03-26,496,496,09:09,480,09:35,493,268890株,132百万円,+23,+4.89,489.595円,429回,22.2億円
2516,2020-03-26,481,482,09:03,457,14:54,461,119830株,57百万円,-32,-6.49,472.315円,269回,20.8億円
2516,2020-03-27,481,483,09:09,461,10:37,474,111960株,53百万円,+13,+2.82,472.123円,212回,21.3億円
2516,2020-03-30,460,472,09:24,456,09:03,464,103250株,48百万円,-10,-2.11,463.133円,206回,20.9億円
2516,2020-03-31,472,480,14:32,465,09:19,475,113100株,54百万円,+11,+2.37,475.426円,223回,21.4億円
2516,2020-04-01,470,486,11:01,462,09:07,474,202780株,96百万円,-1,-0.21,473.237円,347回,21.3億円
2516,2020-04-02,470,477,12:49,462,14:58,464,105290株,49百万円,-10,-2.11,469.973円,248回,20.9億円
2516,2020-04-03,472,474,09:06,447,14:36,451,178020株,82百万円,-13,-2.80,462.507円,277回,20.3億円
2516,2020-04-06,464,475,14:52,452,09:10,474,195460株,91百万円,+23,+5.10,463.819円,313回,21.3億円
2516,2020-04-07,489,490,10:25,474,13:02,482,173470株,84百万円,+8,+1.69,484.706円,254回,21.7億円
2516,2020-04-08,482,500,14:29,475,09:26,497,237030株,116百万円,+15,+3.11,491.283円,386回,22.4億円
2516,2020-04-09,505,512,14:49,498,09:04,510,222230株,112百万円,+13,+2.62,504.929円,425回,23.0億円
2516,2020-04-10,516,520,09:01,500,10:11,515,88720株,45百万円,+5,+0.98,510.582円,236回,23.2億円
2516,2020-04-13,505,522,14:56,500,09:02,520,79090株,41百万円,+5,+0.97,514.14円,200回,23.4億円
2516,2020-04-14,521,545,14:56,521,09:00,544,109070株,58百万円,+24,+4.62,534.936円,342回,24.5億円
2516,2020-04-15,544,554,09:56,538,14:27,542,161080株,88百万円,-2,-0.37,545.917円,354回,24.4億円
2516,2020-04-16,540,560,15:00,538,09:00,560,213260株,117百万円,+18,+3.32,549.695円,369回,25.2億円
2516,2020-04-17,567,575,09:37,554,12:37,563,197890株,112百万円,+3,+0.54,564.276円,461回,25.3億円
2516,2020-04-20,558,583,14:57,558,09:00,580,275240株,158百万円,+17,+3.02,574.34円,563回,26.1億円
2516,2020-04-21,575,582,09:12,546,13:14,552,307620株,173百万円,-28,-4.83,561.772円,709回,24.8億円
2516,2020-04-22,532,546,10:39,527,09:28,537,218070株,117百万円,-15,-2.72,535.71円,546回,24.2億円
2516,2020-04-23,562,583,10:09,559,09:11,583,268490株,153百万円,+46,+8.57,571.498円,592回,26.2億円
2516,2020-04-24,581,581,09:00,561,09:37,575,337130株,193百万円,-8,-1.37,572.668円,513回,20.7億円
2516,2020-04-27,583,588,10:28,578,09:05,583,144380株,84百万円,+8,+1.39,582.952円,409回,21.0億円
2516,2020-04-28,588,597,14:33,573,09:32,597,166120株,98百万円,+14,+2.40,589.453円,372回,21.5億円
2516,2020-04-30,617,620,09:04,601,14:39,604,173160株,106百万円,+7,+1.17,610.907円,562回,21.7億円
2516,2020-05-01,589,605,09:43,588,09:03,597,209200株,124百万円,-7,-1.16,594.711円,426回,21.5億円
2516,2020-05-07,605,638,12:54,605,09:00,636,1014740株,639百万円,+39,+6.53,629.298円,1877回,22.9億円
2516,2020-05-08,654,660,09:06,606,10:15,634,1798350株,1134百万円,-2,-0.31,630.783円,3072回,22.8億円
2516,2020-05-11,641,643,09:01,621,09:21,641,841380株,533百万円,+7,+1.10,634.03円,1174回,23.1億円,05/01,451.58,416.65,0.92
2516,2020-05-12,639,646,10:25,633,09:02,640,256380株,164百万円,-1,-0.16,640.448円,602回,23.0億円,05/01,451.58,416.65,0.92
2516,2020-05-13,626,650,13:36,626,09:03,647,409370株,263百万円,+7,+1.09,641.75円,717回,23.3億円,05/01,451.58,416.65,0.92
2516,2020-05-14,639,649,10:49,621,14:51,623,467170株,296百万円,-24,-3.71,633.88円,1179回,22.4億円,05/01,451.58,416.65,0.92
2516,2020-05-15,642,646,09:15,621,11:20,637,305670株,194百万円,+14,+2.25,634.477円,576回,22.9億円,05/01,451.58,416.65,0.92
2516,2020-05-18,641,674,14:59,638,09:07,674,703300株,463百万円,+37,+5.81,657.937円,1258回,24.3億円,05/01,451.58,416.65,0.92
2516,2020-05-19,684,685,09:02,663,09:41,677,400490株,271百万円,+3,+0.45,675.953円,850回,24.4億円,05/01,451.58,416.65,0.92
2516,2020-05-20,671,696,12:44,670,09:00,692,494020株,340百万円,+15,+2.22,687.791円,999回,24.9億円,05/15,682.89,629.22,0.92
2516,2020-05-21,699,708,14:52,682,11:12,708,956480株,665百万円,+16,+2.31,695.141円,1846回,25.5億円,05/15,682.89,629.22,0.92
2516,2020-05-22,711,717,09:00,696,12:47,707,667410株,471百万円,-1,-0.14,705.268円,1631回,25.5億円,05/15,682.89,629.22,0.92
2516,2020-05-25,724,740,14:56,719,10:32,739,638920株,466百万円,+32,+4.53,729.562円,1066回,26.6億円,05/15,682.89,629.22,0.92
2516,2020-05-26,753,754,09:00,711,13:55,725,969490株,715百万円,-14,-1.89,737.21円,1981回,26.1億円,05/15,682.89,629.22,0.92
2516,2020-05-27,721,730,15:00,699,09:12,730,633810株,454百万円,+5,+0.69,717.019円,1460回,26.3億円,05/22,934.35,743.52,0.80
2516,2020-05-28,730,730,09:00,695,12:59,721,826410株,589百万円,-9,-1.23,713.19円,1815回,26.0億円,05/22,934.35,743.52,0.80
2516,2020-05-29,712,746,14:48,710,09:00,746,783760株,576百万円,+25,+3.47,734.341円,1432回,26.9億円,05/22,934.35,743.52,0.80
2516,2020-06-01,749,781,12:42,747,09:02,772,1358340株,1044百万円,+26,+3.49,768.549円,2349回,27.8億円,05/22,934.35,743.52,0.80
2516,2020-06-02,781,783,09:00,764,09:26,773,741700株,575百万円,+1,+0.13,775.395円,1058回,27.8億円,05/22,934.35,743.52,0.80
2516,2020-06-03,786,787,09:00,749,11:27,768,936080株,717百万円,-5,-0.65,765.448円,1981回,27.7億円,05/29,1095.80,1062.30,0.97
2516,2020-06-04,773,773,09:00,737,12:47,749,880010株,662百万円,-19,-2.47,751.862円,1789回,17.2億円,05/29,1095.80,1062.30,0.97
2516,2020-06-05,745,768,14:56,739,09:05,767,811860株,609百万円,+18,+2.40,750.728円,1485回,17.6億円,05/29,1095.80,1062.30,0.97
2516,2020-06-08,776,787,14:53,760,09:13,781,902650株,699百万円,+14,+1.83,774.059円,1471回,18.0億円,05/29,1095.80,1062.30,0.97
2516,2020-06-09,770,779,11:19,747,09:51,776,693860株,533百万円,-5,-0.64,767.644円,1178回,17.9億円,05/29,1095.80,1062.30,0.97
2516,2020-06-10,772,790,14:48,772,09:00,787,441380株,346百万円,+11,+1.42,783.564円,904回,18.1億円,06/05,1368.79,1183.27,0.86
2516,2020-06-11,783,797,11:25,759,14:12,760,1070340株,831百万円,-27,-3.43,776.584円,2163回,17.5億円,06/05,1368.79,1183.27,0.86
2516,2020-06-12,715,767,12:47,711,09:06,763,1201430株,891百万円,+3,+0.39,741.347円,2228回,17.6億円,06/05,1368.79,1183.27,0.86
2516,2020-06-15,756,767,09:03,722,14:57,727,676860株,502百万円,-36,-4.72,742.365円,1460回,16.7億円,06/05,1368.79,1183.27,0.86
2516,2020-06-16,753,780,14:59,748,09:12,779,836920株,641百万円,+52,+7.15,765.391円,1479回,17.9億円,06/05,1368.79,1183.27,0.86
2516,2020-06-17,790,796,10:02,782,09:19,790,754800株,595百万円,+11,+1.41,788.309円,1542回,13.4億円,06/12,1326.60,987.55,0.74
2516,2020-06-18,786,790,09:00,768,10:36,784,350140株,274百万円,-6,-0.76,781.439円,804回,13.3億円,06/12,1326.60,987.55,0.74
2516,2020-06-19,794,798,14:42,785,09:39,794,322400株,255百万円,+10,+1.28,792.173円,623回,13.5億円,06/12,1326.60,987.55,0.74
2516,2020-06-22,786,809,14:34,786,09:00,808,500350株,400百万円,+14,+1.76,799.509円,855回,13.7億円,06/12,1326.60,987.55,0.74
2516,2020-06-23,818,818,09:00,790,10:24,806,413820株,334百万円,-2,-0.25,806.102円,1019回,13.7億円,06/12,1326.60,987.55,0.74
2516,2020-06-24,805,815,10:11,802,09:00,811,280420株,227百万円,+5,+0.62,808.3円,613回,13.8億円,06/19,1321.22,1372.89,1.04
2516,2020-06-25,796,809,10:13,792,09:15,803,465970株,373百万円,-8,-0.99,800.016円,1156回,13.7億円,06/19,1321.22,1372.89,1.04
2516,2020-06-26,806,810,09:18,787,11:09,793,613590株,489百万円,-10,-1.25,796.848円,1224回,13.5億円,06/19,1321.22,1372.89,1.04
