2531,2019-08-06,1097,1108,10:08,1081,12:45,1094,605700株,662百万円,-7,-0.64,1093.366円,1022回
2531,2019-08-06,1070,1092,14:15,1055,09:17,1090,605600株,655百万円,-4,-0.37,1082.246円,1207回
2531,2019-08-07,1000,1025,09:52,976,09:10,1005,1313500株,1316百万円,-85,-7.80,1002.211円,2291回
2531,2019-08-08,1003,1008,10:59,991,10:07,1003,703900株,705百万円,-2,-0.20,1001.506円,1192回
2531,2019-08-09,1007,1015,09:00,975,14:59,976,1151200株,1140百万円,-27,-2.69,990.427円,1753回
2531,2019-08-13,959,966,10:05,942,09:11,958,960800株,920百万円,-18,-1.84,957.206円,1257回
2531,2019-08-14,956,962,09:19,948,09:40,956,857600株,819百万円,-2,-0.21,955.448円,1322回
2531,2019-08-15,933,945,12:34,928,09:31,944,548400株,516百万円,-12,-1.26,940.25円,964回
2531,2019-08-16,946,974,12:32,945,09:00,959,649600株,624百万円,+15,+1.59,960.577円,1113回
2531,2019-08-19,967,986,10:21,963,09:00,985,471700株,462百万円,+26,+2.71,980.173円,891回
2531,2019-08-20,985,1017,11:12,984,09:00,1011,707400株,713百万円,+26,+2.64,1008.458円,1221回
2531,2019-08-21,998,1013,09:24,992,09:01,1006,449700株,452百万円,-5,-0.49,1005.927円,807回
2531,2019-08-22,1004,1012,09:08,1002,09:00,1008,361800株,364百万円,+2,+0.20,1006.871円,682回
2531,2019-08-23,1007,1025,09:18,1007,09:00,1018,460300株,468百万円,+10,+0.99,1015.849円,811回
2531,2019-08-26,987,1012,12:32,985,09:03,1006,702400株,705百万円,-12,-1.18,1003.024円,1123回
2531,2019-08-26,1015,1017,11:15,1004,09:54,1012,446800株,453百万円,+6,+0.60,1012.892円,746回
2531,2019-08-28,1012,1019,09:14,1005,09:02,1011,411400株,417百万円,-1,-0.10,1012.605円,885回
2531,2019-08-29,1022,1027,09:05,1009,10:45,1021,316500株,322百万円,+10,+0.99,1018.514円,645回
2531,2019-08-30,1024,1038,14:56,1022,09:00,1034,717100株,740百万円,+13,+1.27,1031.798円,917回
2531,2019-09-02,1024,1032,09:00,1006,12:43,1009,474600株,481百万円,-25,-2.42,1012.55円,686回
2531,2019-09-03,1009,1015,11:06,998,09:36,1007,547300株,551百万円,-2,-0.20,1007.653円,924回
2531,2019-09-03,1010,1024,10:59,1008,09:00,1015,572500株,582百万円,+8,+0.79,1015.939円,1248回
2531,2019-09-05,1027,1049,11:10,1022,09:02,1035,1004700株,1042百万円,+20,+1.97,1037.331円,1691回
2531,2019-09-05,1040,1047,10:44,1037,14:55,1041,774600株,806百万円,+6,+0.58,1041.166円,1057回
2531,2019-09-07,1042,1045,14:44,1032,10:05,1045,561100株,584百万円,+4,+0.38,1040.546円,942回
2531,2019-09-10,1048,1055,12:54,1039,09:02,1051,644500株,676百万円,+6,+0.57,1049.298円,1128回
2531,2019-09-11,1069,1079,14:42,1057,09:52,1077,669000株,717百万円,+26,+2.47,1071.53円,1108回
2531,2019-09-12,1085,1089,09:02,1075,09:14,1079,689900株,745百万円,+2,+0.19,1079.803円,845回
2531,2019-09-13,1091,1093,09:00,1073,09:13,1086,1335800株,1454百万円,+7,+0.65,1088.614円,1085回
2531,2019-09-17,1095,1115,14:42,1087,09:02,1113,834100株,925百万円,+27,+2.49,1109.239円,1216回
2531,2019-09-17,1116,1119,09:00,1100,12:52,1103,659200株,729百万円,-10,-0.90,1106.312円,1248回,2224.75億円
2531,2019-09-19,1113,1134,09:31,1109,09:00,1120,598700株,672百万円,+17,+1.54,1122.75円,1213回,2259.04億円
2531,2019-09-20,1130,1137,09:00,1110,10:04,1118,690700株,772百万円,-2,-0.18,1118.071円,1077回,2255.00億円
2531,2019-09-24,1118,1138,10:07,1116,09:00,1124,513000株,578百万円,+6,+0.54,1126.836円,934回,2267.11億円
2531,2019-09-25,1118,1121,09:05,1100,13:02,1103,652400株,721百万円,-21,-1.87,1105.212円,897回,2224.75億円
2531,2019-09-26,1107,1109,09:00,1093,09:15,1099,943200株,1039百万円,-4,-0.36,1101.068円,1781回,2216.68億円
2531,2019-09-27,1089,1107,09:57,1081,13:52,1087,644800株,703百万円,-12,-1.09,1090.27円,1153回,2192.48億円
2531,2019-09-30,1074,1076,09:00,1057,09:07,1069,838800株,896百万円,-18,-1.66,1067.673円,1176回,2156.17億円
2531,2019-10-01,1067,1101,13:16,1063,09:00,1097,504500株,552百万円,+28,+2.62,1094.27円,988回,2212.65億円
2531,2019-10-02,1095,1103,09:07,1077,14:59,1079,593900株,645百万円,-18,-1.64,1085.884円,954回,2176.34億円
2531,2019-10-03,1055,1055,09:00,1016,12:49,1029,1175700株,1209百万円,-50,-4.63,1028.541円,1797回,2075.49億円
2531,2019-10-04,1023,1055,13:47,1022,09:00,1053,889900株,931百万円,+24,+2.33,1046.595円,1396回,2123.90億円
2531,2019-10-07,1049,1063,09:09,1046,10:05,1054,405800株,427百万円,+1,+0.09,1052.121円,662回,2125.92億円
2531,2019-10-08,1061,1084,11:08,1061,09:00,1079,583200株,629百万円,+25,+2.37,1078.033円,897回,2176.34億円
2531,2019-10-09,1070,1084,09:37,1066,11:15,1072,470900株,505百万円,-7,-0.65,1072.329円,1063回,2162.22億円
2531,2019-10-10,1077,1078,09:00,1055,09:30,1061,337600株,358百万円,-11,-1.03,1061.215円,643回,2140.03億円
2531,2019-10-11,1080,1080,09:00,1065,14:59,1068,626900株,672百万円,+7,+0.66,1072.147円,992回,2154.15億円
2531,2019-10-15,1092,1116,11:01,1089,09:00,1110,621500株,689百万円,+42,+3.93,1108.395円,1110回,2238.87億円
2531,2019-10-16,1122,1139,09:09,1104,14:34,1106,610400株,679百万円,-4,-0.36,1112.593円,1049回,2230.80億円
2531,2019-10-17,1106,1106,09:00,1081,12:30,1082,424500株,461百万円,-24,-2.17,1087.052円,809回,2182.39億円
2531,2019-10-18,1093,1097,09:30,1072,13:21,1073,380500株,411百万円,-9,-0.83,1079.939円,649回,2164.24億円
2531,2019-10-21,1070,1082,12:47,1064,09:33,1078,345500株,372百万円,+5,+0.47,1075.783円,569回,2174.32億円
2531,2019-10-23,1090,1094,09:00,1072,09:19,1080,356300株,385百万円,+2,+0.19,1079.79円,562回,2178.36億円
2531,2019-10-24,1083,1095,14:32,1080,09:34,1095,425300株,464百万円,+15,+1.39,1091.784円,737回,2208.61億円
2531,2019-10-25,1092,1105,09:00,1086,12:34,1094,433500株,474百万円,-1,-0.09,1092.639円,616回,2206.60億円
2531,2019-10-28,1086,1096,09:00,1073,10:47,1075,389800株,420百万円,-19,-1.74,1077.745円,727回,2168.27億円
2531,2019-10-29,1079,1088,09:07,1076,09:15,1078,333100株,360百万円,+3,+0.28,1079.624円,467回,2174.32億円
2531,2019-10-30,1078,1093,09:08,1075,12:44,1083,317500株,344百万円,+5,+0.46,1083.274円,820回,2184.41億円
2531,2019-10-31,1092,1096,09:00,1079,14:37,1079,609500株,660百万円,-2,-0.19,1082.156円,848回,2176.34億円
2531,2019-11-01,1076,1076,09:00,1060,10:34,1067,398600株,425百万円,-12,-1.11,1065.161円,738回,2152.14億円
2531,2019-11-05,1081,1102,14:59,1070,09:03,1099,772000株,842百万円,+32,+3.00,1091.019円,1244回,2216.68億円
2531,2019-11-06,1101,1104,10:49,1088,09:55,1090,437400株,478百万円,-9,-0.82,1093.554円,889回,2198.53億円
2531,2019-11-07,1090,1093,09:37,1076,12:49,1080,371300株,402百万円,-10,-0.92,1081.365円,659回,2178.36億円
2531,2019-11-08,1097,1108,09:30,1086,09:01,1095,902900株,991百万円,+15,+1.39,1097.302円,1009回,2208.61億円
2531,2019-11-11,1085,1091,09:44,1070,11:27,1073,697600株,751百万円,-22,-2.01,1076.669円,1183回,2164.24億円
2531,2019-11-12,1070,1093,10:27,1068,09:13,1086,687000株,745百万円,+13,+1.21,1084.133円,1547回,2190.46億円
2531,2019-11-13,1096,1102,09:00,1077,14:09,1081,876700株,954百万円,-5,-0.46,1087.872円,2314回,2180.37億円
2531,2019-11-14,1072,1079,09:02,1041,13:10,1042,1086600株,1144百万円,-38,-3.52,1052.784円,1758回,2101.71億円
2531,2019-11-15,1050,1075,12:30,1050,09:00,1063,1004500株,1069百万円,+21,+2.02,1064.439円,1502回,2144.07億円
2531,2019-11-18,1061,1085,12:38,1059,09:00,1083,664800株,716百万円,+20,+1.88,1077.456円,1332回,2184.41億円
2531,2019-11-19,1085,1092,09:13,1078,10:09,1088,498400株,542百万円,+5,+0.46,1087.14円,884回,2194.49億円
2531,2019-11-20,1080,1080,09:00,1054,11:13,1056,974200株,1034百万円,-32,-2.94,1060.948円,1639回,2129.95億円
2531,2019-11-21,1059,1069,09:24,1050,10:55,1057,668200株,707百万円,+1,+0.09,1058.136円,1242回,2131.97億円
2531,2019-11-22,1056,1074,10:40,1054,09:00,1062,552500株,589百万円,+5,+0.47,1065.478円,940回,2142.05億円
2531,2019-11-25,1069,1079,10:36,1065,09:02,1076,347300株,373百万円,+14,+1.32,1075.437円,576回,2170.29億円
2531,2019-11-26,1080,1080,09:00,1057,14:59,1058,643600株,686百万円,-18,-1.67,1065.904円,752回,2133.98億円
2531,2019-11-27,1065,1069,09:02,1055,14:59,1055,442600株,469百万円,-3,-0.28,1059.945円,797回,2127.93億円
2531,2019-11-28,1056,1058,09:02,1042,09:33,1056,415800株,438百万円,+1,+0.09,1052.723円,804回,2129.95億円
2531,2019-11-29,1056,1068,10:41,1054,09:00,1058,419100株,444百万円,+2,+0.19,1060.455円,779回,2133.98億円
2531,2019-12-02,1058,1077,12:38,1055,09:00,1074,557000株,597百万円,+16,+1.51,1071.235円,771回,2166.26億円
2531,2019-12-03,1061,1063,09:44,1052,10:33,1052,758000株,800百万円,-22,-2.05,1055.145円,914回,2121.88億円
2531,2019-12-05,1050,1052,09:07,1041,10:30,1049,556400株,582百万円,+1,+0.10,1046.901円,917回,2115.83億円
2531,2019-12-06,1051,1054,09:28,1044,13:55,1045,473200株,496百万円,-4,-0.38,1047.893円,730回,2107.76億円
2531,2019-12-09,1056,1056,09:00,1047,09:02,1052,499400株,525百万円,+7,+0.67,1051.707円,659回,2121.88億円
2531,2019-12-10,1047,1055,09:20,1046,09:02,1049,480600株,505百万円,-3,-0.29,1050.763円,763回,2115.83億円
2531,2019-12-13,1028,1038,09:22,1021,09:00,1033,1568900株,1616百万円,+27,+2.68,1030.139円,1473回,2083.56億円
2531,2019-12-16,1032,1041,09:08,1031,09:00,1035,510500株,529百万円,+2,+0.19,1035.91円,653回,2087.59億円
2531,2019-12-17,1039,1041,09:31,1031,11:20,1032,514000株,532百万円,-3,-0.29,1034.542円,495回,2081.54億円
2531,2019-12-18,1032,1035,09:02,1022,14:34,1025,447200株,459百万円,-7,-0.68,1026.687円,526回,2067.42億円
2531,2019-12-19,1020,1023,09:47,1012,12:31,1013,464200株,472百万円,-12,-1.17,1016.495円,522回,2043.22億円
2531,2019-12-20,1008,1017,12:43,1008,09:00,1011,505100株,511百万円,-2,-0.20,1011.505円,529回,2039.18億円
2531,2019-12-23,1019,1022,09:00,1011,09:06,1016,470300株,477百万円,+5,+0.49,1015.089円,514回,2049.27億円
2531,2019-12-24,1016,1032,09:46,1016,09:00,1026,457700株,469百万円,+10,+0.98,1024.941円,689回,2069.44億円
2531,2019-12-25,1030,1032,09:03,1019,10:45,1022,237000株,242百万円,-4,-0.39,1022.727円,357回,2061.37億円
2531,2019-12-26,1017,1030,14:59,1016,09:00,1029,315000株,323百万円,+7,+0.68,1026.153円,486回,2075.49億円
2531,2019-12-27,1032,1039,09:03,1024,12:34,1025,421300株,433百万円,-4,-0.39,1028.393円,698回,2067.42億円
2531,2019-12-30,1025,1025,09:00,1005,14:38,1005,478700株,483百万円,-20,-1.95,1008.845円,593回,2027.08億円
2531,2020-01-06,994,994,09:00,970,11:01,970,867600株,847百万円,-35,-3.48,975.924円,1027回,1956.49億円
2531,2020-01-07,982,1009,14:44,982,09:00,1008,769100株,769百万円,+38,+3.92,999.948円,1102回,2033.13億円
2531,2020-01-08,978,990,12:30,967,09:41,981,812600株,795百万円,-27,-2.68,978.352円,1208回,1978.67億円
2531,2020-01-09,996,1024,14:19,994,09:00,1018,766700株,777百万円,+37,+3.77,1013.279円,996回,2053.30億円
2531,2020-01-10,1023,1029,14:43,1012,10:17,1027,719700株,736百万円,+9,+0.88,1022.989円,869回,2071.46億円
2531,2020-01-14,1025,1025,09:00,1001,13:39,1004,628400株,633百万円,-23,-2.24,1007.671円,881回,2025.07億円
2531,2020-01-15,1001,1013,10:16,999,13:27,1005,418300株,421百万円,+1,+0.10,1005.525円,637回,2027.08億円
2531,2020-01-16,1005,1015,09:18,1002,10:08,1008,401900株,405百万円,+3,+0.30,1007.751円,471回,2033.13億円
2531,2020-01-17,1018,1018,09:00,1003,13:15,1004,486900株,491百万円,-4,-0.40,1007.904円,595回,2025.07億円
2531,2020-01-20,1003,1008,10:34,998,10:00,1001,303200株,304百万円,-3,-0.30,1003.236円,457回,2019.01億円
2531,2020-01-21,999,1003,09:01,991,10:20,992,593400株,590百万円,-9,-0.90,994.301円,659回,2000.86億円
2531,2020-01-22,988,1004,14:00,985,09:13,1000,453100株,451百万円,+8,+0.81,995.934円,625回,2017.00億円
2531,2020-01-23,991,994,09:04,981,14:34,984,567700株,560百万円,-16,-1.60,986.117円,748回,1984.73億円
2531,2020-01-24,985,990,10:15,981,09:02,984,428500株,422百万円,0,0,985.057円,538回,1984.73億円
2531,2020-01-27,969,983,13:22,965,09:10,980,525300株,512百万円,-4,-0.41,975.164円,695回,1976.66億円
2531,2020-01-28,966,974,13:56,963,09:22,970,537700株,521百万円,-10,-1.02,968.716円,637回,1956.49億円
2531,2020-01-29,971,982,13:28,970,09:02,980,375900株,367百万円,+10,+1.03,977.515円,532回,1977億円
2531,2020-01-30,968,977,09:14,950,14:22,953,615200株,589百万円,-27,-2.76,957.856円,773回,1922億円
2531,2020-01-31,966,981,10:15,960,09:29,974,520200株,506百万円,+21,+2.20,971.884円,883回,1945億円
2531,2020-02-03,948,964,11:29,945,09:08,958,630600株,603百万円,-16,-1.64,956.962円,903回,1913億円
2531,2020-02-04,950,967,14:45,949,09:00,964,478000株,459百万円,+6,+0.63,960.421円,535回,1925億円
2531,2020-02-05,969,975,09:16,964,10:02,969,575100株,558百万円,+5,+0.52,969.4円,864回,1935億円
2531,2020-02-06,988,997,13:48,984,10:32,988,611400株,605百万円,+19,+1.96,989.014円,839回,1973億円
2531,2020-02-07,1021,1041,09:05,1005,10:10,1006,1076200株,1094百万円,+18,+1.82,1016.72円,1720回,2009億円
2531,2020-02-10,1007,1009,09:46,996,13:04,1006,720200株,723百万円,0,0,1004.011円,760回,2009億円
2531,2020-02-10,1002,1004,09:00,984,09:28,989,711600株,705百万円,-17,-1.69,990.056円,1047回,1975億円
2531,2020-02-13,989,990,09:02,973,09:24,985,727800株,714百万円,-4,-0.40,980.696円,1029回,1967億円
2531,2020-02-14,970,971,09:00,941,10:26,945,1331400株,1264百万円,-40,-4.06,949.129円,1719回,1887億円
2531,2020-02-17,940,942,09:00,914,09:11,923,879500株,814百万円,-22,-2.33,925.866円,1174回,1843億円
2531,2020-02-17,913,915,13:55,907,10:10,912,813700株,741百万円,-11,-1.19,911.052円,1027回,1821億円
2531,2020-02-18,918,937,13:26,918,09:00,935,917100株,854百万円,+23,+2.52,931.256円,1650回,1867億円
2531,2020-02-20,948,962,10:40,947,09:00,952,945600株,903百万円,+17,+1.82,954.937円,1890回,1901億円
2531,2020-02-21,948,949,09:00,934,14:59,934,533300株,501百万円,-18,-1.89,939.061円,921回,1865億円
2531,2020-02-25,883,889,09:40,866,14:59,869,1402700株,1229百万円,-65,-6.96,876.242円,1620回,1735億円
2531,2020-02-26,866,888,13:06,863,09:01,881,1125100株,986百万円,+12,+1.38,876.766円,1469回,1759億円
2531,2020-02-27,870,878,09:40,865,13:57,869,1092900株,951百万円,-12,-1.36,869.843円,1606回,1735億円
2531,2020-02-28,843,853,09:36,829,12:42,837,1540600株,1289百万円,-32,-3.68,836.771円,1819回,1671億円
