2675,2019-12-17,1700,1700,09:00,1698,11:18,1700,1000株,2百万円,+1,+0.06,1699.4円,7回,119.56億円
2675,2019-12-18,1702,1702,09:00,1699,13:53,1699,1900株,3百万円,-1,-0.06,1700.789円,12回,119.49億円
2675,2019-12-19,1701,1708,13:26,1698,09:24,1705,4800株,8百万円,+6,+0.35,1703.771円,24回,119.91億円
2675,2019-12-20,1710,1710,09:00,1700,10:36,1706,2800株,5百万円,+1,+0.06,1704.786円,13回,119.98億円
2675,2019-12-23,1711,1711,09:00,1700,12:30,1704,2900株,5百万円,-2,-0.12,1705.793円,13回,119.84億円
2675,2019-12-24,1702,1710,15:00,1699,10:02,1710,5100株,9百万円,+6,+0.35,1704.157円,20回,120.26億円
2675,2019-12-25,1709,1709,09:00,1700,12:37,1705,3300株,6百万円,-5,-0.29,1703.879円,20回,119.91億円
2675,2019-12-26,1699,1710,14:40,1659,15:00,1659,13400株,23百万円,-46,-2.70,1696.769円,42回,116.68億円
2675,2019-12-27,1620,1628,13:56,1620,09:00,1621,13600株,22百万円,-38,-2.29,1621.434円,49回,114.00億円
2675,2019-12-30,1621,1621,09:00,1610,11:22,1613,4400株,7百万円,-8,-0.49,1614.864円,27回,113.44億円
2675,2020-01-06,1609,1620,12:30,1601,10:00,1606,2500株,4百万円,-7,-0.43,1606.56円,19回,112.95億円
2675,2020-01-07,1624,1624,09:00,1610,11:05,1611,2100株,3百万円,+5,+0.31,1619.667円,9回,113.30億円
2675,2020-01-08,1611,1611,09:00,1606,09:10,1606,1400株,2百万円,-5,-0.31,1607.143円,13回,112.95億円
2675,2020-01-09,1606,1613,09:24,1606,09:00,1610,2500株,4百万円,+4,+0.25,1609.56円,22回,113.23億円
2675,2020-01-10,1607,1618,09:36,1607,09:00,1617,1400株,2百万円,+7,+0.43,1614.143円,11回,113.72億円
2675,2020-01-14,1630,1630,09:00,1619,09:51,1621,2000株,3百万円,+4,+0.25,1624円,13回,114.00億円
2675,2020-01-15,1630,1634,09:40,1624,15:00,1624,1900株,3百万円,+3,+0.19,1629.895円,10回,114.22億円
2675,2020-01-16,1620,1630,12:30,1620,09:00,1625,1900株,3百万円,+1,+0.06,1623.737円,6回,114.29億円
2675,2020-01-17,1637,1637,09:00,1620,09:35,1628,2000株,3百万円,+3,+0.18,1625.75円,13回,114.50億円
2675,2020-01-20,1624,1630,10:17,1622,15:00,1622,1200株,2百万円,-6,-0.37,1624.333円,6回,114.08億円
2675,2020-01-21,1629,1630,12:32,1629,09:10,1630,500株,1百万円,+8,+0.49,1629.8円,5回,114.64億円
2675,2020-01-22,1630,1644,13:34,1627,09:09,1644,1800株,3百万円,+14,+0.86,1635.444円,15回,115.62億円
2675,2020-01-23,1631,1634,15:00,1627,09:36,1634,800株,1百万円,-10,-0.61,1629.75円,6回,114.92億円
2675,2020-01-24,1645,1645,09:00,1621,12:45,1622,2700株,4百万円,-12,-0.73,1627.444円,18回,114.08億円
2675,2020-01-27,1629,1647,09:01,1622,10:25,1622,2100株,3百万円,0,0,1626.476円,16回,114.08億円
2675,2020-01-28,1621,1621,09:00,1616,09:20,1620,1600株,3百万円,-2,-0.12,1619.875円,5回,113.93億円
2675,2020-01-29,1615,1616,15:00,1615,09:00,1616,500株,1百万円,-4,-0.25,1615.4円,3回,114億円
2675,2020-01-30,1612,1612,09:00,1612,09:00,1612,1100株,2百万円,-4,-0.25,1612円,3回,113億円
2675,2020-01-31,1630,1630,09:00,1620,09:12,1630,3200株,5百万円,+18,+1.12,1628.375円,14回,115億円
2675,2020-02-03,1629,1629,09:00,1613,09:25,1619,1200株,2百万円,-11,-0.67,1622.167円,8回,114億円
2675,2020-02-04,1615,1620,12:44,1615,11:12,1619,300株,－百万円,0,0,1618円,3回,114億円
2675,2020-02-05,1616,1617,15:00,1616,09:15,1617,400株,1百万円,-2,-0.12,1616.25円,4回,114億円
2675,2020-02-06,1618,1629,13:44,1613,14:31,1616,2500株,4百万円,-1,-0.06,1618.8円,18回,114億円
2675,2020-02-07,1623,1627,11:16,1615,09:13,1616,1700株,3百万円,0,0,1619.353円,17回,114億円
2675,2020-02-10,1628,1628,09:00,1611,09:20,1615,1300株,2百万円,-1,-0.06,1618.615円,11回,114億円
2675,2020-02-12,1625,1625,09:00,1622,13:51,1622,900株,1百万円,+7,+0.43,1624.444円,7回,114億円
2675,2020-02-13,1624,1624,09:00,1618,09:46,1621,900株,1百万円,-1,-0.06,1619.333円,4回,114億円
2675,2020-02-14,1622,1626,10:18,1621,13:36,1621,2100株,3百万円,0,0,1623.191円,9回,114億円
2675,2020-02-17,1629,1629,09:00,1613,13:29,1615,1500株,2百万円,-6,-0.37,1619.533円,10回,114億円
2675,2020-02-17,1615,1615,09:00,1609,14:22,1609,1300株,2百万円,-6,-0.37,1612.077円,11回,113億円
2675,2020-02-18,1627,1627,09:00,1625,12:38,1625,1200株,2百万円,+16,+0.99,1625.833円,4回,114億円
2675,2020-02-20,1616,1616,09:00,1607,09:47,1610,1800株,3百万円,-15,-0.92,1613.556円,15回,113億円
2675,2020-02-21,1610,1610,09:00,1607,09:52,1607,400株,1百万円,-3,-0.19,1608.5円,4回,113億円
2675,2020-02-25,1580,1580,09:00,1550,09:13,1570,6100株,10百万円,-37,-2.30,1569.377円,32回,110億円
2675,2020-02-26,1551,1570,10:13,1551,09:00,1552,1400株,2百万円,-18,-1.15,1555.714円,12回,109億円
2675,2020-02-27,1580,1580,09:01,1540,14:05,1549,2600株,4百万円,-3,-0.19,1551.038円,16回,109億円
2675,2020-02-28,1501,1503,09:12,1405,12:52,1465,8700株,13百万円,-84,-5.42,1458.897円,58回,103億円
2675,2020-03-02,1392,1447,12:30,1378,09:08,1441,5300株,7百万円,-24,-1.64,1413.717円,33回,101億円
2675,2020-03-03,1483,1483,09:03,1415,15:00,1415,3900株,6百万円,-26,-1.80,1451.487円,26回,99.5億円
2675,2020-03-04,1378,1417,10:22,1378,09:03,1390,3700株,5百万円,-25,-1.77,1382.216円,9回,97.8億円
2675,2020-03-05,1409,1421,10:24,1406,09:57,1410,1200株,2百万円,+20,+1.44,1414.25円,10回,99.2億円
2675,2020-03-06,1429,1429,09:00,1378,09:04,1390,2200株,3百万円,-20,-1.42,1402.773円,13回,97.8億円
2675,2020-03-06,1380,1383,09:02,1284,14:51,1299,7900株,11百万円,-91,-6.55,1347.418円,44回,91.4億円
2675,2020-03-10,1119,1240,14:11,1075,09:48,1216,12500株,14百万円,-83,-6.39,1131.808円,56回,85.5億円
2675,2020-03-11,1220,1240,13:51,1220,09:00,1231,1300株,2百万円,+15,+1.23,1227円,9回,86.6億円
2675,2020-03-12,1220,1220,09:00,1095,12:30,1100,11000株,12百万円,-131,-10.64,1135.173円,44回,77.4億円
2675,2020-03-13,921,1012,14:34,921,09:21,1010,19800株,19百万円,-90,-8.18,943.268円,69回,71.0億円
2675,2020-03-16,1000,1020,14:50,980,09:26,1000,6500株,6百万円,-10,-0.99,999.492円,33回,70.3億円
2675,2020-03-17,965,1021,13:24,960,09:13,1015,7100株,7百万円,+15,+1.50,983.972円,26回,71.4億円
2675,2020-03-18,1020,1101,09:28,1020,09:00,1073,4200株,5百万円,+58,+5.71,1071.762円,27回,75.5億円
2675,2020-03-19,1098,1151,13:59,1090,09:56,1139,5300株,6百万円,+66,+6.15,1118円,18回,80.1億円
2675,2020-03-23,1152,1160,09:19,1081,10:11,1101,5400株,6百万円,-38,-3.34,1131.944円,20回,77.4億円
2675,2020-03-24,1149,1177,09:37,1149,09:03,1176,1400株,2百万円,+75,+6.81,1171.071円,10回,82.7億円
2675,2020-03-25,1190,1350,12:43,1190,09:00,1267,6200株,8百万円,+91,+7.74,1254.887円,26回,89.1億円
2675,2020-03-26,1260,1260,09:00,1210,09:11,1236,2000株,2百万円,-31,-2.45,1235.95円,13回,86.9億円
2675,2020-03-27,1280,1295,09:09,1241,12:30,1258,3000株,4百万円,+22,+1.78,1270.567円,12回,88.5億円
2675,2020-03-30,1228,1230,09:07,1188,12:39,1196,3700株,4百万円,-62,-4.93,1205.73円,19回,84.1億円
2675,2020-03-31,1196,1259,12:30,1194,09:06,1226,1300株,2百万円,+30,+2.51,1242円,8回,86.2億円
2675,2020-04-01,1200,1200,09:00,1150,09:39,1169,3800株,4百万円,-57,-4.65,1172円,20回,82.2億円
2675,2020-04-02,1150,1150,09:00,1100,10:21,1140,6200株,7百万円,-29,-2.48,1121.258円,23回,80.2億円
2675,2020-04-03,1086,1086,09:03,1007,14:16,1056,7200株,8百万円,-84,-7.37,1055.972円,48回,74.3億円
2675,2020-04-06,1029,1089,10:30,1020,09:26,1035,5000株,5百万円,-21,-1.99,1044.5円,30回,72.8億円
2675,2020-04-07,1088,1088,09:03,1060,12:59,1074,2700株,3百万円,+39,+3.77,1082.222円,15回,75.5億円
2675,2020-04-08,1074,1150,13:41,1074,09:00,1146,2500株,3百万円,+72,+6.70,1112.56円,19回,80.6億円
2675,2020-04-09,1146,1150,11:16,1130,09:32,1135,1400株,2百万円,-11,-0.96,1142.071円,10回,79.8億円
2675,2020-04-10,1144,1157,09:38,1144,09:14,1151,1000株,1百万円,+16,+1.41,1150.5円,8回,81.0億円
2675,2020-04-13,1150,1181,10:24,1146,09:33,1166,2100株,2百万円,+15,+1.30,1155.048円,16回,82.0億円
2675,2020-04-14,1166,1279,09:07,1160,13:34,1187,6500株,8百万円,+21,+1.80,1200.046円,36回,83.5億円
2675,2020-04-15,1277,1277,09:06,1206,12:30,1216,4100株,5百万円,+29,+2.44,1254.268円,7回,85.5億円
2675,2020-04-16,1216,1265,13:11,1216,09:00,1226,1200株,1百万円,+10,+0.82,1227.833円,6回,86.2億円
2675,2020-04-17,1227,1268,09:42,1227,09:00,1260,2000株,3百万円,+34,+2.77,1254.05円,13回,88.6億円
2675,2020-04-20,1350,1350,09:07,1259,09:37,1276,4600株,6百万円,+16,+1.27,1311.826円,13回,89.7億円
2675,2020-04-21,1280,1297,12:44,1280,09:51,1285,800株,1百万円,+9,+0.71,1288.875円,8回,90.4億円
2675,2020-04-22,1300,1300,09:00,1256,09:59,1262,1700株,2百万円,-23,-1.79,1278.353円,16回,88.8億円
2675,2020-04-23,1313,1313,09:03,1274,11:14,1274,500株,1百万円,+12,+0.95,1297円,4回,89.6億円
2675,2020-04-24,1274,1290,14:36,1267,15:00,1267,600株,1百万円,-7,-0.55,1275.333円,6回,89.1億円
2675,2020-04-27,1272,1285,14:52,1272,11:03,1277,300株,－百万円,+10,+0.79,1278円,3回,89.8億円
2675,2020-04-28,1267,1299,15:00,1267,09:00,1299,1200株,2百万円,+22,+1.72,1278.25円,10回,91.4億円
2675,2020-04-30,1329,1329,09:00,1290,12:47,1291,1700株,2百万円,-8,-0.62,1302.118円,14回,90.8億円
2675,2020-05-01,1293,1315,10:06,1290,14:53,1290,900株,1百万円,-1,-0.08,1301.222円,6回,90.7億円
2675,2020-05-07,1297,1305,10:04,1280,15:00,1280,2900株,4百万円,-10,-0.78,1297.345円,13回,90.0億円
2675,2020-05-08,1290,1300,12:33,1290,09:00,1299,1300株,2百万円,+19,+1.48,1296.308円,3回,91.4億円
2675,2020-05-11,1329,1394,10:15,1329,09:01,1364,6500株,9百万円,+65,+5.00,1368.261円,35回,95.9億円,05/01,0.0,7.3,－
2675,2020-05-12,1365,1380,12:55,1350,09:33,1369,1300株,2百万円,+5,+0.37,1363.154円,11回,96.3億円,05/01,0.0,7.3,－
2675,2020-05-13,1389,1389,09:00,1385,10:15,1387,700株,1百万円,+18,+1.31,1387.143円,7回,97.6億円,05/01,0.0,7.3,－
2675,2020-05-14,1390,1402,13:06,1390,09:01,1402,900株,1百万円,+15,+1.08,1398.778円,9回,98.6億円,05/01,0.0,7.3,－
2675,2020-05-15,1450,1450,09:03,1304,12:34,1352,5800株,8百万円,-50,-3.57,1376.759円,31回,95.1億円,05/01,0.0,7.3,－
2675,2020-05-18,1340,1379,14:05,1340,09:00,1359,1200株,2百万円,+7,+0.52,1355円,10回,95.6億円,05/01,0.0,7.3,－
2675,2020-05-19,1360,1361,09:45,1350,10:05,1350,1700株,2百万円,-9,-0.66,1358.706円,9回,95.0億円,05/01,0.0,7.3,－
2675,2020-05-20,1362,1368,13:14,1360,10:36,1360,1600株,2百万円,+10,+0.74,1361.562円,9回,95.7億円,05/01,0.0,7.3,－
2675,2020-05-21,1381,1382,09:45,1370,10:59,1370,400株,1百万円,+10,+0.74,1375.75円,4回,96.4億円,05/15,0.0,7.4,－
2675,2020-05-22,1370,1444,12:33,1370,09:31,1414,2800株,4百万円,+44,+3.21,1408.464円,7回,99.5億円,05/15,0.0,7.4,－
2675,2020-05-25,1466,1466,09:03,1450,09:26,1461,2200株,3百万円,+47,+3.32,1461.455円,13回,103億円,05/15,0.0,7.4,－
2675,2020-05-26,1492,1510,13:01,1477,14:18,1477,6300株,9百万円,+16,+1.10,1494.698円,32回,104億円,05/15,0.0,7.4,－
2675,2020-05-27,1480,1491,12:30,1463,09:33,1490,3100株,5百万円,+13,+0.88,1472.613円,16回,105億円,05/22,0.0,7.8,－
2675,2020-05-28,1491,1498,11:18,1474,10:56,1486,2500株,4百万円,-4,-0.27,1489.64円,18回,105億円,05/22,0.0,7.8,－
2675,2020-05-29,1489,1489,09:00,1477,14:22,1478,1000株,1百万円,-8,-0.54,1483.4円,10回,104億円,05/22,0.0,7.8,－
2675,2020-06-01,1477,1498,11:09,1477,09:00,1485,4200株,6百万円,+7,+0.47,1484.095円,13回,104億円,05/22,0.0,7.8,－
2675,2020-06-02,1484,1496,11:18,1480,10:33,1496,1400株,2百万円,+11,+0.74,1487.714円,12回,105億円,05/22,0.0,7.8,－
2675,2020-06-03,1497,1509,10:02,1491,12:30,1500,5700株,9百万円,+4,+0.27,1498.789円,19回,106億円,05/22,0.0,7.8,－
2675,2020-06-04,1500,1505,13:00,1496,09:36,1497,1100株,2百万円,-3,-0.20,1498.455円,10回,105億円,05/29,0.0,11.8,－
2675,2020-06-05,1498,1505,10:17,1497,09:43,1497,1600株,2百万円,0,0,1498.125円,8回,105億円,05/29,0.0,11.8,－
2675,2020-06-08,1518,1518,09:00,1500,09:55,1515,3200株,5百万円,+18,+1.20,1511.531円,16回,107億円,05/29,0.0,11.8,－
2675,2020-06-09,1522,1522,09:00,1511,13:22,1515,1400株,2百万円,0,0,1519.643円,6回,107億円,05/29,0.0,11.8,－
2675,2020-06-10,1510,1515,10:06,1510,09:00,1511,1000株,2百万円,-4,-0.26,1512.8円,7回,106億円,06/05,0.0,11.1,－
2675,2020-06-11,1500,1516,13:39,1500,09:00,1516,1800株,3百万円,+5,+0.33,1505.389円,8回,107億円,06/05,0.0,11.1,－
2675,2020-06-12,1508,1508,09:00,1475,09:20,1508,6300株,9百万円,-8,-0.53,1497.524円,25回,106億円,06/05,0.0,11.1,－
2675,2020-06-15,1499,1503,13:34,1496,09:54,1497,1500株,2百万円,-11,-0.73,1498.667円,6回,105億円,06/05,0.0,11.1,－
2675,2020-06-16,1497,1500,09:21,1495,09:07,1496,2400株,4百万円,-1,-0.07,1498.708円,11回,105億円,06/05,0.0,11.1,－
2675,2020-06-17,1500,1500,09:00,1492,11:03,1492,1100株,2百万円,-4,-0.27,1498.455円,8回,105億円,06/12,0.0,8.4,－
2675,2020-06-18,1490,1495,11:30,1487,10:19,1489,1200株,2百万円,-3,-0.20,1490.583円,6回,105億円,06/12,0.0,8.4,－
2675,2020-06-19,1489,1500,12:50,1489,09:00,1499,2700株,4百万円,+10,+0.67,1495.37円,11回,105億円,06/12,0.0,8.4,－
2675,2020-06-22,1499,1507,13:18,1499,09:00,1507,1500株,2百万円,+8,+0.53,1504.6円,11回,106億円,06/12,0.0,8.4,－
2675,2020-06-23,1507,1515,11:27,1507,09:00,1513,2800株,4百万円,+6,+0.40,1511.143円,21回,106億円,06/12,0.0,8.4,－
2675,2020-06-24,1513,1513,09:00,1486,09:16,1513,3000株,5百万円,0,0,1502.033円,23回,106億円,06/19,0.0,8.5,－
2675,2020-06-25,1503,1512,10:41,1485,09:13,1506,6300株,9百万円,-7,-0.46,1499.556円,27回,106億円,06/19,0.0,8.5,－
2675,2020-06-26,1490,1503,11:11,1478,14:59,1480,9300株,14百万円,-26,-1.73,1488.946円,43回,104億円,06/19,0.0,8.5,－
2675,2020-06-29,1370,1400,10:51,1350,09:10,1365,11000株,15百万円,-115,-7.77,1369.955円,44回,96.0億円,06/19,0.0,8.5,－
2675,2020-06-30,1455,1455,09:08,1380,10:10,1406,5600株,8百万円,+41,+3.00,1420.214円,14回,98.9億円,06/26,0.0,2.7,－
2675,2020-07-01,1406,1406,09:00,1355,15:00,1355,1900株,3百万円,-51,-3.63,1376.316円,16回,95.3億円,06/26,0.0,2.7,－
2675,2020-07-02,1355,1355,09:00,1321,14:52,1321,2200株,3百万円,-34,-2.51,1345.182円,10回,92.9億円,06/26,0.0,2.7,－
