2685,2019-12-30,2695,2695,09:00,2432,09:21,2489,1724000株,4326百万円,-180,-6.74,2509.175円,6701回,1214.63億円
2685,2020-01-06,2458,2496,09:51,2407,13:49,2427,621600株,1520百万円,-62,-2.49,2446.106円,2477回,1184.38億円
2685,2020-01-07,2428,2473,11:06,2411,13:33,2422,458800株,1116百万円,-5,-0.21,2433.256円,2123回,1181.94億円
2685,2020-01-08,2400,2400,09:00,2324,10:14,2344,690100株,1622百万円,-78,-3.22,2350.367円,2854回,1143.87億円
2685,2020-01-09,2383,2398,14:43,2348,09:35,2388,393500株,935百万円,+44,+1.88,2377.354円,1482回,1165.34億円
2685,2020-01-10,2371,2408,10:22,2369,09:00,2381,368000株,878百万円,-7,-0.29,2387.155円,1691回,1161.93億円
2685,2020-01-14,2385,2398,09:00,2315,13:44,2328,368200株,862百万円,-53,-2.23,2340.529円,1367回,1136.06億円
2685,2020-01-15,2308,2326,14:58,2283,10:07,2325,335300株,773百万円,-3,-0.13,2304.697円,1220回,1134.60億円
2685,2020-01-16,2320,2365,12:30,2314,09:07,2344,283300株,664百万円,+19,+0.82,2343.295円,1180回,1143.87億円
2685,2020-01-17,2313,2324,09:02,2269,14:04,2281,505800株,1159百万円,-63,-2.69,2290.71円,1685回,1113.13億円
2685,2020-01-20,2296,2312,09:00,2248,13:27,2267,302500株,687百万円,-14,-0.61,2271.954円,1151回,1106.30億円
2685,2020-01-21,2270,2286,11:09,2257,09:42,2273,255400株,580百万円,+6,+0.26,2270.652円,1117回,1109.22億円
2685,2020-01-22,2290,2305,09:00,2271,09:13,2297,207200株,475百万円,+24,+1.06,2290.772円,648回,1120.94億円
2685,2020-01-23,2280,2280,09:00,2244,09:28,2256,317800株,718百万円,-41,-1.78,2258.248円,1101回,1100.93億円
2685,2020-01-24,2229,2238,09:00,2189,10:02,2208,403500株,891百万円,-48,-2.13,2207.916円,1572回,1077.50億円
2685,2020-01-27,2160,2206,13:14,2155,09:00,2193,313800株,684百万円,-15,-0.68,2181.267円,1113回,1070.18億円
2685,2020-01-28,2183,2209,14:50,2177,09:16,2203,293100株,642百万円,+10,+0.46,2192.023円,1067回,1075.06億円
2685,2020-01-29,2194,2209,09:03,2176,10:04,2194,271500株,595百万円,-9,-0.41,2192.481円,1172回,1071億円
2685,2020-01-30,2215,2229,09:10,2155,12:54,2158,293900株,640百万円,-36,-1.64,2178.756円,965回,1053億円
2685,2020-01-31,2156,2181,09:07,2144,09:00,2153,347200株,749百万円,-5,-0.23,2157.763円,1004回,1051億円
2685,2020-02-03,2115,2151,11:00,2110,14:58,2113,411600株,874百万円,-40,-1.86,2122.716円,1419回,1031億円
2685,2020-02-04,2115,2132,09:15,2104,13:09,2123,413700株,876百万円,+10,+0.47,2118.009円,1104回,1036億円
2685,2020-02-05,2123,2164,09:01,2122,09:00,2139,506400株,1084百万円,+16,+0.75,2140.615円,1569回,1044億円
2685,2020-02-06,2116,2180,11:27,2116,09:00,2149,493800株,1061百万円,+10,+0.47,2148.237円,1603回,1049億円
2685,2020-02-07,2158,2165,09:00,2106,09:48,2136,532200株,1138百万円,-13,-0.60,2138.151円,1564回,1042億円
2685,2020-02-10,2120,2172,13:45,2110,09:02,2161,504500株,1083百万円,+25,+1.17,2146.314円,1615回,1055億円
2685,2020-02-12,2177,2182,09:09,2143,14:33,2156,273100株,589百万円,-5,-0.23,2158.241円,864回,1052億円
2685,2020-02-13,2157,2163,09:02,2132,12:55,2142,209000株,448百万円,-14,-0.65,2142.439円,703回,1045億円
2685,2020-02-14,2145,2145,09:00,2108,09:24,2118,264900株,563百万円,-24,-1.12,2125.497円,655回,1034億円
2685,2020-02-17,2103,2110,09:00,2046,13:47,2048,414500株,859百万円,-70,-3.31,2071.295円,1179回,999億円
2685,2020-02-17,2056,2100,14:51,2055,09:00,2097,279400株,581百万円,+49,+2.39,2080.314円,1078回,1023億円
2685,2020-02-18,2111,2125,09:00,2088,09:05,2113,313500株,662百万円,+16,+0.76,2110.109円,998回,1031億円
2685,2020-02-20,2119,2129,09:00,2085,12:39,2106,492800株,1040百万円,-7,-0.33,2109.766円,1123回,1028億円
2685,2020-02-21,2116,2119,09:00,2094,09:48,2109,405300株,856百万円,+3,+0.14,2111.85円,844回,1029億円
2685,2020-02-25,2001,2026,10:50,1986,15:00,1986,804500株,1610百万円,-123,-5.83,2000.94円,1533回,969億円
2685,2020-02-26,1962,1963,09:00,1914,11:03,1954,772100株,1504百万円,-32,-1.61,1947.805円,1551回,954億円
2685,2020-02-27,1913,1914,09:00,1814,13:55,1835,803600株,1504百万円,-119,-6.09,1871.021円,1929回,895億円
2685,2020-02-28,1772,1786,09:09,1724,12:35,1750,626400株,1098百万円,-85,-4.63,1752.539円,2017回,854億円
2685,2020-03-02,1720,1823,12:38,1705,09:01,1795,326700株,580百万円,+45,+2.57,1776.69円,1268回,876億円
2685,2020-03-03,1824,1835,09:00,1740,10:46,1755,298500株,528百万円,-40,-2.23,1769.068円,1168回,856億円
2685,2020-03-04,1739,1755,12:47,1712,09:00,1733,268000株,466百万円,-22,-1.25,1738.706円,1009回,846億円
2685,2020-03-05,1733,1743,09:01,1676,13:18,1686,479700株,812百万円,-47,-2.71,1692.638円,1695回,823億円
2685,2020-03-06,1675,1679,09:01,1604,11:09,1620,484200株,786百万円,-66,-3.91,1623.552円,1548回,791億円
2685,2020-03-06,1552,1571,09:03,1496,14:26,1510,416900株,635百万円,-110,-6.79,1522.799円,1592回,737億円
2685,2020-03-10,1401,1521,14:21,1377,09:21,1503,810300株,1166百万円,-7,-0.46,1438.732円,2968回,733億円
2685,2020-03-11,1463,1517,09:12,1447,14:59,1448,522700株,768百万円,-55,-3.66,1468.783円,1915回,707億円
2685,2020-03-12,1383,1406,09:55,1333,12:35,1357,625300株,853百万円,-91,-6.28,1363.648円,2210回,662億円
2685,2020-03-13,1208,1295,14:23,1185,10:38,1259,615700株,762百万円,-98,-7.22,1237.047円,2040回,614億円
2685,2020-03-16,1289,1309,09:00,1225,14:56,1228,373500株,468百万円,-31,-2.46,1252.889円,1463回,599億円
2685,2020-03-17,1180,1231,14:24,1130,09:26,1225,903400株,1070百万円,-3,-0.24,1184.875円,3449回,598億円
2685,2020-03-18,1197,1249,12:40,1177,14:59,1178,686500株,828百万円,-47,-3.84,1206.595円,2696回,575億円
2685,2020-03-19,1175,1431,14:45,1138,09:23,1349,1089400株,1354百万円,+171,+14.52,1242.545円,4196回,658億円
2685,2020-03-23,1319,1321,09:02,1185,10:07,1300,750900株,952百万円,-49,-3.63,1267.342円,2971回,634億円
2685,2020-03-24,1302,1316,14:38,1262,09:05,1307,405600株,526百万円,+7,+0.54,1296.306円,1592回,638億円
2685,2020-03-26,1367,1480,14:51,1345,09:11,1475,719800株,1023百万円,+168,+12.85,1421.518円,3001回,720億円
2685,2020-03-26,1385,1402,09:45,1301,14:56,1318,794700株,1073百万円,-157,-10.64,1349.825円,3524回,643億円
2685,2020-03-27,1332,1399,09:28,1307,09:16,1368,645300株,872百万円,+50,+3.79,1351.105円,2716回,668億円
2685,2020-03-30,1330,1334,09:03,1254,12:34,1291,560200株,719百万円,-77,-5.63,1283.522円,2353回,630億円
2685,2020-03-31,1261,1288,11:27,1218,14:01,1224,613400株,763百万円,-67,-5.19,1243.189円,2532回,597億円
2685,2020-04-01,1279,1306,09:56,1236,14:52,1244,512000株,652百万円,+20,+1.63,1273.108円,2091回,607億円
2685,2020-04-02,1205,1218,09:04,1184,09:10,1197,413100株,495百万円,-47,-3.78,1198.932円,1579回,584億円
2685,2020-04-03,1174,1231,11:05,1144,14:58,1153,765400株,903百万円,-44,-3.68,1179.24円,2549回,563億円
2685,2020-04-06,1158,1390,14:45,1118,09:02,1350,1610900株,2072百万円,+197,+17.09,1286.294円,6375回,659億円
2685,2020-04-07,1347,1369,10:00,1282,09:08,1352,854700株,1136百万円,+2,+0.15,1329.297円,3611回,660億円
2685,2020-04-08,1359,1377,10:52,1298,09:18,1355,813700株,1091百万円,+3,+0.22,1340.459円,3383回,661億円
2685,2020-04-09,1349,1349,09:00,1308,09:00,1336,532200株,707百万円,-19,-1.40,1328.538円,2134回,652億円
2685,2020-04-10,1340,1409,09:34,1320,11:30,1353,671500株,913百万円,+17,+1.27,1359.101円,2849回,660億円
2685,2020-04-13,1326,1350,11:10,1304,09:57,1318,386800株,514百万円,-35,-2.59,1328.868円,1582回,643億円
2685,2020-04-14,1318,1369,09:00,1311,09:03,1344,360000株,481百万円,+26,+1.97,1336.954円,1645回,656億円
2685,2020-04-15,1374,1377,09:00,1321,11:17,1335,254100株,340百万円,-9,-0.67,1339.578円,1097回,651億円
2685,2020-04-16,1300,1340,14:59,1289,09:03,1339,324800株,427百万円,+4,+0.30,1315.136円,1332回,653億円
2685,2020-04-17,1340,1389,09:39,1333,09:01,1357,322000株,436百万円,+18,+1.34,1352.678円,1324回,662億円
2685,2020-04-20,1356,1393,13:42,1351,09:16,1378,221200株,303百万円,+21,+1.55,1371.438円,1004回,672億円
2685,2020-04-21,1348,1353,09:00,1320,12:45,1336,458300株,612百万円,-42,-3.05,1336.019円,2016回,652億円
2685,2020-04-22,1351,1382,09:04,1318,14:59,1320,475700株,640百万円,-16,-1.20,1346.042円,1827回,644億円
2685,2020-04-23,1348,1437,14:59,1331,09:00,1426,642300株,896百万円,+106,+8.03,1395.094円,2855回,696億円
2685,2020-04-24,1444,1444,09:00,1353,09:22,1377,497800株,691百万円,-49,-3.44,1388.358円,2189回,672億円
2685,2020-04-27,1399,1462,13:54,1390,09:04,1443,272700株,392百万円,+66,+4.79,1436.422円,1209回,704億円
2685,2020-04-28,1428,1447,09:56,1406,09:01,1431,321700株,459百万円,-12,-0.83,1427.42円,1224回,698億円
2685,2020-04-30,1467,1577,10:04,1466,09:03,1520,737000株,1126百万円,+89,+6.22,1527.616円,2696回,742億円
2685,2020-05-01,1558,1612,09:12,1520,12:58,1545,984300株,1541百万円,+25,+1.64,1566.058円,3839回,754億円
2685,2020-05-07,1505,1507,09:02,1434,12:45,1470,733800株,1076百万円,-75,-4.85,1466.135円,2754回,717億円
2685,2020-05-08,1527,1603,12:43,1521,09:03,1592,689400株,1083百万円,+122,+8.30,1571.127円,2584回,777億円
