3003,2019-12-17,1339,1342,09:00,1318,09:45,1326,1411800株,1872百万円,-4,-0.30,1325.997円,1629回,8936.02億円
3003,2019-12-18,1318,1324,09:01,1310,10:28,1319,1198700株,1578百万円,-7,-0.53,1316.342円,1392回,8888.84億円
3003,2019-12-19,1319,1341,14:48,1318,09:00,1339,899500株,1198百万円,+20,+1.52,1331.328円,1091回,9023.62億円
3003,2019-12-20,1345,1352,12:59,1333,10:36,1337,1322500株,1773百万円,-2,-0.15,1340.715円,964回,9010.15億円
3003,2019-12-23,1344,1347,09:00,1323,12:40,1325,926700株,1237百万円,-12,-0.90,1334.394円,914回,8929.28億円
3003,2019-12-24,1328,1336,09:54,1326,09:01,1335,771200株,1026百万円,+10,+0.75,1330.846円,845回,8996.67億円
3003,2019-12-25,1336,1340,09:03,1325,13:29,1329,924200株,1231百万円,-6,-0.45,1332.158円,908回,8956.23億円
3003,2019-12-26,1325,1336,09:08,1324,09:59,1332,1912200株,2538百万円,+3,+0.23,1327.479円,1147回,8976.45億円
3003,2019-12-27,1318,1328,12:34,1306,09:09,1319,1296400株,1710百万円,-13,-0.98,1319.225円,1228回,8888.84億円
3003,2019-12-30,1323,1326,09:26,1313,12:30,1316,709700株,935百万円,-3,-0.23,1317.804円,776回,8868.63億円
3003,2020-01-06,1309,1324,09:36,1307,09:00,1316,1099100株,1445百万円,0,0,1314.702円,1630回,8868.63億円
3003,2020-01-07,1316,1352,14:44,1315,09:00,1349,1142300株,1531百万円,+33,+2.51,1340.496円,1404回,9091.02億円
3003,2020-01-08,1323,1324,09:00,1292,10:14,1306,1044700株,1364百万円,-43,-3.19,1305.412円,1468回,8801.24億円
3003,2020-01-09,1317,1335,14:36,1314,09:10,1331,900800株,1196百万円,+25,+1.91,1327.238円,1255回,8969.71億円
3003,2020-01-10,1330,1338,09:02,1329,09:52,1333,440500株,587百万円,+2,+0.15,1333.281円,792回,8983.19億円
3003,2020-01-14,1352,1352,09:00,1313,12:47,1317,977500株,1294百万円,-16,-1.20,1324.061円,1398回,8875.36億円
3003,2020-01-15,1314,1324,11:16,1304,09:00,1319,604900株,797百万円,+2,+0.15,1318.108円,812回,8888.84億円
3003,2020-01-16,1326,1329,09:01,1318,12:43,1326,634200株,840百万円,+7,+0.53,1324.386円,972回,8936.02億円
3003,2020-01-17,1322,1331,11:05,1316,14:16,1320,759900株,1004百万円,-6,-0.45,1321.75円,901回,8895.58億円
3003,2020-01-20,1319,1334,09:36,1316,09:00,1328,720500株,957百万円,+8,+0.61,1327.592円,1277回,8949.49億円
3003,2020-01-21,1328,1331,09:00,1316,10:19,1326,579100株,767百万円,-2,-0.15,1324.01円,942回,8936.02億円
3003,2020-01-22,1315,1330,12:30,1315,09:00,1329,791000株,1050百万円,+3,+0.23,1326.974円,894回,8956.23億円
3003,2020-01-23,1315,1322,09:02,1311,12:36,1316,787200株,1036百万円,-13,-0.98,1316.231円,1195回,8868.63億円
3003,2020-01-24,1316,1336,15:00,1309,09:04,1336,995200株,1318百万円,+20,+1.52,1324.709円,1233回,9003.41億円
3003,2020-01-27,1315,1341,13:23,1312,09:00,1332,822900株,1097百万円,-4,-0.30,1332.522円,1552回,8976.45億円
3003,2020-01-28,1333,1341,14:47,1316,09:17,1336,1008400株,1343百万円,+4,+0.30,1331.65円,1602回,9003.41億円
3003,2020-01-29,1339,1358,12:36,1338,09:00,1348,992800株,1338百万円,+12,+0.90,1347.42円,1440回,9084億円
3003,2020-01-30,1359,1360,09:00,1314,13:56,1322,2561100株,3432百万円,-26,-1.93,1340.213円,4322回,8909億円
3003,2020-01-31,1322,1342,09:04,1322,09:00,1334,2460300株,3292百万円,+12,+0.91,1338.008円,5006回,8990億円
3003,2020-02-03,1324,1347,09:19,1322,09:00,1340,2157200株,2894百万円,+6,+0.45,1341.33円,3690回,9030億円
3003,2020-02-04,1341,1351,09:08,1337,09:30,1349,1816700株,2449百万円,+9,+0.67,1348.05円,2857回,9091億円
3003,2020-02-05,1360,1365,09:00,1344,14:59,1345,1625600株,2193百万円,-4,-0.30,1348.964円,1963回,9064億円
3003,2020-02-06,1356,1361,09:03,1348,09:25,1352,1678300株,2274百万円,+7,+0.52,1354.903円,1837回,9111億円
3003,2020-02-07,1355,1364,14:59,1349,09:02,1364,1621800株,2205百万円,+12,+0.89,1359.638円,1835回,9192億円
3003,2020-02-10,1370,1389,10:46,1367,14:56,1371,2128300株,2929百万円,+7,+0.51,1376.212円,2465回,9239億円
3003,2020-02-12,1380,1383,09:01,1361,09:30,1372,1647200株,2256百万円,+1,+0.07,1369.863円,2022回,9246億円
3003,2020-02-13,1371,1371,09:00,1338,09:16,1361,1452000株,1972百万円,-11,-0.80,1357.809円,2263回,9172億円
3003,2020-02-14,1355,1357,13:51,1345,09:06,1357,923100株,1249百万円,-4,-0.29,1353.42円,1425回,9145億円
3003,2020-02-17,1336,1337,09:02,1311,09:00,1314,1329900株,1756百万円,-43,-3.17,1320.514円,2037回,8855億円
3003,2020-02-17,1303,1319,10:25,1297,09:00,1318,1580300株,2076百万円,+4,+0.30,1313.966円,2137回,8882億円
3003,2020-02-18,1316,1330,12:33,1311,09:00,1326,1380300株,1827百万円,+8,+0.61,1323.347円,1904回,8936億円
3003,2020-02-20,1335,1336,09:00,1314,14:50,1319,1281500株,1695百万円,-7,-0.53,1322.951円,1591回,8889億円
3003,2020-02-21,1323,1342,09:24,1321,09:00,1329,1535800株,2043百万円,+10,+0.76,1329.946円,2042回,8956億円
3003,2020-02-25,1282,1306,11:03,1279,09:03,1291,1748400株,2258百万円,-38,-2.86,1291.395円,2492回,8700億円
3003,2020-02-26,1273,1298,13:07,1264,09:03,1289,1563500株,2007百万円,-2,-0.15,1283.359円,2390回,8687億円
3003,2020-02-27,1285,1285,09:00,1247,14:50,1252,1928900株,2438百万円,-37,-2.87,1264.039円,2376回,8437億円
3003,2020-02-28,1222,1232,09:05,1194,14:26,1208,3212200株,3883百万円,-44,-3.51,1208.681円,3559回,8141億円
3003,2020-03-02,1178,1217,12:37,1172,09:00,1203,2258800株,2718百万円,-5,-0.41,1203.336円,2921回,8107億円
3003,2020-03-03,1227,1231,09:00,1190,14:53,1191,2053100株,2471百万円,-12,-1.00,1203.412円,2979回,8026億円
3003,2020-03-04,1188,1217,10:40,1173,09:03,1210,1392100株,1679百万円,+19,+1.60,1206.339円,2096回,8154億円
3003,2020-03-05,1225,1233,09:00,1199,13:58,1208,2671800株,3242百万円,-2,-0.17,1213.394円,2995回,8141億円
3003,2020-03-06,1190,1200,09:00,1170,14:35,1174,1748200株,2058百万円,-34,-2.81,1177.417円,2183回,7912億円
3003,2020-03-06,1129,1135,09:04,1088,14:35,1097,1786100株,1975百万円,-77,-6.56,1105.624円,2754回,7393億円
3003,2020-03-10,1079,1099,14:36,1042,09:40,1093,3482800株,3769百万円,-4,-0.36,1082.256円,4519回,7366億円
3003,2020-03-11,1095,1109,09:13,1073,14:52,1077,2431900株,2653百万円,-16,-1.46,1090.763円,3750回,7258億円
3003,2020-03-12,1044,1048,09:15,984,12:30,1005,3334800株,3370百万円,-72,-6.69,1010.656円,4252回,6773億円
3003,2020-03-13,915,925,09:19,858,10:36,905,3500900株,3153百万円,-100,-9.95,900.696円,4760回,6099億円
3003,2020-03-16,913,953,14:10,889,09:16,912,2259500株,2079百万円,+7,+0.77,919.916円,3878回,6146億円
3003,2020-03-17,885,955,14:24,862,09:19,944,3171400株,2928百万円,+32,+3.51,923.237円,5374回,6362億円
3003,2020-03-18,956,1045,13:35,949,09:01,996,3576400株,3579百万円,+52,+5.51,1000.622円,6330回,6712億円
3003,2020-03-19,1019,1051,09:50,952,13:27,986,3663200株,3643百万円,-10,-1.00,994.384円,5918回,6645億円
3003,2020-03-23,956,980,09:12,903,13:29,942,3995400株,3728百万円,-44,-4.46,933.104円,6507回,6348億円
3003,2020-03-24,987,1013,09:27,949,13:35,975,2496800株,2429百万円,+33,+3.50,972.946円,4595回,6571億円
3003,2020-03-25,1083,1089,09:12,1007,09:20,1062,2555200株,2677百万円,+87,+8.92,1047.796円,4400回,7157億円
3003,2020-03-26,1088,1092,09:00,1031,12:34,1042,2581300株,2714百万円,-20,-1.88,1051.345円,4918回,7022億円
3003,2020-03-27,1096,1115,09:28,1060,11:16,1100,2863300株,3124百万円,+58,+5.57,1091.016円,4553回,7413億円
3003,2020-03-30,1099,1133,14:59,1058,09:51,1131,2261500株,2496百万円,+31,+2.82,1103.514円,4314回,7622億円
3003,2020-03-31,1135,1140,09:00,1061,13:38,1098,2529100株,2773百万円,-33,-2.92,1096.422円,3916回,7400億円
3003,2020-04-01,1097,1113,09:03,1058,14:49,1066,2150800株,2318百万円,-32,-2.91,1077.63円,3788回,7184億円
3003,2020-04-02,1096,1105,09:03,1047,14:42,1051,2024700株,2161百万円,-15,-1.41,1067.417円,3852回,7083億円
3003,2020-04-03,1021,1043,09:02,965,14:59,970,2311200株,2294百万円,-81,-7.71,992.588円,3752回,6537億円
3003,2020-04-06,965,1033,14:52,951,09:03,1027,2034400株,2044百万円,+57,+5.88,1004.705円,3905回,6921億円
3003,2020-04-07,1033,1082,10:34,1023,14:32,1039,1825400株,1914百万円,+12,+1.17,1048.429円,3880回,7002億円
3003,2020-04-08,1034,1045,09:00,971,13:02,982,3056500株,3025百万円,-57,-5.49,989.741円,5424回,6618億円
3003,2020-04-09,980,987,09:04,931,13:24,951,2562000株,2447百万円,-31,-3.16,955.142円,4286回,6409億円
3003,2020-04-10,952,998,14:51,947,09:01,988,1758800株,1720百万円,+37,+3.89,977.894円,2964回,6658億円
3003,2020-04-13,966,992,10:18,963,09:03,966,1030900株,1006百万円,-22,-2.23,975.866円,2012回,6510億円
3003,2020-04-14,970,984,15:00,952,09:28,984,1183000株,1152百万円,+18,+1.86,973.889円,2237回,6631億円
3003,2020-04-15,990,992,09:00,971,14:29,979,1460900株,1436百万円,-5,-0.51,982.67円,2380回,6598億円
3003,2020-04-16,979,1000,13:59,959,09:37,990,2100200株,2071百万円,+11,+1.12,985.907円,3715回,6672億円
3003,2020-04-17,1000,1036,09:39,999,09:00,1019,2127400株,2169百万円,+29,+2.93,1019.563円,3845回,6867億円
3003,2020-04-20,1003,1026,13:12,1002,09:17,1021,926100株,942百万円,+2,+0.20,1016.909円,1652回,6881億円
3003,2020-04-21,1014,1016,09:00,987,13:00,996,1136100株,1134百万円,-25,-2.45,998.404円,1831回,6712億円
3003,2020-04-22,981,994,09:03,975,13:40,983,1140500株,1120百万円,-13,-1.31,982.411円,1810回,6625億円
3003,2020-04-23,993,1027,12:58,993,09:00,1023,1253100株,1270百万円,+40,+4.07,1013.155円,1853回,6894億円
3003,2020-04-24,1017,1022,09:00,1007,09:19,1018,907400株,922百万円,-5,-0.49,1016.067円,1564回,6860億円
3003,2020-04-27,1024,1057,13:34,1015,09:18,1057,1191300株,1242百万円,+39,+3.83,1042.907円,1887回,7123億円
3003,2020-04-28,1081,1081,09:00,1020,14:59,1020,2102000株,2200百万円,-37,-3.50,1046.413円,3241回,6874億円
3003,2020-04-30,1055,1079,14:26,1051,09:03,1072,1879900株,2010百万円,+52,+5.10,1069.104円,2646回,7224億円
3003,2020-05-01,1064,1070,09:01,1011,14:44,1022,1532900株,1582百万円,-50,-4.66,1032.271円,3110回,6887億円
3003,2020-05-07,1006,1025,09:04,989,14:44,996,1618800株,1619百万円,-26,-2.54,999.977円,2392回,6712億円
3003,2020-05-08,1011,1023,09:57,1003,09:01,1021,1033800株,1049百万円,+25,+2.51,1014.995円,1728回,6881億円
3003,2020-05-11,1020,1051,13:11,1014,09:24,1039,1127500株,1167百万円,+18,+1.76,1035.445円,1870回,7002億円,05/01,1188.2,425.3,0.36
3003,2020-05-12,1043,1044,09:00,1021,14:56,1022,744300株,766百万円,-17,-1.64,1029.112円,1358回,6887億円,05/01,1188.2,425.3,0.36
3003,2020-05-13,1010,1026,09:30,1008,09:00,1021,1099700株,1121百万円,-1,-0.10,1019.62円,1575回,6881億円,05/01,1188.2,425.3,0.36
3003,2020-05-14,1010,1019,09:01,982,14:52,983,1274000株,1265百万円,-38,-3.72,992.559円,2017回,6625億円,05/01,1188.2,425.3,0.36
3003,2020-05-15,996,1000,09:00,979,10:50,994,896100株,887百万円,+11,+1.12,989.56円,1687回,6699億円,05/01,1188.2,425.3,0.36
3003,2020-05-18,995,1021,14:58,983,09:05,1015,1062000株,1073百万円,+21,+2.11,1010.049円,1483回,6840億円,05/01,1188.2,425.3,0.36
3003,2020-05-19,1040,1047,09:08,1023,09:38,1034,1114400株,1153百万円,+19,+1.87,1034.459円,1825回,6968億円,05/01,1188.2,425.3,0.36
3003,2020-05-20,1031,1048,13:44,1026,09:07,1048,870800株,908百万円,+14,+1.35,1042.961円,1172回,7063億円,05/01,1188.2,425.3,0.36
3003,2020-05-21,1050,1050,09:00,1026,14:29,1028,858800株,887百万円,-20,-1.91,1032.923円,1138回,6928億円,05/15,1156.7,567.4,0.49
3003,2020-05-22,1044,1044,09:00,1011,14:12,1020,580200株,593百万円,-8,-0.78,1021.387円,1189回,6874億円,05/15,1156.7,567.4,0.49
3003,2020-05-25,1031,1054,15:00,1027,09:00,1054,714800株,746百万円,+34,+3.33,1043.345円,1003回,7103億円,05/15,1156.7,567.4,0.49
3003,2020-05-26,1072,1079,14:59,1053,09:32,1072,928100株,992百万円,+18,+1.71,1068.636円,1513回,7224億円,05/15,1156.7,567.4,0.49
3003,2020-05-27,1084,1084,09:00,1049,11:23,1058,1802600株,1905百万円,-14,-1.31,1056.671円,2452回,7130億円,05/22,1224.2,437.8,0.36
3003,2020-05-28,1070,1091,14:59,1062,09:07,1089,1363500株,1477百万円,+31,+2.93,1083.416円,2083回,7339億円,05/22,1224.2,437.8,0.36
3003,2020-05-29,1089,1103,09:22,1085,09:00,1090,2258500株,2468百万円,+1,+0.09,1092.637円,2585回,7346億円,05/22,1224.2,437.8,0.36
3003,2020-06-01,1095,1099,09:00,1078,10:04,1092,788400株,858百万円,+2,+0.18,1088.873円,1562回,7359億円,05/22,1224.2,437.8,0.36
3003,2020-06-02,1093,1119,12:41,1092,09:00,1115,1134800株,1260百万円,+23,+2.11,1110.218円,1742回,7514億円,05/22,1224.2,437.8,0.36
3003,2020-06-03,1139,1151,09:06,1124,14:30,1142,1350500株,1539百万円,+27,+2.42,1139.285円,2207回,7696億円,05/22,1224.2,437.8,0.36
3003,2020-06-04,1160,1165,09:00,1115,12:30,1122,1208300株,1367百万円,-20,-1.75,1131.394円,2253回,7561億円,05/29,1258.7,360.3,0.29
3003,2020-06-05,1113,1114,09:00,1091,09:10,1104,1535000株,1692百万円,-18,-1.60,1102.535円,2182回,7440億円,05/29,1258.7,360.3,0.29
3003,2020-06-08,1120,1135,12:59,1111,09:33,1135,1119000株,1262百万円,+31,+2.81,1127.704円,1752回,7649億円,05/29,1258.7,360.3,0.29
3003,2020-06-09,1150,1154,09:00,1126,10:05,1140,641700株,731百万円,+5,+0.44,1139.192円,1137回,7683億円,05/29,1258.7,360.3,0.29
3003,2020-06-10,1140,1141,09:00,1092,14:16,1092,1438900株,1588百万円,-48,-4.21,1103.895円,2515回,7359億円,06/05,1279.1,317.9,0.25
3003,2020-06-11,1078,1097,10:03,1072,14:59,1072,1295600株,1399百万円,-20,-1.83,1079.993円,2206回,7224億円,06/05,1279.1,317.9,0.25
3003,2020-06-12,1042,1066,14:05,1026,10:04,1063,1258200株,1321百万円,-9,-0.84,1049.946円,2312回,7164億円,06/05,1279.1,317.9,0.25
3003,2020-06-15,1055,1057,09:00,1017,14:59,1018,1066000株,1103百万円,-45,-4.23,1034.341円,1886回,6860億円,06/05,1279.1,317.9,0.25
3003,2020-06-16,1049,1093,14:52,1048,09:03,1089,1358700株,1464百万円,+71,+6.97,1077.416円,1952回,7339億円,06/05,1279.1,317.9,0.25
3003,2020-06-17,1080,1099,10:02,1070,12:53,1081,1333700株,1445百万円,-8,-0.73,1083.473円,2070回,7285億円,06/12,1254.8,412.1,0.33
3003,2020-06-18,1062,1065,09:01,1034,10:37,1058,951000株,997百万円,-23,-2.13,1048.061円,1761回,7130億円,06/12,1254.8,412.1,0.33
3003,2020-06-19,1060,1062,14:59,1037,09:34,1062,1940500株,2053百万円,+4,+0.38,1057.786円,1819回,7157億円,06/12,1254.8,412.1,0.33
3003,2020-06-22,1049,1054,13:10,1037,09:10,1047,638600株,669百万円,-15,-1.41,1047.623円,1233回,7056億円,06/12,1254.8,412.1,0.33
3003,2020-06-23,1048,1063,12:30,1039,10:39,1058,882500株,932百万円,+11,+1.05,1055.601円,1544回,7130億円,06/12,1254.8,412.1,0.33
3003,2020-06-24,1038,1056,11:30,1031,09:03,1043,991200株,1034百万円,-15,-1.42,1043.15円,1629回,7029億円,06/19,1258.8,427.3,0.34
3003,2020-06-25,1017,1030,09:20,998,11:11,1004,1656500株,1673百万円,-39,-3.74,1009.826円,2548回,6766億円,06/19,1258.8,427.3,0.34
3003,2020-06-26,1010,1026,13:20,1009,09:01,1019,1361200株,1386百万円,+15,+1.49,1018.501円,2308回,6867億円,06/19,1258.8,427.3,0.34
3003,2020-06-29,981,1000,10:50,979,09:04,982,1296100株,1278百万円,-37,-3.63,986.289円,1934回,6618億円,06/19,1258.8,427.3,0.34
3003,2020-06-30,1013,1025,13:20,1006,14:59,1012,1632500株,1656百万円,+30,+3.05,1014.629円,1983回,6820億円,06/26,1412.2,503.4,0.36
3003,2020-07-01,1025,1025,09:00,996,14:20,1001,943200株,947百万円,-11,-1.09,1004.194円,1359回,6746億円,06/26,1412.2,503.4,0.36
3003,2020-07-02,1008,1012,09:09,991,14:38,994,1150000株,1149百万円,-7,-0.70,999.554円,1580回,6699億円,06/26,1412.2,503.4,0.36
3003,2020-07-03,1011,1012,09:03,987,13:27,995,701400株,699百万円,+1,+0.10,996.371円,1049回,6705億円,06/26,1412.2,503.4,0.36
3003,2020-07-06,1000,1011,13:10,995,09:03,1009,531900株,534百万円,+14,+1.41,1004.722円,896回,6800億円,06/26,1412.2,503.4,0.36
3003,2020-07-07,1009,1013,09:02,995,13:05,1000,910500株,912百万円,-9,-0.89,1001.102円,1418回,6739億円,07/03,1229.3,615.4,0.50
3003,2020-07-08,992,1004,10:38,980,15:00,980,1190700株,1176百万円,-20,-2.00,987.709円,1705回,6604億円,07/03,1229.3,615.4,0.50
3003,2020-07-09,980,987,09:10,961,11:26,974,1371600株,1340百万円,-6,-0.61,977.038円,2068回,6564億円,07/03,1229.3,615.4,0.50
