3040,2019-12-17,1260,1291,14:41,1254,10:57,1284,118400株,151百万円,+29,+2.31,1276.764円,473回,253.45億円
3040,2019-12-18,1273,1294,09:32,1256,12:47,1269,80700株,103百万円,-15,-1.17,1271.244円,365回,250.49億円
3040,2019-12-19,1277,1318,13:28,1270,09:00,1303,125100株,163百万円,+34,+2.68,1302.649円,515回,257.20億円
3040,2019-12-20,1302,1304,13:13,1266,10:31,1284,116600株,150百万円,-19,-1.46,1284.118円,440回,253.45億円
3040,2019-12-23,1281,1305,09:06,1265,15:00,1265,58100株,74百万円,-19,-1.48,1276.386円,254回,249.70億円
3040,2019-12-24,1279,1299,14:59,1269,09:01,1299,79400株,102百万円,+34,+2.69,1286.742円,348回,256.41億円
3040,2019-12-25,1294,1308,13:18,1276,10:24,1285,75900株,98百万円,-14,-1.08,1292.61円,301回,253.64億円
3040,2019-12-26,1292,1295,09:01,1268,10:37,1278,82700株,106百万円,-7,-0.54,1276.33円,351回,252.26億円
3040,2019-12-27,1286,1301,09:48,1267,09:07,1284,86700株,112百万円,+6,+0.47,1287.637円,398回,253.45億円
3040,2019-12-30,1284,1300,13:34,1267,09:33,1292,52300株,67百万円,+8,+0.62,1284.314円,229回,255.03億円
3040,2020-01-06,1273,1374,10:45,1273,09:00,1352,253500株,341百万円,+60,+4.64,1344.513円,1037回,266.87億円
3040,2020-01-07,1382,1437,11:02,1370,09:52,1408,275500株,387百万円,+56,+4.14,1405.719円,942回,277.92億円
3040,2020-01-08,1395,1400,09:02,1325,10:38,1361,210500株,286百万円,-47,-3.34,1357.696円,919回,268.65億円
3040,2020-01-09,1395,1425,09:32,1387,09:08,1392,168000株,236百万円,+31,+2.28,1406.899円,697回,274.77億円
3040,2020-01-10,1392,1400,09:01,1352,13:53,1364,115100株,158百万円,-28,-2.01,1369.746円,468回,269.24億円
3040,2020-01-14,1383,1383,09:00,1338,12:33,1352,105100株,142百万円,-12,-0.88,1352.847円,510回,266.87億円
3040,2020-01-15,1336,1337,13:17,1310,10:00,1327,106900株,142百万円,-25,-1.85,1325.867円,473回,261.94億円
3040,2020-01-16,1317,1335,09:28,1311,12:36,1320,63900株,84百万円,-7,-0.53,1321.182円,294回,260.55億円
3040,2020-01-17,1320,1328,09:02,1291,13:36,1304,83800株,109百万円,-16,-1.21,1303.273円,362回,257.40億円
3040,2020-01-20,1310,1338,09:28,1301,12:38,1311,55300株,73百万円,+7,+0.54,1314.304円,288回,258.78億円
3040,2020-01-21,1315,1316,09:00,1286,10:20,1304,57300株,75百万円,-7,-0.53,1300.733円,306回,257.40億円
3040,2020-01-22,1304,1305,09:26,1290,09:00,1301,56000株,73百万円,-3,-0.23,1296.729円,278回,256.80億円
3040,2020-01-23,1296,1300,09:00,1276,12:34,1280,58100株,75百万円,-21,-1.61,1285.138円,285回,252.66億円
3040,2020-01-24,1270,1276,09:15,1242,12:43,1245,79400株,100百万円,-35,-2.73,1254.924円,373回,245.75億円
3040,2020-01-27,1198,1251,12:40,1183,09:03,1225,117100株,143百万円,-20,-1.61,1223.245円,426回,241.80億円
3040,2020-01-28,1184,1244,14:49,1184,09:03,1238,109600株,134百万円,+13,+1.06,1219.661円,458回,244.37億円
3040,2020-01-29,1247,1247,09:00,1209,09:29,1221,103000株,126百万円,-17,-1.37,1221.76円,495回,241億円
3040,2020-01-30,1230,1232,09:00,1185,13:03,1191,118700株,143百万円,-30,-2.46,1203.421円,580回,235億円
3040,2020-01-31,1195,1219,14:20,1177,09:24,1213,107900株,130百万円,+22,+1.85,1203.466円,491回,239億円
3040,2020-02-03,1183,1219,14:34,1177,09:18,1211,85400株,103百万円,-2,-0.16,1200.335円,314回,239億円
3040,2020-02-04,1213,1257,11:05,1210,09:13,1250,77100株,96百万円,+39,+3.22,1240.454円,368回,247億円
3040,2020-02-05,1269,1284,12:40,1259,09:08,1271,85100株,108百万円,+21,+1.68,1273.393円,407回,251億円
3040,2020-02-06,1290,1296,09:01,1273,09:50,1289,83900株,108百万円,+18,+1.42,1285.144円,369回,254億円
3040,2020-02-07,1295,1297,09:00,1256,13:35,1267,61200株,78百万円,-22,-1.71,1267.845円,279回,250億円
3040,2020-02-10,1250,1270,09:43,1246,09:00,1254,51400株,65百万円,-13,-1.03,1256.171円,245回,248億円
3040,2020-02-12,1254,1299,10:57,1254,09:00,1288,89800株,115百万円,+34,+2.71,1283.918円,382回,254億円
3040,2020-02-13,1288,1295,14:59,1254,10:18,1288,79800株,102百万円,0,0,1277.589円,417回,254億円
3040,2020-02-14,1050,1071,09:21,1006,14:04,1013,426200株,439百万円,-275,-21.35,1029.62円,1357回,200億円
3040,2020-02-17,1099,1129,09:06,1065,09:17,1085,421900株,461百万円,+72,+7.11,1093.623円,1557回,214億円
3040,2020-02-17,1145,1152,09:07,1077,11:26,1081,405800株,451百万円,-4,-0.37,1110.159円,1609回,213億円
3040,2020-02-18,1101,1103,09:00,1063,10:45,1074,157600株,170百万円,-7,-0.65,1080.274円,675回,212億円
3040,2020-02-20,1104,1191,14:50,1083,09:24,1178,458200株,521百万円,+104,+9.68,1136.904円,1712回,233億円
3040,2020-02-21,1157,1176,09:20,1106,09:30,1131,522200株,595百万円,-47,-3.99,1139.571円,2139回,223億円
3040,2020-02-25,1056,1155,12:33,1053,09:06,1117,361400株,398百万円,-14,-1.24,1101.585円,1449回,220億円
3040,2020-02-26,1116,1148,09:03,1063,13:29,1084,428900株,470百万円,-33,-2.95,1095.72円,1694回,214億円
3040,2020-02-27,1067,1067,09:00,971,13:33,997,396700株,398百万円,-87,-8.03,1002.315円,1752回,197億円
3040,2020-02-28,980,1000,10:35,936,14:52,946,279900株,271百万円,-51,-5.12,969.378円,962回,187億円
3040,2020-03-02,931,1037,12:38,930,09:00,1010,269700株,270百万円,+64,+6.77,1000.204円,1080回,199億円
3040,2020-03-03,1114,1114,09:09,971,13:26,977,447000株,456百万円,-33,-3.27,1020.203円,1522回,193億円
3040,2020-03-04,962,1018,10:30,951,09:01,998,254000株,253百万円,+21,+2.15,994.542円,995回,197億円
3040,2020-03-05,1016,1031,09:05,990,13:00,1000,143700株,144百万円,+2,+0.20,1005.087円,560回,197億円
3040,2020-03-06,982,996,09:02,941,14:36,941,169100株,162百万円,-59,-5.90,960.629円,699回,186億円
3040,2020-03-06,895,901,09:10,825,14:32,835,200100株,171百万円,-106,-11.26,852.09円,761回,165億円
3040,2020-03-10,805,881,14:42,770,09:39,881,251600株,208百万円,+46,+5.51,825.141円,778回,174億円
3040,2020-03-11,890,893,09:00,833,14:53,834,181100株,156百万円,-47,-5.33,863.189円,757回,165億円
3040,2020-03-12,804,867,10:02,804,09:03,807,235700株,194百万円,-27,-3.24,824.628円,787回,159億円
3040,2020-03-13,717,760,14:20,700,12:59,729,315100株,227百万円,-78,-9.67,719.968円,1019回,144億円
3040,2020-03-16,742,803,12:46,729,09:12,737,217000株,167百万円,+8,+1.10,770.548円,752回,145億円
3040,2020-03-17,720,789,14:24,712,09:04,781,226300株,172百万円,+44,+5.97,758.334円,753回,154億円
3040,2020-03-18,835,848,12:48,790,09:49,795,234700株,193百万円,+14,+1.79,820.781円,880回,157億円
3040,2020-03-19,820,835,09:04,767,13:04,788,116600株,92百万円,-7,-0.88,788.217円,517回,156億円
3040,2020-03-23,815,865,14:46,797,09:07,863,217300株,181百万円,+75,+9.52,831.874円,907回,170億円
3040,2020-03-24,893,913,10:39,872,13:10,878,149500株,133百万円,+15,+1.74,890.221円,637回,173億円
3040,2020-03-25,953,953,09:12,908,12:41,940,158500株,147百万円,+62,+7.06,929.855円,630回,186億円
3040,2020-03-26,960,968,09:28,940,10:09,953,162200株,155百万円,+13,+1.38,953.76円,653回,188億円
3040,2020-03-27,1027,1070,13:02,993,09:56,1039,440700株,453百万円,+86,+9.02,1028.27円,1524回,205億円
3040,2020-03-30,1070,1125,14:58,1052,09:05,1123,479800株,525百万円,+84,+8.08,1095.043円,1684回,222億円
3040,2020-03-31,1273,1277,09:13,1166,13:40,1205,658800株,805百万円,+82,+7.30,1222.61円,2195回,238億円
3040,2020-04-01,1199,1383,13:43,1175,09:00,1310,1188800株,1562百万円,+105,+8.71,1313.91円,4473回,259億円
3040,2020-04-02,1377,1378,09:07,1252,14:06,1259,716900株,941百万円,-51,-3.89,1312.454円,2678回,249億円
3040,2020-04-03,1316,1326,09:25,1145,13:38,1209,570900株,703百万円,-50,-3.97,1230.599円,2213回,239億円
3040,2020-04-06,1230,1286,14:33,1183,09:48,1284,478200株,596百万円,+75,+6.20,1245.557円,2006回,253億円
3040,2020-04-07,1320,1326,09:03,1215,12:54,1278,331800株,420百万円,-6,-0.47,1265.934円,1405回,252億円
3040,2020-04-08,1300,1300,09:00,1256,09:59,1276,257900株,329百万円,-2,-0.16,1276.957円,1125回,252億円
3040,2020-04-09,1301,1376,12:33,1284,09:27,1350,685100株,916百万円,+74,+5.80,1337.388円,2328回,266億円
3040,2020-04-10,1368,1368,09:00,1280,09:55,1313,363900株,479百万円,-37,-2.74,1316.958円,1497回,259億円
3040,2020-04-13,1320,1360,09:37,1301,10:50,1328,367300株,488百万円,+15,+1.14,1329.689円,1509回,262億円
3040,2020-04-14,1337,1367,12:36,1328,09:03,1349,348300株,469百万円,+21,+1.58,1347.899円,1271回,266億円
3040,2020-04-15,1359,1364,14:08,1317,09:25,1355,354800株,478百万円,+6,+0.44,1346.908円,1377回,267億円
3040,2020-04-16,1363,1435,11:16,1347,09:01,1420,658100株,922百万円,+65,+4.80,1401.316円,1861回,280億円
3040,2020-04-17,1464,1495,09:06,1373,11:18,1405,582500株,835百万円,-15,-1.06,1433.515円,1902回,277億円
3040,2020-04-20,1394,1394,09:00,1310,09:06,1346,401600株,541百万円,-59,-4.20,1347.534円,1494回,266億円
3040,2020-04-21,1330,1355,09:10,1283,14:55,1288,371700株,487百万円,-58,-4.31,1309.854円,1369回,254億円
3040,2020-04-22,1262,1315,12:35,1238,09:16,1301,285000株,366百万円,+13,+1.01,1283.651円,1025回,257億円
3040,2020-04-23,1320,1340,09:00,1282,12:40,1301,242700株,316百万円,0,0,1300.429円,956回,257億円
3040,2020-04-24,1314,1314,09:00,1271,12:53,1285,140400株,181百万円,-16,-1.23,1286.288円,596回,254億円
3040,2020-04-27,1285,1332,12:59,1263,09:20,1307,277200株,360百万円,+22,+1.71,1299.508円,960回,258億円
3040,2020-04-28,1337,1404,14:29,1315,10:16,1402,490000株,668百万円,+95,+7.27,1363.69円,1621回,277億円
3040,2020-04-30,1432,1435,09:02,1344,14:59,1346,389800株,537百万円,-56,-3.99,1378.31円,1311回,266億円
3040,2020-05-01,1321,1347,09:09,1311,13:14,1339,227800株,303百万円,-7,-0.52,1331.809円,948回,264億円
3040,2020-05-07,1335,1368,09:05,1316,10:30,1340,394500株,529百万円,+1,+0.07,1340.024円,1835回,265億円
3040,2020-05-08,1367,1367,09:00,1321,09:55,1356,289300株,388百万円,+16,+1.19,1341.063円,1157回,268億円
3040,2020-05-11,1368,1375,09:01,1296,12:43,1312,318500株,419百万円,-44,-3.24,1316.663円,1408回,259億円,05/01,20.9,389.4,18.63
3040,2020-05-12,1250,1295,13:18,1195,09:32,1269,601100株,747百万円,-43,-3.28,1243.22円,2333回,250億円,05/01,20.9,389.4,18.63
3040,2020-05-13,1271,1362,09:07,1260,09:00,1333,424700株,564百万円,+64,+5.04,1328.073円,1843回,263億円,05/01,20.9,389.4,18.63
3040,2020-05-14,1303,1347,12:48,1299,09:19,1302,213600株,282百万円,-31,-2.33,1320.976円,1013回,257億円,05/01,20.9,389.4,18.63
3040,2020-05-15,1285,1306,09:02,1243,11:30,1283,210300株,267百万円,-19,-1.46,1269.364円,1113回,253億円,05/01,20.9,389.4,18.63
3040,2020-05-18,1301,1336,10:20,1288,09:02,1334,166600株,220百万円,+51,+3.98,1321.872円,758回,263億円,05/01,20.9,389.4,18.63
3040,2020-05-19,1340,1350,09:00,1282,09:10,1333,222600株,293百万円,-1,-0.07,1317.046円,952回,263億円,05/01,20.9,389.4,18.63
3040,2020-05-20,1325,1369,09:51,1325,09:00,1354,175500株,237百万円,+21,+1.58,1350.749円,712回,267億円,05/01,20.9,389.4,18.63
3040,2020-05-21,1351,1368,09:49,1330,12:32,1349,99500株,134百万円,-5,-0.37,1349.056円,494回,266億円,05/15,20.0,424.7,21.23
3040,2020-05-22,1340,1350,14:55,1309,12:50,1345,119700株,160百万円,-4,-0.30,1332.523円,547回,265億円,05/15,20.0,424.7,21.23
3040,2020-05-25,1363,1369,09:04,1345,14:50,1348,104300株,141百万円,+3,+0.22,1355.419円,455回,266億円,05/15,20.0,424.7,21.23
3040,2020-05-26,1367,1368,09:00,1307,13:58,1322,185500株,247百万円,-26,-1.93,1331.566円,780回,261億円,05/15,20.0,424.7,21.23
3040,2020-05-27,1320,1320,09:00,1293,13:50,1304,136900株,178百万円,-18,-1.36,1303.115円,673回,257億円,05/15,20.0,424.7,21.23
3040,2020-05-28,1310,1340,14:59,1295,09:02,1338,195500株,258百万円,+34,+2.61,1317.805円,900回,264億円,05/22,20.0,381.2,19.06
3040,2020-05-29,1335,1360,12:38,1329,09:00,1344,158800株,214百万円,+6,+0.45,1347.003円,624回,265億円,05/22,20.0,381.2,19.06
3040,2020-06-01,1359,1442,14:54,1344,09:00,1439,550100株,778百万円,+95,+7.07,1413.6円,1584回,284億円,05/22,20.0,381.2,19.06
3040,2020-06-02,1455,1484,09:05,1431,09:49,1450,295700株,431百万円,+11,+0.76,1456.179円,1030回,286億円,05/22,20.0,381.2,19.06
3040,2020-06-03,1458,1462,09:02,1423,10:32,1456,203100株,293百万円,+6,+0.41,1442.518円,958回,287億円,05/22,20.0,381.2,19.06
3040,2020-06-04,1468,1545,12:30,1468,09:00,1505,503300株,758百万円,+49,+3.37,1505.97円,1669回,297億円,05/29,20.0,343.2,17.16
3040,2020-06-05,1500,1500,09:00,1402,11:26,1441,326600株,469百万円,-64,-4.25,1435.723円,1303回,284億円,05/29,20.0,343.2,17.16
3040,2020-06-08,1471,1601,13:08,1460,09:09,1579,833800株,1294百万円,+138,+9.58,1551.437円,2985回,312億円,05/29,20.0,343.2,17.16
3040,2020-06-09,1571,1608,09:03,1505,09:49,1550,417300株,643百万円,-29,-1.84,1540.596円,1682回,306億円,05/29,20.0,343.2,17.16
3040,2020-06-10,1546,1625,14:07,1534,09:00,1606,380100株,606百万円,+56,+3.61,1594.826円,1582回,317億円,06/05,20.0,340.1,17.00
3040,2020-06-11,1612,1625,09:00,1553,14:50,1562,304600株,483百万円,-44,-2.74,1584.465円,1314回,308億円,06/05,20.0,340.1,17.00
3040,2020-06-12,1462,1552,12:51,1440,09:06,1528,291900株,439百万円,-34,-2.18,1505.063円,1126回,302億円,06/05,20.0,340.1,17.00
3040,2020-06-15,1528,1547,09:08,1447,15:00,1447,221300株,331百万円,-81,-5.30,1495.453円,1025回,286億円,06/05,20.0,340.1,17.00
3040,2020-06-16,1515,1521,09:07,1474,13:39,1492,136900株,204百万円,+45,+3.11,1492.759円,683回,295億円,06/05,20.0,340.1,17.00
3040,2020-06-17,1501,1593,14:22,1495,09:19,1577,301400株,467百万円,+85,+5.70,1550.689円,1129回,311億円,06/12,20.0,323.8,16.19
3040,2020-06-18,1590,1615,10:07,1555,09:18,1573,253600株,402百万円,-4,-0.25,1584.026円,1049回,310億円,06/12,20.0,323.8,16.19
3040,2020-06-19,1605,1609,09:00,1560,10:14,1568,195900株,309百万円,-5,-0.32,1576.939円,782回,310億円,06/12,20.0,323.8,16.19
3040,2020-06-22,1588,1588,09:00,1551,09:02,1564,117400株,184百万円,-4,-0.26,1570.597円,526回,309億円,06/12,20.0,323.8,16.19
3040,2020-06-23,1580,1580,09:00,1523,10:24,1551,144700株,224百万円,-13,-0.83,1549.142円,643回,306億円,06/12,20.0,323.8,16.19
3040,2020-06-24,1567,1574,14:56,1540,12:32,1574,110600株,173百万円,+23,+1.48,1561.122円,478回,311億円,06/19,20.0,362.9,18.14
3040,2020-06-25,1550,1574,09:14,1529,11:01,1534,117200株,182百万円,-40,-2.54,1548.776円,512回,303億円,06/19,20.0,362.9,18.14
3040,2020-06-26,1540,1541,09:00,1475,11:30,1487,199900株,299百万円,-47,-3.06,1493.408円,790回,294億円,06/19,20.0,362.9,18.14
3040,2020-06-29,1500,1500,09:00,1446,13:59,1465,220000株,325百万円,-22,-1.48,1475.066円,870回,289億円,06/19,20.0,362.9,18.14
3040,2020-06-30,1470,1484,09:01,1410,12:36,1451,171000株,247百万円,-14,-0.96,1444.922円,757回,286億円,06/26,20.0,336.2,16.81
3040,2020-07-01,1495,1520,09:39,1451,14:52,1457,170800株,254百万円,+6,+0.41,1486.501円,795回,288億円,06/26,20.0,336.2,16.81
3040,2020-07-02,1462,1466,09:00,1386,11:03,1401,188300株,266百万円,-56,-3.84,1411.324円,964回,277億円,06/26,20.0,336.2,16.81
