3086,2019-08-06,1195,1200,09:00,1154,12:36,1178,1284500株,1507百万円,-26,-2.16,1172.976円,2405回
3086,2019-08-06,1145,1189,15:00,1142,09:03,1189,815300株,958百万円,+11,+0.93,1174.711円,1477回
3086,2019-08-07,1188,1205,10:04,1185,09:00,1198,984600株,1178百万円,+9,+0.76,1196.885円,1585回
3086,2019-08-08,1196,1200,09:00,1183,14:52,1185,573700株,682百万円,-13,-1.09,1188.446円,980回
3086,2019-08-09,1193,1194,09:00,1174,10:00,1178,707100株,836百万円,-7,-0.59,1182.288円,1146回
3086,2019-08-13,1178,1188,12:30,1159,09:14,1183,851400株,1005百万円,+5,+0.42,1180.444円,1403回
3086,2019-08-14,1200,1214,13:49,1188,09:02,1211,740600株,893百万円,+28,+2.37,1205.859円,1184回
3086,2019-08-15,1181,1190,09:02,1173,09:32,1185,1050300株,1241百万円,-26,-2.15,1182.003円,1395回
3086,2019-08-16,1180,1190,12:30,1176,09:02,1188,590200株,699百万円,+3,+0.25,1184.819円,1094回
3086,2019-08-19,1200,1212,14:37,1196,09:00,1208,511700株,617百万円,+20,+1.68,1205.723円,923回
3086,2019-08-20,1212,1215,14:30,1205,10:17,1212,574300株,695百万円,+4,+0.33,1210.645円,1049回
3086,2019-08-21,1194,1199,13:41,1185,09:10,1196,578200株,691百万円,-16,-1.32,1194.328円,1041回
3086,2019-08-22,1203,1203,09:00,1188,09:51,1199,833800株,997百万円,+3,+0.25,1195.845円,1254回
3086,2019-08-23,1194,1202,09:00,1185,12:37,1190,936000株,1114百万円,-9,-0.75,1190.326円,1147回
3086,2019-08-26,1163,1183,12:30,1157,09:01,1175,935600株,1097百万円,-15,-1.26,1172.202円,1357回
3086,2019-08-26,1183,1209,12:30,1182,09:02,1200,896500株,1074百万円,+25,+2.13,1197.487円,1096回
3086,2019-08-28,1199,1210,09:15,1199,09:00,1208,802000株,966百万円,+8,+0.67,1205.094円,993回
3086,2019-08-29,1198,1198,09:00,1177,11:07,1189,816000株,969百万円,-19,-1.57,1187.174円,1331回
3086,2019-08-30,1196,1205,14:21,1188,09:02,1202,1013600株,1215百万円,+13,+1.09,1199.011円,1458回
3086,2019-09-02,1198,1206,09:03,1190,14:54,1191,461300株,551百万円,-11,-0.92,1194.402円,646回
3086,2019-09-03,1190,1194,13:31,1180,09:29,1190,570800株,679百万円,-1,-0.08,1188.695円,845回
3086,2019-09-03,1185,1192,09:04,1173,12:37,1180,469000株,553百万円,-10,-0.84,1180.071円,777回
3086,2019-09-05,1186,1205,10:52,1176,09:03,1197,1026500株,1227百万円,+17,+1.44,1194.877円,1799回
3086,2019-09-05,1208,1216,13:38,1199,09:16,1211,1038900株,1257百万円,+14,+1.17,1210.167円,1313回
3086,2019-09-07,1216,1233,14:17,1207,09:29,1233,682500株,837百万円,+22,+1.82,1225.933円,1107回
3086,2019-09-10,1245,1291,14:30,1245,09:00,1288,1437400株,1828百万円,+55,+4.46,1272.031円,1703回
3086,2019-09-11,1295,1314,10:05,1295,09:00,1306,1089200株,1423百万円,+18,+1.40,1306.9円,1546回
3086,2019-09-12,1316,1319,09:49,1300,11:13,1301,1175400株,1536百万円,-5,-0.38,1306.741円,1675回
3086,2019-09-13,1303,1331,13:32,1292,09:19,1328,1811400株,2382百万円,+27,+2.08,1314.903円,1668回
3086,2019-09-17,1316,1318,09:00,1307,09:13,1312,1169900株,1534百万円,-16,-1.20,1311.415円,1434回
3086,2019-09-17,1313,1314,09:00,1281,10:06,1286,1255500株,1620百万円,-26,-1.98,1290.326円,1984回,3479.48億円
3086,2019-09-19,1289,1295,09:01,1275,10:26,1278,1280700株,1640百万円,-8,-0.62,1280.72円,2348回,3457.83億円
3086,2019-09-20,1287,1291,12:30,1276,09:19,1282,1143400株,1467百万円,+4,+0.31,1283.068円,1566回,3468.65億円
3086,2019-09-24,1287,1318,10:07,1287,09:00,1299,992900株,1295百万円,+17,+1.33,1304.183円,1941回,3514.65億円
3086,2019-09-25,1290,1300,09:05,1289,09:00,1297,844800株,1095百万円,-2,-0.15,1295.638円,1540回,3509.24億円
3086,2019-09-26,1320,1322,09:00,1301,14:51,1305,1093900株,1433百万円,+8,+0.62,1309.709円,1496回,3530.88億円
3086,2019-09-27,1306,1309,09:01,1266,13:37,1280,906100株,1161百万円,-25,-1.92,1281.067円,1331回,3463.24億円
3086,2019-09-30,1284,1287,09:00,1258,13:33,1264,1213800株,1536百万円,-16,-1.25,1265.692円,1544回,3419.95億円
3086,2019-10-01,1270,1292,09:54,1267,09:00,1286,900300株,1157百万円,+22,+1.74,1285.486円,1833回,3479.48億円
3086,2019-10-02,1278,1285,09:15,1256,10:20,1266,1190500株,1508百万円,-20,-1.56,1266.956円,1838回,3425.36億円
3086,2019-10-03,1247,1254,09:04,1229,11:00,1240,1000100株,1239百万円,-26,-2.05,1239.361円,1827回,3355.02億円
3086,2019-10-04,1241,1246,09:00,1217,12:48,1236,1177800株,1451百万円,-4,-0.32,1231.536円,1500回,3344.19億円
3086,2019-10-07,1235,1243,09:02,1226,10:16,1240,953100株,1179百万円,+4,+0.32,1236.894円,1697回,3355.02億円
3086,2019-10-08,1254,1280,12:54,1254,09:00,1274,1489100株,1894百万円,+34,+2.74,1272.008円,2487回,3447.01億円
3086,2019-10-09,1249,1292,10:33,1244,09:00,1289,2226000株,2843百万円,+15,+1.18,1277.101円,4012回,3487.59億円
3086,2019-10-10,1295,1320,15:00,1293,09:00,1320,1823400株,2396百万円,+31,+2.40,1313.915円,2967回,3571.47億円
3086,2019-10-11,1327,1331,09:31,1315,14:33,1320,1748100株,2308百万円,0,0,1320.576円,2695回,3571.47億円
3086,2019-10-15,1325,1364,13:02,1319,09:03,1350,1804200株,2429百万円,+30,+2.27,1346.218円,2767回,3652.64億円
3086,2019-10-16,1374,1398,09:18,1362,14:51,1362,1459700株,2003百万円,+12,+0.89,1372.064円,2506回,3685.11億円
3086,2019-10-17,1373,1385,10:12,1359,09:03,1374,1321000株,1818百万円,+12,+0.88,1376.307円,2372回,3717.57億円
3086,2019-10-18,1381,1388,09:04,1368,13:24,1373,924500株,1272百万円,-1,-0.07,1375.646円,1448回,3714.87億円
3086,2019-10-21,1367,1381,10:10,1365,09:00,1380,587200株,809百万円,+7,+0.51,1376.935円,1021回,3733.81億円
3086,2019-10-23,1396,1412,10:32,1389,09:20,1408,1225200株,1719百万円,+28,+2.03,1403.189円,2005回,3809.57億円
3086,2019-10-24,1412,1419,09:01,1401,09:44,1405,791900株,1114百万円,-3,-0.21,1406.618円,1412回,3801.45億円
3086,2019-10-25,1418,1437,10:38,1412,09:09,1424,1479500株,2109百万円,+19,+1.35,1425.356円,2393回,3852.86億円
3086,2019-10-28,1430,1439,09:00,1419,09:25,1424,810200株,1156百万円,0,0,1427.412円,1461回,3852.86億円
3086,2019-10-29,1434,1438,09:00,1413,14:55,1415,1047400株,1488百万円,-9,-0.63,1420.642円,2172回,3828.51億円
3086,2019-10-30,1398,1406,09:29,1385,14:07,1388,1897400株,2641百万円,-27,-1.91,1392.037円,2628回,3755.45億円
3086,2019-10-31,1392,1399,09:34,1382,14:14,1385,864300株,1199百万円,-3,-0.22,1386.757円,1161回,3747.34億円
3086,2019-11-01,1372,1382,10:01,1366,09:15,1377,692100株,951百万円,-8,-0.58,1374.305円,1123回,3725.69億円
3086,2019-11-05,1396,1399,14:05,1379,09:04,1396,846200株,1179百万円,+19,+1.38,1393.16円,1560回,3777.10億円
3086,2019-11-06,1421,1436,10:50,1420,13:11,1431,1084200株,1548百万円,+35,+2.51,1428.229円,1863回,3871.80億円
3086,2019-11-07,1423,1432,10:18,1413,12:30,1421,801700株,1140百万円,-10,-0.70,1421.818円,1439回,3844.74億円
3086,2019-11-08,1440,1456,14:58,1431,09:16,1454,1397900株,2023百万円,+33,+2.32,1447.36円,2082回,3934.03億円
3086,2019-11-11,1456,1458,09:00,1428,14:44,1428,833500株,1199百万円,-26,-1.79,1438.739円,1411回,3863.68億円
3086,2019-11-12,1432,1450,14:56,1428,12:30,1447,719200株,1035百万円,+19,+1.33,1439.64円,1225回,3915.09億円
3086,2019-11-13,1443,1444,09:38,1423,14:37,1426,524700株,751百万円,-21,-1.45,1430.681円,1065回,3858.27億円
3086,2019-11-14,1423,1423,09:00,1396,13:07,1405,652800株,918百万円,-21,-1.47,1406.874円,1007回,3801.45億円
3086,2019-11-15,1410,1429,10:06,1409,09:00,1421,601400株,855百万円,+16,+1.14,1421.357円,1152回,3844.74億円
3086,2019-11-18,1427,1430,14:59,1413,09:07,1430,535200株,762百万円,+9,+0.63,1424.57円,1107回,3869.09億円
3086,2019-11-19,1420,1464,14:59,1416,09:00,1464,1173000株,1703百万円,+34,+2.38,1451.41円,1693回,3961.08億円
3086,2019-11-20,1444,1451,10:09,1426,09:10,1447,994500株,1435百万円,-17,-1.16,1442.578円,1732回,3915.09億円
3086,2019-11-21,1430,1444,09:02,1406,10:53,1429,709400株,1010百万円,-18,-1.24,1424.334円,1486回,3866.38億円
3086,2019-11-22,1435,1461,10:26,1433,09:00,1447,612100株,887百万円,+18,+1.26,1448.876円,1325回,3915.09億円
3086,2019-11-25,1463,1463,09:00,1451,12:30,1457,313000株,456百万円,+10,+0.69,1456.595円,606回,3942.14億円
3086,2019-11-26,1466,1469,09:00,1441,14:59,1441,872500株,1263百万円,-16,-1.10,1447.811円,1447回,3898.85億円
3086,2019-11-27,1458,1462,09:00,1444,10:40,1450,465300株,675百万円,+9,+0.62,1451.301円,903回,3923.20億円
3086,2019-11-28,1445,1448,10:06,1437,09:01,1441,657800株,949百万円,-9,-0.62,1443.086円,1309回,3898.85億円
3086,2019-11-29,1445,1454,09:33,1436,14:30,1438,601900株,868百万円,-3,-0.21,1442.8円,1035回,3890.74億円
3086,2019-12-02,1441,1481,12:34,1441,09:00,1473,882800株,1299百万円,+35,+2.43,1471.025円,1687回,3985.43億円
3086,2019-12-03,1451,1464,09:00,1444,10:39,1452,700500株,1018百万円,-21,-1.43,1452.779円,1602回,3928.61億円
3086,2019-12-05,1467,1474,09:00,1450,12:31,1460,610200株,892百万円,+15,+1.04,1461.569円,1260回,3950.26億円
3086,2019-12-06,1476,1477,09:00,1464,09:24,1473,680300株,1002百万円,+13,+0.89,1472.217円,1084回,3985.43億円
3086,2019-12-09,1483,1495,12:30,1475,09:10,1486,615500株,915百万円,+13,+0.88,1486.598円,943回,4020.61億円
3086,2019-12-10,1492,1492,09:00,1479,09:05,1482,670300株,995百万円,-4,-0.27,1483.671円,922回,4009.78億円
3086,2019-12-13,1488,1499,12:30,1479,09:10,1485,1436600株,2138百万円,+27,+1.85,1488.318円,2154回,4017.90億円
3086,2019-12-16,1487,1496,12:32,1485,09:00,1492,611700株,912百万円,+7,+0.47,1491.154円,1256回,4036.84億円
3086,2019-12-17,1499,1506,09:00,1486,12:46,1495,700700株,1047百万円,+3,+0.20,1494.468円,1280回,4044.96億円
3086,2019-12-18,1502,1508,09:00,1481,14:13,1486,697000株,1039百万円,-9,-0.60,1490.784円,1537回,4020.61億円
3086,2019-12-19,1498,1502,09:02,1468,12:33,1476,724400株,1070百万円,-10,-0.67,1477.707円,1729回,3993.55億円
3086,2019-12-20,1476,1481,09:00,1453,10:22,1470,880400株,1292百万円,-6,-0.41,1467.836円,1376回,3977.32億円
3086,2019-12-23,1464,1470,09:00,1453,09:20,1463,703700株,1028百万円,-7,-0.48,1461.205円,1480回,3958.38億円
3086,2019-12-24,1463,1473,10:42,1454,12:49,1455,779600株,1138百万円,-8,-0.55,1460.039円,1343回,3936.73億円
3086,2019-12-25,1453,1454,09:00,1430,13:45,1432,681000株,978百万円,-23,-1.58,1435.808円,1406回,3874.50億円
3086,2019-12-26,1426,1449,11:02,1422,09:01,1436,1221900株,1756百万円,+4,+0.28,1436.829円,2360回,3885.32億円
3086,2019-12-27,1466,1523,12:46,1446,09:01,1511,2400500株,3613百万円,+75,+5.22,1505.216円,4613回,4088.25億円
3086,2019-12-30,1515,1539,09:28,1502,09:10,1530,1183500株,1809百万円,+19,+1.26,1528.127円,2172回,4139.66億円
3086,2020-01-06,1510,1612,13:11,1505,09:00,1585,3407600株,5379百万円,+55,+3.59,1578.4円,6484回,4288.47億円
3086,2020-01-07,1555,1594,14:49,1551,09:00,1590,1864300株,2939百万円,+5,+0.32,1576.439円,3308回,4302.00億円
3086,2020-01-08,1565,1579,13:24,1543,09:41,1571,1358100株,2126百万円,-19,-1.19,1565.444円,2936回,4250.59億円
3086,2020-01-09,1571,1582,10:21,1562,09:00,1568,1555100株,2445百万円,-3,-0.19,1571.957円,2811回,4242.47億円
3086,2020-01-10,1575,1583,09:04,1546,13:44,1551,1303900株,2032百万円,-17,-1.08,1558.172円,1898回,4196.47億円
3086,2020-01-14,1544,1555,11:07,1531,09:00,1550,1033900株,1599百万円,-1,-0.06,1546.303円,1839回,4193.77億円
3086,2020-01-15,1538,1544,09:01,1521,13:44,1534,905600株,1386百万円,-16,-1.03,1531.006円,1755回,4150.48億円
3086,2020-01-16,1523,1543,14:59,1517,10:35,1541,1364500株,2093百万円,+7,+0.46,1533.571円,1909回,4169.42億円
3086,2020-01-17,1542,1546,09:00,1508,14:59,1512,1133100株,1720百万円,-29,-1.88,1517.88円,2407回,4090.95億円
3086,2020-01-20,1515,1517,09:00,1494,14:24,1499,837700株,1259百万円,-13,-0.86,1503.056円,1401回,4055.78億円
3086,2020-01-21,1495,1498,09:00,1462,13:24,1474,1291500株,1907百万円,-25,-1.67,1476.363円,1938回,3988.14億円
3086,2020-01-22,1463,1463,09:00,1445,13:01,1462,1710600株,2489百万円,-12,-0.81,1455.016円,2948回,3955.67億円
3086,2020-01-23,1447,1447,09:00,1420,14:03,1428,1554500株,2221百万円,-34,-2.33,1429.064円,2625回,3863.68億円
3086,2020-01-24,1418,1418,09:00,1400,12:53,1403,1316900株,1852百万円,-25,-1.75,1406.172円,2208回,3796.04億円
3086,2020-01-27,1343,1376,10:23,1338,09:05,1364,1840200株,2498百万円,-39,-2.78,1357.728円,2493回,3690.52億円
3086,2020-01-28,1360,1363,09:00,1331,13:28,1337,1431600株,1919百万円,-27,-1.98,1340.587円,2233回,3617.46億円
3086,2020-01-29,1349,1355,09:21,1332,13:13,1343,848100株,1139百万円,+6,+0.45,1342.57円,1461回,3634億円
3086,2020-01-30,1340,1354,09:20,1321,12:52,1329,1109100株,1477百万円,-14,-1.04,1331.764円,2064回,3596億円
3086,2020-01-31,1322,1330,14:36,1311,09:28,1330,1309000株,1734百万円,+1,+0.08,1324.73円,1897回,3599億円
3086,2020-02-03,1289,1301,10:57,1281,09:30,1285,1804800株,2326百万円,-45,-3.38,1288.826円,2485回,3477億円
3086,2020-02-04,1281,1306,12:36,1273,09:00,1300,1408500株,1823百万円,+15,+1.17,1294.264円,2391回,3517億円
3086,2020-02-05,1315,1323,11:05,1307,09:03,1314,1054200株,1386百万円,+14,+1.08,1314.742円,1539回,3555億円
3086,2020-02-06,1359,1373,11:25,1346,09:04,1357,1595000株,2172百万円,+43,+3.27,1361.851円,2364回,3672億円
3086,2020-02-07,1355,1360,09:03,1338,09:49,1346,1011900株,1364百万円,-11,-0.81,1347.666円,1486回,3642億円
3086,2020-02-10,1330,1348,10:45,1329,09:00,1337,839200株,1124百万円,-9,-0.67,1339.169円,1272回,3617億円
3086,2020-02-10,1360,1366,09:09,1349,11:29,1364,1408300株,1914百万円,+27,+2.02,1358.751円,2152回,3691億円
3086,2020-02-13,1364,1381,14:18,1356,09:32,1378,1258100株,1726百万円,+14,+1.03,1371.644円,1736回,3728億円
3086,2020-02-14,1379,1380,09:02,1349,14:23,1357,1043200株,1420百万円,-21,-1.52,1361.538円,1606回,3672億円
3086,2020-02-17,1330,1337,13:36,1302,09:58,1328,1645200株,2178百万円,-29,-2.14,1323.626円,2350回,3593億円
3086,2020-02-17,1325,1328,09:00,1302,12:59,1304,704200株,923百万円,-24,-1.81,1310.229円,1303回,3528億円
3086,2020-02-18,1300,1306,11:18,1291,09:00,1300,926800株,1205百万円,-4,-0.31,1300.206円,1559回,3517億円
3086,2020-02-20,1313,1321,09:01,1280,13:52,1285,993200株,1285百万円,-15,-1.15,1293.582円,1644回,3477億円
3086,2020-02-21,1290,1300,09:26,1284,09:00,1287,905600株,1168百万円,+2,+0.16,1290.16円,1510回,3482億円
3086,2020-02-25,1224,1251,10:37,1212,09:12,1235,2016400株,2485百万円,-52,-4.04,1232.354円,2904回,3341億円
3086,2020-02-26,1222,1245,12:46,1218,09:00,1237,1763200株,2171百万円,+2,+0.16,1231.104円,2635回,3347億円
3086,2020-02-27,1196,1198,09:01,1167,12:46,1181,1801500株,2128百万円,-56,-4.53,1181.338円,2643回,3195億円
3086,2020-02-28,1144,1155,09:05,1131,12:44,1147,1925600株,2201百万円,-34,-2.88,1142.852円,2938回,3103億円
3086,2020-03-02,1130,1175,12:36,1126,09:28,1155,1466400株,1686百万円,+8,+0.70,1149.973円,3076回,3125億円
3086,2020-03-03,1175,1175,09:00,1126,13:49,1128,1743000株,1986百万円,-27,-2.34,1139.229円,2994回,3052億円
3086,2020-03-04,1106,1128,14:45,1105,09:00,1127,1760100株,1975百万円,-1,-0.09,1121.898円,3025回,3049億円
3086,2020-03-05,1135,1139,09:00,1123,09:16,1137,1662800株,1885百万円,+10,+0.89,1133.435円,2699回,3076億円
3086,2020-03-06,1108,1114,09:02,1064,12:54,1072,2227100株,2401百万円,-65,-5.72,1078.005円,3406回,2900億円
3086,2020-03-06,1032,1037,09:07,980,14:33,992,1907600株,1906百万円,-80,-7.46,999.216円,3581回,2684億円
3086,2020-03-10,977,986,14:19,923,09:31,978,3692900株,3566百万円,-14,-1.41,965.624円,6047回,2646億円
3086,2020-03-11,976,1000,13:26,971,09:01,975,1857500株,1823百万円,-3,-0.31,981.471円,3322回,2638億円
3086,2020-03-12,950,960,10:02,914,12:36,928,2364200株,2206百万円,-47,-4.82,933.071円,3994回,2511億円
3086,2020-03-13,857,909,14:17,835,11:00,888,3274200株,2852百万円,-40,-4.31,871.191円,4596回,2403億円
3086,2020-03-16,900,920,09:00,851,14:58,857,2640100株,2315百万円,-31,-3.49,876.892円,4429回,2319億円
3086,2020-03-17,839,869,10:34,811,09:10,844,4137900株,3479百万円,-13,-1.52,840.829円,8369回,2284億円
3086,2020-03-18,851,860,09:13,794,14:59,798,3429600株,2814百万円,-46,-5.45,820.585円,5415回,2159億円
3086,2020-03-19,809,946,13:31,765,11:00,925,5741400株,5030百万円,+127,+15.91,876.049円,9047回,2503億円
