3105,2019-08-06,798,799,09:00,779,12:37,798,1099000株,870百万円,-3,-0.37,791.242円,1459回
3105,2019-08-06,761,797,13:09,760,09:06,796,930600株,730百万円,-2,-0.25,784.614円,1420回
3105,2019-08-07,793,810,09:59,772,14:13,773,1185000株,928百万円,-23,-2.89,783.267円,1837回
3105,2019-08-08,767,785,09:21,764,09:00,780,967900株,755百万円,+7,+0.91,780.302円,1453回
3105,2019-08-09,794,808,14:39,777,09:08,807,1117300株,893百万円,+27,+3.46,798.933円,1169回
3105,2019-08-13,789,791,09:03,774,11:01,783,1010500株,789百万円,-24,-2.97,781.219円,1221回
3105,2019-08-14,797,808,09:04,791,09:43,799,728800株,582百万円,+16,+2.04,798.038円,1049回
3105,2019-08-15,775,782,10:54,769,09:30,780,727800株,566百万円,-19,-2.38,777.926円,937回
3105,2019-08-16,769,784,14:53,768,09:00,781,763200株,594百万円,+1,+0.13,777.962円,1131回
3105,2019-08-19,793,797,12:57,781,09:02,790,916000株,725百万円,+9,+1.15,791.259円,1242回
3105,2019-08-20,786,794,11:09,782,09:05,792,655500株,518百万円,+2,+0.25,790.264円,823回
3105,2019-08-21,781,797,10:21,778,09:01,794,461500株,366百万円,+2,+0.25,792.39円,691回
3105,2019-08-22,792,800,09:05,792,09:00,798,496900株,396百万円,+4,+0.50,797.245円,653回
3105,2019-08-23,785,805,14:59,780,09:00,802,617200株,493百万円,+4,+0.50,798.032円,858回
3105,2019-08-26,773,782,09:42,759,14:09,762,1310600株,1008百万円,-40,-4.99,768.807円,1499回
3105,2019-08-26,764,783,11:09,763,09:00,778,769800株,598百万円,+16,+2.10,776.607円,946回
3105,2019-08-28,778,781,10:05,773,09:07,776,513800株,399百万円,-2,-0.26,776.397円,622回
3105,2019-08-29,781,781,09:00,769,10:19,775,390300株,302百万円,-1,-0.13,774.185円,578回
3105,2019-08-30,782,796,10:01,781,09:00,793,620200株,491百万円,+18,+2.32,791.151円,774回
3105,2019-09-02,788,795,09:31,781,12:30,782,554600株,435百万円,-11,-1.39,784.991円,737回
3105,2019-09-03,775,779,09:03,766,14:12,766,660900株,509百万円,-16,-2.05,769.81円,859回
3105,2019-09-03,765,765,09:00,751,11:20,752,683100株,515百万円,-14,-1.83,754.548円,917回
3105,2019-09-05,758,785,11:11,756,09:01,780,1001600株,779百万円,+28,+3.72,777.587円,1159回
3105,2019-09-05,790,807,13:45,785,09:01,805,929400株,744百万円,+25,+3.21,800.286円,1056回
3105,2019-09-07,805,814,13:22,800,09:28,811,644400株,522百万円,+6,+0.75,809.899円,1017回
3105,2019-09-10,819,844,14:59,819,09:00,842,822200株,689百万円,+31,+3.82,837.42円,1481回
3105,2019-09-11,854,876,14:08,850,09:00,873,1102200株,957百万円,+31,+3.68,867.814円,1619回
3105,2019-09-12,880,882,09:01,868,09:13,875,1019400株,892百万円,+2,+0.23,875.179円,1453回
3105,2019-09-13,881,881,09:00,863,09:12,878,1553600株,1363百万円,+3,+0.34,877.316円,1620回
3105,2019-09-17,878,886,10:08,869,09:02,884,805000株,709百万円,+6,+0.68,880.985円,1293回
3105,2019-09-17,881,886,09:34,870,09:08,879,696300株,613百万円,-5,-0.57,880.326円,1115回,1572.48億円
3105,2019-09-19,886,892,10:13,878,14:56,878,769000株,679百万円,-1,-0.11,883.466円,1224回,1570.70億円
3105,2019-09-20,881,882,10:30,872,13:17,874,843500株,739百万円,-4,-0.46,875.925円,945回,1563.54億円
3105,2019-09-24,872,885,09:37,864,09:03,874,617600株,541百万円,0,0,876.157円,953回,1563.54億円
3105,2019-09-25,871,871,09:00,852,10:11,861,629100株,542百万円,-13,-1.49,861.42円,951回,1540.28億円
3105,2019-09-26,873,876,09:03,862,14:58,865,825600株,717百万円,+4,+0.46,868.958円,1118回,1547.44億円
3105,2019-09-27,861,869,09:20,845,12:30,855,745400株,637百万円,-10,-1.16,854.15円,1136回,1529.55億円
3105,2019-09-30,854,854,09:00,837,14:35,842,794700株,670百万円,-13,-1.52,842.825円,954回,1506.29億円
3105,2019-10-01,840,874,13:13,838,09:00,872,789000株,685百万円,+30,+3.56,868.142円,1149回,1559.96億円
3105,2019-10-02,857,867,09:14,856,09:00,863,866300株,747百万円,-9,-1.03,861.966円,1080回,1543.86億円
3105,2019-10-03,836,840,09:07,822,10:06,832,909800株,755百万円,-31,-3.59,829.399円,1237回,1488.40億円
3105,2019-10-04,836,837,09:00,815,10:38,822,695400株,572百万円,-10,-1.20,822.434円,914回,1470.51億円
3105,2019-10-07,824,827,09:00,812,10:25,817,666600株,545百万円,-5,-0.61,816.867円,822回,1461.57億円
3105,2019-10-08,830,842,11:07,827,13:02,830,609900株,508百万円,+13,+1.59,832.749円,884回,1484.83億円
3105,2019-10-09,815,819,09:37,811,09:06,814,599900株,489百万円,-16,-1.93,815.207円,874回,1456.20億円
3105,2019-10-10,818,829,10:53,813,09:28,827,615900株,507百万円,+13,+1.60,822.946円,834回,1479.46億円
3105,2019-10-11,839,849,12:47,832,09:02,845,759800株,640百万円,+18,+2.18,842.28円,919回,1511.66億円
3105,2019-10-15,870,884,10:21,867,09:03,878,760900株,667百万円,+33,+3.91,877.238円,1099回,1570.70億円
3105,2019-10-16,888,901,09:06,881,13:16,885,872400株,776百万円,+7,+0.80,888.944円,1219回,1583.22億円
3105,2019-10-17,887,888,09:00,873,14:49,873,702800株,617百万円,-12,-1.36,877.998円,988回,1561.75億円
3105,2019-10-18,881,888,09:03,875,12:31,877,604000株,531百万円,+4,+0.46,879.407円,898回,1568.91億円
3105,2019-10-21,873,880,12:52,871,09:02,876,434900株,381百万円,-1,-0.11,875.688円,578回,1567.12億円
3105,2019-10-23,886,889,09:00,872,09:20,887,557200株,491百万円,+11,+1.26,881.947円,790回,1586.80億円
3105,2019-10-24,890,900,11:02,887,09:08,897,597400株,535百万円,+10,+1.13,894.814円,801回,1604.69億円
3105,2019-10-25,894,901,09:00,885,09:51,889,598700株,532百万円,-8,-0.89,889.2円,832回,1590.37億円
3105,2019-10-28,902,904,09:11,892,09:32,900,507700株,456百万円,+11,+1.24,898.978円,654回,1610.05億円
3105,2019-10-29,906,920,14:58,904,09:10,919,669900株,612百万円,+19,+2.11,914.233円,878回,1644.04億円
3105,2019-10-30,919,919,09:00,904,09:19,911,831100株,757百万円,-8,-0.87,910.53円,880回,1629.73億円
3105,2019-10-31,914,915,09:00,899,11:05,910,801100株,728百万円,-1,-0.11,908.579円,980回,1627.94億円
3105,2019-11-01,888,904,10:54,885,09:03,903,1124400株,1012百万円,-7,-0.77,899.616円,1515回,1615.42億円
3105,2019-11-05,921,961,14:29,919,09:06,958,1379900株,1305百万円,+55,+6.09,945.53円,1643回,1713.81億円
3105,2019-11-06,960,960,09:00,934,14:59,935,825600株,776百万円,-23,-2.40,940.409円,1321回,1672.67億円
3105,2019-11-07,930,938,14:35,914,09:14,933,819700株,762百万円,-2,-0.21,929.811円,1587回,1669.09億円
3105,2019-11-08,955,972,09:25,949,09:04,965,1562100株,1504百万円,+32,+3.43,962.969円,1738回,1726.33億円
3105,2019-11-11,971,973,09:00,951,15:00,951,902900株,866百万円,-14,-1.45,959.382円,1309回,1701.29億円
3105,2019-11-12,952,964,14:56,946,09:13,964,545600株,523百万円,+13,+1.37,957.778円,948回,1724.55億円
3105,2019-11-13,993,995,09:03,969,11:29,975,819500株,802百万円,+11,+1.14,979.241円,1425回,1744.22億円
3105,2019-11-14,970,978,10:01,963,13:04,968,673800株,654百万円,-5,-0.51,970.198円,1070回,1731.70億円
3105,2019-11-15,972,1001,12:33,966,09:00,992,1025500株,1016百万円,+24,+2.48,990.944円,1310回,1774.64億円
3105,2019-11-18,996,1000,09:00,994,09:03,999,578300株,577百万円,+7,+0.71,997.521円,888回,1787.16億円
3105,2019-11-19,990,1005,12:45,987,09:12,992,898700株,894百万円,-7,-0.70,995.278円,1231回,1774.64億円
3105,2019-11-20,978,979,09:19,965,13:15,968,633400株,615百万円,-24,-2.42,970.446円,1116回,1731.70億円
3105,2019-11-21,956,966,09:19,938,10:45,958,867900株,827百万円,-10,-1.03,953.168円,1441回,1713.81億円
3105,2019-11-22,957,975,10:32,956,09:00,962,490200株,474百万円,+4,+0.42,966.083円,750回,1720.97億円
3105,2019-11-25,977,983,12:34,974,09:12,980,405400株,397百万円,+18,+1.87,979.418円,770回,1753.17億円
3105,2019-11-26,988,994,10:48,978,12:36,979,593000株,583百万円,-1,-0.10,983.266円,947回,1751.38億円
3105,2019-11-27,990,994,09:24,984,10:39,989,516800株,511百万円,+10,+1.02,988.704円,736回,1769.27億円
3105,2019-11-28,993,1006,10:33,991,13:47,993,569700株,568百万円,+4,+0.40,997.197円,788回,1776.43億円
3105,2019-11-29,999,1005,14:11,995,09:00,1003,681900株,683百万円,+10,+1.01,1001.972円,802回,1794.31億円
3105,2019-12-02,1003,1021,10:37,1003,09:00,1019,580200株,590百万円,+16,+1.60,1017.537円,1032回,1822.94億円
3105,2019-12-03,997,1019,12:36,995,09:00,1012,662200株,668百万円,-7,-0.69,1009.083円,1128回,1810.42億円
3105,2019-12-05,1027,1039,13:32,1023,09:24,1033,826300株,852百万円,+17,+1.67,1031.564円,1387回,1847.98億円
3105,2019-12-06,1039,1052,09:04,1035,12:42,1040,714100株,743百万円,+7,+0.68,1041.004円,1005回,1860.51億円
3105,2019-12-09,1063,1069,09:00,1054,10:08,1058,585700株,621百万円,+18,+1.73,1059.504円,796回,1892.71億円
3105,2019-12-10,1050,1062,09:09,1045,15:00,1045,774600株,813百万円,-13,-1.23,1049.497円,896回,1869.45億円
3105,2019-12-13,1098,1101,09:00,1081,13:49,1086,1478200株,1614百万円,+18,+1.69,1091.625円,1359回,1942.80億円
3105,2019-12-16,1084,1084,09:00,1073,10:29,1080,577200株,624百万円,-6,-0.55,1080.454円,787回,1932.06億円
3105,2019-12-17,1093,1095,09:00,1075,09:51,1078,571000株,617百万円,-2,-0.19,1079.843円,780回,1928.49億円
3105,2019-12-18,1080,1080,09:00,1059,14:11,1063,586600株,625百万円,-15,-1.39,1065.75円,804回,1901.65億円
3105,2019-12-19,1050,1050,09:00,1041,09:10,1045,681100株,713百万円,-18,-1.69,1046.254円,917回,1869.45億円
3105,2019-12-20,1051,1062,09:15,1048,09:00,1053,497700株,525百万円,+8,+0.77,1054.844円,624回,1883.76億円
3105,2019-12-23,1060,1063,09:00,1053,12:30,1056,382200株,404百万円,+3,+0.28,1056.722円,506回,1889.13億円
3105,2019-12-24,1060,1072,13:55,1058,09:33,1069,480000株,512百万円,+13,+1.23,1066.905円,776回,1912.39億円
3105,2019-12-25,1069,1069,09:00,1055,12:32,1060,267700株,284百万円,-9,-0.84,1061.034円,310回,1896.28億円
3105,2019-12-26,1062,1074,09:39,1060,13:15,1068,635800株,677百万円,+8,+0.75,1065.184円,616回,1910.60億円
3105,2019-12-27,1056,1059,11:29,1044,09:12,1054,668000株,703百万円,-14,-1.31,1052.963円,734回,1885.55億円
3105,2019-12-30,1051,1055,09:28,1039,09:10,1045,526400株,551百万円,-9,-0.85,1047.102円,724回,1869.45億円
3105,2020-01-06,1027,1038,13:57,1016,09:39,1033,848400株,873百万円,-12,-1.15,1029.162円,1393回,1847.98億円
3105,2020-01-07,1034,1058,11:11,1034,09:00,1057,727000株,765百万円,+24,+2.32,1052.876円,1155回,1890.92億円
3105,2020-01-08,1030,1037,09:07,1012,10:37,1029,838400株,861百万円,-28,-2.65,1026.824円,1820回,1840.83億円
3105,2020-01-09,1057,1065,09:01,1051,12:30,1053,760500株,804百万円,+24,+2.33,1056.926円,1359回,1883.76億円
3105,2020-01-10,1056,1058,09:00,1044,10:36,1050,729900株,768百万円,-3,-0.28,1051.549円,858回,1878.40億円
3105,2020-01-14,1051,1058,09:02,1039,09:43,1047,642600株,673百万円,-3,-0.29,1047.186円,1153回,1873.03億円
3105,2020-01-15,1037,1042,09:02,1022,13:14,1030,545300株,561百万円,-17,-1.62,1029.123円,894回,1842.62億円
3105,2020-01-16,1030,1030,09:00,1010,14:27,1012,475000株,482百万円,-18,-1.75,1015.33円,777回,1810.42億円
3105,2020-01-17,1012,1029,14:59,1011,09:00,1029,575900株,589百万円,+17,+1.68,1023.082円,841回,1840.83億円
3105,2020-01-20,1034,1043,09:02,1033,10:10,1038,309400株,321百万円,+9,+0.87,1037.733円,530回,1856.93億円
3105,2020-01-21,1038,1042,09:01,1023,13:37,1027,499300株,514百万円,-11,-1.06,1029.278円,674回,1837.25億円
3105,2020-01-22,1024,1033,12:30,1019,09:02,1024,432800株,444百万円,-3,-0.29,1025.333円,645回,1831.88億円
3105,2020-01-23,1005,1011,09:00,996,09:24,1007,556700株,560百万円,-17,-1.66,1005.612円,816回,1801.47億円
3105,2020-01-24,1007,1013,13:40,1002,09:03,1011,456600株,461百万円,+4,+0.40,1009.76円,611回,1808.63億円
3105,2020-01-27,993,996,09:01,986,11:25,988,654200株,648百万円,-23,-2.27,990.11円,855回,1767.48億円
3105,2020-01-28,980,980,09:00,960,14:36,966,713400株,691百万円,-22,-2.23,967.991円,941回,1728.12億円
3105,2020-01-29,973,980,10:48,970,10:00,976,646600株,631百万円,+10,+1.04,975.268円,871回,1746億円
3105,2020-01-30,975,975,09:00,949,14:16,955,639000株,611百万円,-21,-2.15,956.709円,992回,1708億円
3105,2020-01-31,950,974,10:04,949,09:00,958,987900株,947百万円,+3,+0.31,958.582円,1472回,1714億円
3105,2020-02-03,928,954,09:45,926,09:05,946,793900株,750百万円,-12,-1.25,944.555円,1180回,1692億円
3105,2020-02-04,940,966,12:45,940,09:00,964,886600株,850百万円,+18,+1.90,958.982円,1242回,1725億円
3105,2020-02-05,983,995,14:06,977,09:05,989,946700株,935百万円,+25,+2.59,988.161円,1143回,1769億円
3105,2020-02-06,1012,1044,13:31,1011,09:03,1034,958100株,989百万円,+45,+4.55,1031.946円,1412回,1850億円
3105,2020-02-07,1030,1034,09:00,1017,10:11,1027,564700株,579百万円,-7,-0.68,1024.562円,899回,1837億円
3105,2020-02-10,1012,1022,11:25,1005,09:00,1010,728600株,738百万円,-17,-1.66,1013.086円,1006回,1807億円
3105,2020-02-10,1010,1024,12:30,1007,09:05,1015,779300株,791百万円,+5,+0.50,1014.862円,1292回,1816億円
3105,2020-02-13,1027,1054,12:30,1001,09:04,1015,1814200株,1856百万円,0,0,1022.811円,2407回,1816億円
3105,2020-02-14,1018,1033,14:59,1015,09:01,1029,1111300株,1142百万円,+14,+1.38,1027.201円,1827回,1841億円
3105,2020-02-17,1035,1036,09:00,1009,10:25,1018,709600株,722百万円,-11,-1.07,1017.666円,952回,1821億円
3105,2020-02-17,1009,1011,09:00,989,12:30,1001,599100株,598百万円,-17,-1.67,998.875円,1065回,1791億円
3105,2020-02-18,1003,1014,13:20,996,10:17,1013,654100株,660百万円,+12,+1.20,1008.803円,826回,1812億円
3105,2020-02-20,1025,1043,09:51,1025,09:00,1038,804300株,833百万円,+25,+2.47,1035.453円,1335回,1857億円
3105,2020-02-21,1034,1060,13:02,1034,09:00,1051,910000株,957百万円,+13,+1.25,1051.443円,1269回,1880億円
3105,2020-02-25,996,1022,10:42,994,09:03,1009,1039800株,1048百万円,-42,-4.00,1007.782円,1708回,1805億円
3105,2020-02-26,995,995,09:00,964,10:52,987,1029900株,1012百万円,-22,-2.18,983.028円,1542回,1766億円
3105,2020-02-27,986,986,09:00,954,13:58,960,1038100株,1000百万円,-27,-2.74,963.234円,1665回,1717億円
3105,2020-02-28,931,942,09:03,910,14:51,920,1347100株,1240百万円,-40,-4.17,920.825円,1612回,1646億円
