3349,2019-08-06,20300,20770,10:15,20130,12:38,20530,110900株,2269百万円,+70,+0.34,20462.886円,762回
3349,2019-08-06,20110,20820,14:53,20100,09:09,20800,94900株,1950百万円,+270,+1.32,20543.762円,590回
3349,2019-08-07,20920,21290,14:41,20750,09:39,21230,127300株,2679百万円,+430,+2.07,21046.379円,780回
3349,2019-08-08,21480,21890,09:02,21290,10:26,21350,129500株,2783百万円,+120,+0.57,21487.961円,755回
3349,2019-08-09,21300,21360,09:10,20860,09:59,21080,120900株,2545百万円,-270,-1.26,21053.887円,668回
3349,2019-08-13,20980,21400,12:36,20840,09:14,21340,75400株,1601百万円,+260,+1.23,21226.804円,487回
3349,2019-08-14,21490,21490,09:00,21200,09:02,21290,73700株,1571百万円,-50,-0.23,21309.498円,465回
3349,2019-08-15,20990,21410,11:22,20900,09:00,21200,82800株,1754百万円,-90,-0.42,21187.053円,564回
3349,2019-08-16,21140,21210,09:01,20660,14:37,20750,82700株,1725百万円,-450,-2.12,20860.544円,500回
3349,2019-08-19,20650,20850,09:05,20390,10:49,20620,83600株,1721百万円,-130,-0.63,20581.1円,539回
3349,2019-08-20,20720,20940,09:13,20590,14:35,20700,44800株,929百万円,+80,+0.39,20726.696円,312回
3349,2019-08-21,20560,20660,14:45,20320,10:17,20620,42300株,867百万円,-80,-0.39,20501.749円,277回
3349,2019-08-22,20610,20950,15:00,20560,09:38,20950,52200株,1088百万円,+330,+1.60,20837.203円,310回
3349,2019-08-23,20950,21150,09:42,20860,10:40,21070,63500株,1336百万円,+120,+0.57,21041.968円,400回
3349,2019-08-26,20800,21210,12:58,20750,09:00,21160,71600株,1512百万円,+90,+0.43,21112.207円,404回
3349,2019-08-26,21410,21630,09:28,21290,14:53,21320,48900株,1049百万円,+160,+0.76,21453.681円,316回
3349,2019-08-28,21420,21620,10:35,21350,09:00,21410,56500株,1213百万円,+90,+0.42,21461.08円,316回
3349,2019-08-29,21460,21860,14:34,21440,09:00,21800,110500株,2397百万円,+390,+1.82,21689.457円,674回
3349,2019-08-30,21620,21890,09:15,21470,13:27,21680,132300株,2864百万円,-120,-0.55,21647.619円,748回
3349,2019-09-02,21780,21830,09:03,21450,12:32,21540,38500株,832百万円,-140,-0.65,21614.727円,228回
3349,2019-09-03,21250,21700,14:28,21250,09:00,21630,58800株,1268百万円,+90,+0.42,21559.422円,344回
3349,2019-09-03,21470,21760,10:46,21450,09:00,21580,36900株,797百万円,-50,-0.23,21594.065円,208回
3349,2019-09-05,21640,21920,14:12,21490,09:03,21790,43400株,946百万円,+210,+0.97,21800.254円,266回
3349,2019-09-05,21800,21920,09:31,21400,14:59,21420,84900株,1837百万円,-370,-1.70,21639.788円,568回
3349,2019-09-07,21590,21900,15:00,21490,09:01,21900,65300株,1421百万円,+480,+2.24,21768.392円,376回
3349,2019-09-10,21970,22010,09:36,21480,14:52,21510,77900株,1690百万円,-390,-1.78,21688.229円,529回
3349,2019-09-11,21590,21780,14:29,21430,10:00,21690,80800株,1749百万円,+180,+0.84,21646.572円,548回
3349,2019-09-12,21760,21970,10:31,21690,09:29,21700,72800株,1588百万円,+10,+0.05,21808.393円,454回
3349,2019-09-13,21780,21780,09:00,21420,13:28,21530,85400株,1842百万円,-170,-0.78,21574.859円,416回
3349,2019-09-17,21530,21650,14:45,21420,10:12,21650,117800株,2540百万円,+120,+0.56,21561.019円,720回
3349,2019-09-17,21780,21860,09:06,21440,13:25,21490,77000株,1658百万円,-160,-0.74,21537.013円,480回,4298.09億円
3349,2019-09-19,21690,21950,09:29,21510,12:50,21600,116900株,2535百万円,+110,+0.51,21682.37円,712回,4320.09億円
3349,2019-09-20,21660,21710,14:59,21450,09:16,21710,66600株,1439百万円,+110,+0.51,21599.625円,385回,4342.09億円
3349,2019-09-24,21750,22920,10:08,21710,09:00,22770,154100株,3483百万円,+1060,+4.88,22599.345円,988回,4554.09億円
3349,2019-09-25,22850,22900,09:00,22170,14:29,22320,72900株,1637百万円,-450,-1.98,22455.94円,457回,4464.09億円
3349,2019-09-26,22530,22530,09:00,22210,14:15,22280,63900株,1425百万円,-40,-0.18,22297.668円,366回,4456.09億円
3349,2019-09-27,22090,22090,09:00,21320,13:54,21560,134100株,2892百万円,-720,-3.23,21566.309円,790回,4312.09億円
3349,2019-09-30,21270,21330,09:02,21040,12:42,21150,56900株,1204百万円,-410,-1.90,21151.67円,350回,4230.08億円
3349,2019-10-01,21310,21370,10:32,21070,09:46,21210,63700株,1351百万円,+60,+0.28,21208.666円,359回,4242.08億円
3349,2019-10-02,21260,21490,11:05,21200,09:26,21270,54400株,1161百万円,+60,+0.28,21338.603円,342回,4254.09億円
3349,2019-10-03,21020,21590,09:31,21010,09:00,21480,73100株,1566百万円,+210,+0.99,21420.096円,476回,4296.09億円
3349,2019-10-04,21340,21450,09:05,20960,11:23,21320,53200株,1130百万円,-160,-0.74,21236.88円,347回,4264.09億円
3349,2019-10-07,21500,21700,13:14,21420,09:03,21690,72800株,1573百万円,+370,+1.74,21601.593円,418回,4338.09億円
3349,2019-10-08,21760,22060,14:54,21730,09:17,22030,78100株,1712百万円,+340,+1.57,21922.074円,504回,4406.09億円
3349,2019-10-09,22090,22490,09:45,22020,09:01,22400,123700株,2768百万円,+370,+1.68,22374.228円,756回,4480.09億円
3349,2019-10-10,22300,22300,09:00,21950,09:35,22170,59300株,1314百万円,-230,-1.03,22157.336円,353回,4434.09億円
3349,2019-10-11,22200,22660,12:57,22020,09:10,22470,116200株,2606百万円,+300,+1.35,22422.616円,809回,4494.09億円
3349,2019-10-15,21970,22580,13:03,21430,09:07,22440,209000株,4634百万円,-30,-0.13,22173.153円,1230回,4488.09億円
3349,2019-10-16,22440,22710,10:30,22170,14:46,22200,160600株,3604百万円,-240,-1.07,22441.289円,904回,4440.09億円
3349,2019-10-17,22020,22120,13:48,21680,09:33,21800,104600株,2295百万円,-400,-1.80,21936.176円,635回,4360.09億円
3349,2019-10-18,21820,21980,13:06,21730,09:16,21820,68100株,1489百万円,+20,+0.09,21861.263円,406回,4364.09億円
3349,2019-10-21,22000,22490,14:59,21970,09:00,22490,85300株,1902百万円,+670,+3.07,22300.41円,479回,4498.09億円
3349,2019-10-23,22410,22540,09:00,22270,09:19,22450,49300株,1107百万円,-40,-0.18,22445.72円,345回,4490.09億円
3349,2019-10-24,22590,22590,09:00,22320,14:53,22320,31600株,708百万円,-130,-0.58,22413.07円,202回,4464.09億円
3349,2019-10-25,22320,22320,09:00,22100,10:20,22140,62800株,1393百万円,-180,-0.81,22188.949円,397回,4428.09億円
3349,2019-10-28,22170,22400,14:28,21970,09:29,22360,39200株,872百万円,+220,+0.99,22242.27円,246回,4472.09億円
3349,2019-10-29,22450,22450,09:00,22130,12:30,22150,33600株,747百万円,-210,-0.94,22231.964円,217回,4430.09億円
3349,2019-10-30,22150,22300,10:08,22000,13:18,22090,61400株,1357百万円,-60,-0.27,22106.612円,351回,4418.09億円
3349,2019-10-31,22300,22560,10:04,22170,09:18,22330,63100株,1412百万円,+240,+1.09,22382.361円,327回,4466.09億円
3349,2019-11-01,22330,22460,10:42,22220,09:41,22380,60300株,1347百万円,+50,+0.22,22344.444円,311回,4476.09億円
3349,2019-11-05,22480,22800,14:58,22230,09:11,22800,95700株,2158百万円,+420,+1.88,22553.417円,515回,4560.09億円
3349,2019-11-07,22770,22860,09:38,22550,14:54,22570,65300株,1482百万円,-200,-0.88,22688.622円,286回,4514.09億円
3349,2019-11-08,22450,22550,10:08,22370,09:04,22500,107600株,2416百万円,-70,-0.31,22454.796円,462回,4500.09億円
3349,2019-11-11,22420,22560,13:55,22340,09:03,22480,66000株,1482百万円,-20,-0.09,22451.773円,328回,4496.09億円
3349,2019-11-12,22580,22750,09:26,22450,09:03,22550,69100株,1560百万円,+70,+0.31,22578.567円,409回,4510.09億円
3349,2019-11-13,22650,22700,09:57,22470,12:33,22580,64400株,1456百万円,+30,+0.13,22606.832円,344回,4516.09億円
3349,2019-11-14,22700,22720,09:00,22450,13:04,22580,52700株,1191百万円,0,0,22604.972円,272回,4516.09億円
3349,2019-11-15,22600,22790,09:22,22560,09:04,22670,47600株,1079百万円,+90,+0.40,22671.576円,286回,4534.09億円
3349,2019-11-18,22600,22660,09:02,22430,09:29,22550,47600株,1073百万円,-120,-0.53,22538.193円,272回,4510.09億円
3349,2019-11-19,22470,22540,09:00,22410,10:15,22540,67200株,1510百万円,-10,-0.04,22470.625円,387回,4508.09億円
3349,2019-11-20,22560,22990,15:00,22470,09:04,22990,99200株,2261百万円,+450,+2.00,22787.349円,554回,4598.09億円
3349,2019-11-21,22990,23070,09:18,22790,11:01,22960,75700株,1738百万円,-30,-0.13,22953.118円,352回,4592.09億円
3349,2019-11-22,22910,23310,12:34,22900,09:10,23270,84800株,1961百万円,+310,+1.35,23125.118円,384回,4654.09億円
3349,2019-11-25,23320,23340,09:00,22770,14:15,22790,219300株,5074百万円,-480,-2.06,23138.285円,586回,4558.09億円
3349,2019-11-26,22980,22980,09:00,22710,14:51,22710,162700株,3728百万円,-80,-0.35,22910.983円,379回,4542.09億円
3349,2019-11-27,22570,22670,09:07,22230,10:58,22300,356600株,8016百万円,-410,-1.81,22478.096円,728回,4460.09億円
3349,2019-11-28,22230,22520,14:26,22110,09:05,22490,137000株,3057百万円,+190,+0.85,22312.109円,433回,4498.09億円
3349,2019-11-29,22550,22760,10:06,22080,14:42,22080,109800株,2455百万円,-410,-1.82,22356.266円,614回,4416.09億円
3349,2019-12-02,22240,22460,09:18,22180,10:23,22250,54700株,1219百万円,+170,+0.77,22279.872円,292回,4450.09億円
3349,2019-12-03,22270,22670,14:38,22170,09:06,22650,67300株,1514百万円,+400,+1.80,22498.425円,384回,4530.09億円
3349,2019-12-05,22300,22300,09:00,21980,10:44,22050,48000株,1060百万円,-50,-0.23,22080.896円,278回,4410.09億円
3349,2019-12-06,22000,22000,09:00,21530,10:28,21740,67500株,1463百万円,-310,-1.41,21681.037円,409回,4348.09億円
3349,2019-12-09,21810,22270,12:40,21700,09:00,22020,115600株,2547百万円,+280,+1.29,22033.538円,711回,4404.09億円
3349,2019-12-10,22280,22990,12:55,22260,09:00,22900,168300株,3822百万円,+880,+4.00,22711.319円,925回,4580.09億円
3349,2019-12-13,23010,23190,09:00,22380,13:51,22480,107800株,2445百万円,-500,-2.18,22677.486円,644回,4496.09億円
3349,2019-12-16,22480,22970,14:43,22470,09:00,22920,87000株,1987百万円,+440,+1.96,22843.759円,569回,4584.09億円
3349,2019-12-17,22830,22910,10:12,22550,09:06,22800,89900株,2046百万円,-120,-0.52,22763.393円,447回,4560.09億円
3349,2019-12-18,22940,23050,10:19,22660,12:30,22850,85200株,1946百万円,+50,+0.22,22839.155円,444回,4570.09億円
3349,2019-12-19,22700,22780,09:09,22470,12:30,22550,62500株,1412百万円,-300,-1.31,22598.912円,406回,4510.09億円
3349,2019-12-20,22750,22930,09:02,22420,14:43,22500,94600株,2140百万円,-50,-0.22,22624.63円,534回,4500.09億円
3349,2019-12-23,22740,22760,10:03,22560,09:00,22620,43300株,982百万円,+120,+0.53,22672.31円,290回,4524.09億円
3349,2019-12-24,22790,22950,09:02,22630,10:13,22850,52600株,1201百万円,+230,+1.02,22823.707円,349回,4570.09億円
3349,2019-12-25,22800,22920,09:35,22740,09:09,22770,30600株,698百万円,-80,-0.35,22820.327円,178回,4554.09億円
3349,2019-12-26,22780,22860,09:00,22640,10:27,22750,31600株,718百万円,-20,-0.09,22723.354円,198回,4550.09億円
3349,2019-12-27,22860,22860,09:00,22580,10:27,22630,30800株,698百万円,-120,-0.53,22668.117円,193回,4526.09億円
3349,2019-12-30,22910,22910,09:00,22540,14:20,22560,30900株,701百万円,-70,-0.31,22675.146円,186回,4512.09億円
3349,2020-01-06,22250,22350,09:04,22060,12:58,22170,55700株,1236百万円,-390,-1.73,22194.273円,309回,4434.09億円
3349,2020-01-07,22070,22480,14:29,22070,09:00,22460,57400株,1284百万円,+290,+1.31,22373.066円,343回,4492.09億円
3349,2020-01-08,22280,22580,15:00,22080,09:39,22580,62500株,1402百万円,+120,+0.53,22427.248円,401回,4516.09億円
3349,2020-01-09,22900,23230,14:45,22880,09:00,23210,119200株,2748百万円,+630,+2.79,23052.391円,633回,4642.09億円
3349,2020-01-10,23300,23800,15:00,23300,09:00,23800,98300株,2320百万円,+590,+2.54,23601.221円,510回,4760.10億円
3349,2020-01-14,24680,24680,09:03,24020,09:21,24610,142400株,3490百万円,+810,+3.40,24505.049円,827回,4922.10億円
3349,2020-01-15,24510,24770,09:54,24390,13:28,24670,123500株,3034百万円,+60,+0.24,24563.158円,753回,4934.10億円
3349,2020-01-16,24650,25230,14:46,24550,09:01,25190,125800株,3143百万円,+520,+2.11,24987.782円,738回,5038.10億円
3349,2020-01-17,24940,25070,09:01,24530,10:21,24890,99700株,2469百万円,-300,-1.19,24764.654円,616回,4978.10億円
3349,2020-01-20,24790,24790,09:00,24570,10:15,24700,46800株,1155百万円,-190,-0.76,24674.402円,286回,4940.10億円
3349,2020-01-21,24610,24670,09:04,24440,09:55,24500,43500株,1067百万円,-200,-0.81,24523.609円,291回,4900.10億円
3349,2020-01-22,24700,24890,09:02,24450,09:56,24800,79300株,1956百万円,+300,+1.22,24662.812円,547回,4960.10億円
3349,2020-01-23,24710,24830,09:06,24530,13:03,24600,58700株,1446百万円,-200,-0.81,24628.296円,383回,4920.10億円
3349,2020-01-24,24780,24780,09:00,24130,12:33,24300,41500株,1011百万円,-300,-1.22,24350.602円,262回,4860.10億円
3349,2020-01-27,24200,24350,09:01,23830,09:56,23890,57200株,1371百万円,-410,-1.69,23965.315円,376回,4778.10億円
