3356,2019-08-06,837,839,09:00,783,13:18,793,504900株,408百万円,-49,-5.82,807.123円,1248回
3356,2019-08-06,751,810,12:43,740,09:20,805,371200株,286百万円,+12,+1.51,770.87円,1003回
3356,2019-08-07,801,801,09:00,777,09:41,784,166500株,131百万円,-21,-2.61,786.784円,531回
3356,2019-08-08,777,796,09:07,772,14:59,772,102000株,80百万円,-12,-1.53,782.038円,289回
3356,2019-08-09,774,791,09:18,774,09:00,777,115000株,90百万円,+5,+0.65,782.377円,382回
3356,2019-08-13,776,835,14:58,776,09:00,833,278400株,226百万円,+56,+7.21,812.554円,924回
3356,2019-08-14,830,847,09:01,793,11:00,798,304100株,247百万円,-35,-4.20,811.326円,920回
3356,2019-08-15,770,786,09:11,760,09:03,779,120700株,94百万円,-19,-2.38,775.733円,382回
3356,2019-08-16,778,795,09:43,775,09:04,781,69400株,55百万円,+2,+0.26,786.404円,210回
3356,2019-08-19,781,789,09:03,761,12:52,761,135300株,104百万円,-20,-2.56,768.096円,362回
3356,2019-08-20,758,767,09:24,755,14:44,756,92100株,70百万円,-5,-0.66,760.788円,232回
3356,2019-08-21,753,756,09:05,731,12:40,743,195300株,145百万円,-13,-1.72,740.851円,585回
3356,2019-08-22,749,749,09:00,734,09:35,747,89500株,66百万円,+4,+0.54,739.531円,383回
3356,2019-08-23,738,746,09:31,737,09:00,738,79000株,58百万円,-9,-1.20,740.149円,206回
3356,2019-08-26,723,865,10:52,713,09:00,781,1258600株,1025百万円,+43,+5.83,814.032円,4105回
3356,2019-08-26,785,817,09:05,752,14:56,754,211400株,165百万円,-27,-3.46,779.941円,671回
3356,2019-08-28,754,760,09:03,720,10:38,728,168300株,124百万円,-26,-3.45,734.311円,423回
3356,2019-08-29,738,739,09:33,705,12:57,716,194900株,140百万円,-12,-1.65,720.548円,538回
3356,2019-08-30,716,739,10:15,708,09:06,717,140800株,102百万円,+1,+0.14,721.699円,371回
3356,2019-09-02,715,759,12:40,710,09:19,734,168500株,124百万円,+17,+2.37,734.21円,544回
3356,2019-09-03,729,744,14:53,725,09:09,742,67900株,50百万円,+8,+1.09,735.016円,191回
3356,2019-09-03,750,763,12:59,741,09:50,757,134300株,101百万円,+15,+2.02,753.472円,340回
3356,2019-09-05,772,792,09:12,771,10:06,773,226600株,176百万円,+16,+2.11,776.69円,449回
3356,2019-09-05,773,782,09:02,755,14:59,756,150100株,115百万円,-17,-2.20,765.233円,378回
3356,2019-09-07,756,756,09:00,737,10:00,738,116600株,87百万円,-18,-2.38,744.296円,262回
3356,2019-09-10,725,744,09:38,725,09:00,731,154600株,113百万円,-7,-0.95,731.087円,317回
3356,2019-09-11,731,746,13:55,720,10:05,745,130200株,95百万円,+14,+1.92,729.201円,372回
3356,2019-09-12,743,753,09:08,735,14:58,735,79900株,60百万円,-10,-1.34,745.755円,219回
3356,2019-09-13,730,731,09:00,721,12:34,725,108600株,79百万円,-10,-1.36,725.446円,276回
3356,2019-09-17,721,743,14:41,721,09:00,734,107000株,79百万円,+9,+1.24,733.969円,281回
3356,2019-09-17,730,735,09:05,716,13:29,721,129200株,93百万円,-13,-1.77,723.41円,237回,119.54億円
3356,2019-09-19,718,728,09:34,717,12:52,723,109900株,79百万円,+2,+0.28,722.732円,263回,119.87億円
3356,2019-09-20,721,723,09:07,715,14:49,716,117200株,84百万円,-7,-0.97,718.529円,250回,118.71億円
3356,2019-09-24,713,734,14:58,712,09:01,730,124300株,90百万円,+14,+1.96,722.208円,302回,121.03億円
3356,2019-09-25,725,725,09:00,715,10:14,715,126700株,91百万円,-15,-2.05,717.227円,239回,118.55億円
3356,2019-09-26,714,722,09:55,714,09:00,714,128800株,92百万円,-1,-0.14,717.173円,284回,118.38億円
3356,2019-09-27,711,718,09:18,708,10:35,710,110100株,78百万円,-4,-0.56,711.321円,223回,117.72億円
3356,2019-09-30,711,715,09:06,682,14:52,684,219300株,153百万円,-26,-3.66,697.461円,509回,113.41億円
3356,2019-10-01,694,694,09:00,674,12:55,683,164400株,112百万円,-1,-0.15,678.926円,446回,113.24億円
3356,2019-10-02,673,683,15:00,673,09:01,683,103200株,70百万円,0,0,677.281円,252回,113.24億円
3356,2019-10-03,677,677,09:00,668,10:12,671,106100株,71百万円,-12,-1.76,672.217円,222回,111.25億円
3356,2019-10-04,665,670,13:10,664,09:19,667,84300株,56百万円,-4,-0.60,666.513円,218回,110.59億円
3356,2019-10-07,667,710,12:44,662,09:08,690,244000株,168百万円,+23,+3.45,687.061円,708回,114.40億円
3356,2019-10-08,689,724,12:48,687,09:01,720,226900株,161百万円,+30,+4.35,710.74円,580回,119.38億円
3356,2019-10-09,720,720,09:00,701,14:52,702,131900株,94百万円,-18,-2.50,709.953円,293回,116.39億円
3356,2019-10-10,700,715,09:06,696,09:01,701,102800株,72百万円,-1,-0.14,703.338円,297回,116.23億円
3356,2019-10-11,694,696,09:00,678,14:59,678,129600株,89百万円,-23,-3.28,687.784円,287回,112.41億円
3356,2019-10-15,680,700,13:49,676,09:05,688,116900株,80百万円,+10,+1.47,686.59円,280回,114.07億円
3356,2019-10-16,690,695,09:02,679,14:40,679,90100株,62百万円,-9,-1.31,687.455円,210回,112.58億円
3356,2019-10-17,683,683,09:00,670,14:49,672,101800株,69百万円,-7,-1.03,677.34円,193回,111.42億円
3356,2019-10-18,667,682,10:19,665,09:00,675,96900株,65百万円,+3,+0.45,673.854円,245回,111.92億円
3356,2019-10-21,673,709,09:38,673,09:00,700,197400株,138百万円,+25,+3.70,700.261円,625回,116.06億円
3356,2019-10-23,701,707,10:02,685,09:08,697,142300株,100百万円,-3,-0.43,699.65円,388回,115.56億円
3356,2019-10-24,698,735,10:26,698,09:00,727,262600株,190百万円,+30,+4.30,722.158円,875回,120.54億円
3356,2019-10-25,726,784,13:21,726,09:00,776,507400株,386百万円,+49,+6.74,760.317円,1403回,128.66億円
3356,2019-10-28,784,805,09:03,781,09:12,791,306600株,243百万円,+15,+1.93,790.963円,722回,131.15億円
3356,2019-10-29,793,793,09:00,766,09:27,773,174200株,136百万円,-18,-2.28,778.632円,565回,128.16億円
3356,2019-10-30,777,788,09:08,764,14:58,765,98000株,76百万円,-8,-1.03,774.612円,287回,126.84億円
3356,2019-10-31,770,770,09:00,735,10:22,742,122100株,91百万円,-23,-3.01,747.96円,365回,123.02億円
3356,2019-11-01,745,745,09:00,712,14:47,725,171900株,124百万円,-17,-2.29,722.236円,437回,120.20億円
3356,2019-11-05,733,748,09:22,733,09:00,735,80600株,59百万円,+10,+1.38,738.162円,203回,121.86億円
3356,2019-11-07,742,743,10:03,733,12:38,737,65100株,48百万円,-11,-1.47,737.535円,171回,122.19億円
3356,2019-11-08,738,757,09:48,737,09:00,756,117700株,88百万円,+19,+2.58,747.774円,323回,125.34億円
3356,2019-11-11,741,745,14:59,722,09:15,743,155400株,114百万円,-13,-1.72,736.117円,451回,123.19億円
3356,2019-11-12,744,770,09:10,744,09:00,768,123900株,94百万円,+25,+3.36,760.964円,366回,127.33億円
3356,2019-11-13,774,774,09:00,746,12:30,747,94600株,72百万円,-21,-2.73,756.137円,241回,123.85億円
3356,2019-11-14,745,763,11:01,742,09:54,746,87900株,66百万円,-1,-0.13,749.571円,256回,123.69億円
3356,2019-11-15,742,772,15:00,725,10:04,772,190700株,143百万円,+26,+3.49,748.281円,385回,128.00億円
3356,2019-11-18,772,790,09:04,765,09:37,783,150300株,117百万円,+11,+1.42,778.769円,360回,129.82億円
3356,2019-11-19,790,794,09:00,773,13:01,783,125600株,98百万円,0,0,781.864円,248回,129.82億円
3356,2019-11-20,772,790,14:42,771,10:35,790,107300株,84百万円,+7,+0.89,780.637円,218回,130.98億円
3356,2019-11-21,795,795,09:00,762,10:48,790,194800株,152百万円,0,0,780.556円,500回,130.98億円
3356,2019-11-22,780,791,11:14,779,09:00,791,68200株,54百万円,+1,+0.13,785.896円,190回,131.15億円
3356,2019-11-25,795,819,13:20,791,09:33,818,236900株,191百万円,+27,+3.41,807.585円,584回,135.62億円
3356,2019-11-26,831,835,09:03,816,13:35,834,303900株,251百万円,+16,+1.96,825.537円,558回,138.28億円
3356,2019-11-27,839,839,09:00,826,09:06,832,116100株,96百万円,-2,-0.24,831.141円,316回,137.95億円
3356,2019-11-28,838,856,13:26,820,09:31,841,254400株,213百万円,+9,+1.08,838.209円,570回,139.44億円
3356,2019-11-29,850,859,09:10,844,09:00,849,135700株,115百万円,+8,+0.95,849.207円,340回,140.76億円
3356,2019-12-02,850,859,14:36,841,09:43,856,168800株,143百万円,+7,+0.82,850.079円,396回,141.92億円
3356,2019-12-03,845,861,14:47,831,09:11,857,174700株,149百万円,+1,+0.12,850.04円,421回,142.09億円
3356,2019-12-05,879,883,09:02,861,10:45,872,230800株,202百万円,+1,+0.11,874.04円,556回,144.58億円
3356,2019-12-06,875,875,09:00,862,09:14,870,94200株,82百万円,-2,-0.23,869.597円,276回,144.25億円
3356,2019-12-09,869,879,14:57,859,10:03,878,157800株,137百万円,+8,+0.92,869.09円,393回,145.57億円
3356,2019-12-10,878,890,14:40,871,09:24,886,159200株,140百万円,+8,+0.91,881.784円,324回,146.90億円
3356,2019-12-13,896,896,09:00,876,10:37,887,179300株,159百万円,-9,-1.00,885.495円,539回,147.06億円
3356,2019-12-16,881,882,09:07,837,10:24,860,283400株,243百万円,-27,-3.04,858.65円,799回,142.59億円
3356,2019-12-17,863,874,09:27,854,10:53,862,101800株,88百万円,+2,+0.23,862.608円,263回,142.92億円
3356,2019-12-18,866,878,09:31,851,12:59,861,103800株,90百万円,-1,-0.12,865.936円,313回,142.75億円
3356,2019-12-19,854,866,09:17,846,14:06,852,112000株,95百万円,-9,-1.05,852.039円,229回,141.26億円
3356,2019-12-20,857,877,14:03,847,09:03,874,150800株,130百万円,+22,+2.58,863.338円,399回,144.91億円
3356,2019-12-23,877,885,12:45,862,10:03,878,123900株,108百万円,+4,+0.46,875.437円,319回,145.57億円
3356,2019-12-24,879,885,09:06,869,09:43,877,105600株,93百万円,-1,-0.11,876.349円,287回,145.41億円
3356,2019-12-25,878,909,11:30,876,09:04,880,327500株,293百万円,+3,+0.34,893.179円,626回,145.90億円
3356,2019-12-26,880,906,15:00,880,09:00,906,368700株,331百万円,+26,+2.95,896.732円,600回,150.21億円
3356,2019-12-27,913,925,12:33,905,09:09,915,373500株,342百万円,+9,+0.99,916.112円,653回,151.71億円
3356,2019-12-30,914,915,09:01,893,09:09,900,160000株,144百万円,-15,-1.64,900.81円,361回,149.22億円
3356,2020-01-06,881,892,09:50,857,10:51,873,276000株,242百万円,-27,-3.00,875.309円,632回,144.74億円
3356,2020-01-07,875,886,13:52,866,09:59,881,119600株,105百万円,+8,+0.92,877.154円,320回,146.07億円
3356,2020-01-08,879,879,09:00,825,09:45,840,291800株,248百万円,-41,-4.65,848.588円,752回,139.27億円
3356,2020-01-09,861,870,09:12,852,14:34,855,108700株,94百万円,+15,+1.79,861.997円,269回,141.76億円
3356,2020-01-10,865,869,09:14,845,13:58,846,119100株,102百万円,-9,-1.05,856.449円,315回,140.27億円
3356,2020-01-14,846,849,09:00,826,13:43,828,144100株,120百万円,-18,-2.13,835.47円,396回,137.28億円
3356,2020-01-15,825,840,12:42,823,09:04,831,84900株,71百万円,+3,+0.36,832.628円,222回,137.78億円
3356,2020-01-16,832,846,09:31,832,09:00,832,71700株,60百万円,+1,+0.12,837.872円,211回,137.95億円
3356,2020-01-17,829,830,09:09,814,14:42,816,147700株,121百万円,-16,-1.92,820.992円,341回,135.29億円
3356,2020-01-20,807,818,09:04,807,09:00,817,170400株,138百万円,+1,+0.12,810.006円,294回,135.46億円
3356,2020-01-21,820,844,12:36,820,09:00,841,183300株,153百万円,+24,+2.94,834.297円,482回,139.44億円
3356,2020-01-22,860,860,09:03,835,14:10,836,139800株,118百万円,-5,-0.59,846.53円,305回,138.61億円
3356,2020-01-23,831,831,09:00,810,09:19,812,133900株,109百万円,-24,-2.87,817.507円,484回,134.63億円
3356,2020-01-24,817,817,09:00,804,10:09,813,107500株,87百万円,+1,+0.12,810.093円,346回,134.80億円
3356,2020-01-27,803,806,09:23,795,09:03,797,127200株,102百万円,-16,-1.97,799.388円,382回,132.14億円
3356,2020-01-28,783,819,14:52,775,09:15,810,120200株,95百万円,+13,+1.63,792.641円,329回,134.30億円
3356,2020-01-29,825,829,09:00,808,10:03,821,94000株,77百万円,+11,+1.36,820.294円,278回,136億円
3356,2020-01-30,825,833,09:02,784,12:34,785,129000株,103百万円,-36,-4.38,801.624円,351回,130億円
3356,2020-01-31,798,845,10:11,798,09:00,832,207600株,172百万円,+47,+5.99,826.449円,570回,138億円
3356,2020-02-03,805,844,13:51,805,09:03,837,101200株,84百万円,+5,+0.60,829.223円,292回,139億円
3356,2020-02-04,848,883,10:58,840,09:06,869,221500株,192百万円,+32,+3.82,867.336円,549回,144億円
3356,2020-02-05,869,885,09:12,852,14:46,859,151700株,131百万円,-10,-1.15,866.277円,440回,142億円
3356,2020-02-06,860,879,11:23,851,09:03,872,149200株,129百万円,+13,+1.51,867.759円,410回,145億円
3356,2020-02-07,875,889,14:30,864,10:09,888,182800株,160百万円,+16,+1.83,877.715円,400回,147億円
3356,2020-02-10,893,918,14:04,882,09:17,909,301300株,272百万円,+21,+2.36,902.752円,601回,151億円
3356,2020-02-10,910,937,14:01,904,10:51,927,296200株,273百万円,+18,+1.98,920.875円,608回,154億円
3356,2020-02-13,929,944,09:14,925,09:00,937,348000株,326百万円,+10,+1.08,936.92円,603回,155億円
3356,2020-02-14,920,954,09:15,896,14:58,905,369400株,341百万円,-32,-3.42,922.063円,943回,150億円
3356,2020-02-17,898,963,09:46,883,09:00,949,418300株,393百万円,+44,+4.86,939.036円,1191回,157億円
3356,2020-02-17,959,980,14:56,950,14:27,980,406200株,393百万円,+31,+3.27,967.914円,1061回,162億円
3356,2020-02-18,980,1034,14:59,980,09:00,1029,746800株,755百万円,+49,+5.00,1010.788円,1465回,171億円
3356,2020-02-20,1042,1045,09:00,1006,14:25,1027,330100株,338百万円,-2,-0.19,1022.831円,877回,170億円
3356,2020-02-21,1034,1055,09:15,1020,14:59,1020,331900株,344百万円,-7,-0.68,1036.588円,787回,169億円
3356,2020-02-25,945,1032,10:32,920,09:10,1021,453000株,452百万円,+1,+0.10,997.152円,1103回,169億円
3356,2020-02-26,1025,1040,09:09,986,11:07,1003,333400株,337百万円,-18,-1.76,1010.701円,843回,166億円
3356,2020-02-27,1001,1017,09:37,935,12:58,962,473100株,458百万円,-41,-4.09,968.784円,1228回,160億円
3356,2020-02-28,925,952,09:09,860,14:10,882,710400株,637百万円,-80,-8.32,896.733円,1731回,146億円
3356,2020-03-02,867,942,12:43,862,09:02,907,611300株,553百万円,+25,+2.83,904.894円,1531回,150億円
3356,2020-03-03,948,956,09:06,861,15:00,861,639000株,578百万円,-46,-5.07,903.771円,1394回,143億円
3356,2020-03-04,846,892,12:34,841,09:02,881,396700株,346百万円,+20,+2.32,872.152円,762回,146億円
3356,2020-03-05,900,921,09:17,895,09:04,914,262200株,239百万円,+33,+3.75,910.278円,620回,152億円
3356,2020-03-06,899,912,09:12,870,10:21,900,360300株,321百万円,-14,-1.53,891.756円,1102回,149億円
3356,2020-03-06,840,890,09:21,750,10:55,750,970600株,770百万円,-150,-16.67,793.424円,2500回,124億円
3356,2020-03-10,611,685,14:42,600,09:42,683,1780100株,1142百万円,-67,-8.93,641.505円,4173回,113億円
3356,2020-03-11,693,752,09:29,659,14:14,673,749700株,525百万円,-10,-1.46,700.772円,1839回,112億円
3356,2020-03-12,651,673,09:56,600,11:06,609,587800株,371百万円,-64,-9.51,630.49円,1469回,101億円
3356,2020-03-13,529,533,09:23,509,09:25,509,1025100株,525百万円,-100,-16.42,512.589円,614回,84.4億円
3356,2020-03-16,513,525,09:00,409,13:16,409,3691900株,1614百万円,-100,-19.65,437.275円,6165回,67.8億円
3356,2020-03-17,377,406,10:10,336,11:19,380,4887700株,1818百万円,-29,-7.09,371.952円,6943回,63.0億円
3356,2020-03-18,376,401,12:48,340,14:59,347,4018200株,1498百万円,-33,-8.68,372.691円,5649回,57.5億円
3356,2020-03-19,343,358,09:01,283,14:09,286,3058400株,958百万円,-61,-17.58,313.355円,3822回,47.4億円
3356,2020-03-23,285,322,12:53,278,09:19,315,2224800株,670百万円,+29,+10.14,301.097円,2716回,52.2億円
3356,2020-03-24,329,380,10:42,322,09:05,336,4985400株,1731百万円,+21,+6.67,347.272円,6940回,55.7億円
3356,2020-03-25,366,374,09:11,343,12:47,352,2551000株,915百万円,+16,+4.76,358.851円,2934回,58.4億円
3356,2020-03-26,338,341,09:05,306,14:56,311,1598400株,521百万円,-41,-11.65,325.935円,1875回,51.6億円
3356,2020-03-27,335,335,09:06,315,10:12,327,935400株,304百万円,+16,+5.14,325.234円,1297回,54.2億円
3356,2020-03-30,310,350,14:58,306,09:03,349,930600株,305百万円,+22,+6.73,328.161円,1222回,57.9億円
3356,2020-03-31,365,380,11:20,336,13:42,348,1728400株,623百万円,-1,-0.29,360.679円,2195回,57.7億円
3356,2020-04-01,348,360,10:55,332,09:07,338,917700株,318百万円,-10,-2.87,346.193円,1262回,56.0億円
3356,2020-04-02,331,361,12:49,331,09:00,346,874200株,307百万円,+8,+2.37,350.772円,1123回,57.4億円
3356,2020-04-03,353,354,09:00,313,14:40,328,927200株,308百万円,-18,-5.20,332.165円,1233回,54.4億円
3356,2020-04-06,325,345,14:46,302,09:14,341,883600株,289百万円,+13,+3.96,326.522円,1235回,56.5億円
