3382,2019-08-06,3623.0,3730.0,14:59,3622.0,09:00,3729.0,2768200株,10228百万円,+108.0,+2.98,3694.837円,5406回
3382,2019-08-06,3659,3710,14:53,3611,09:18,3705,2671800株,9812百万円,-24,-0.64,3672.251円,5161回
3382,2019-08-07,3700,3733,09:05,3690,10:03,3715,2142500株,7942百万円,+10,+0.27,3707.034円,3739回
3382,2019-08-08,3720,3740,14:56,3692,10:04,3738,1878100株,6993百万円,+23,+0.62,3723.539円,3995回
3382,2019-08-09,3781,3787,09:38,3726,12:30,3742,1884700株,7081百万円,+4,+0.11,3757.25円,3295回
3382,2019-08-13,3703,3717,13:08,3654,09:15,3709,1945200株,7194百万円,-33,-0.88,3698.263円,3434回
3382,2019-08-14,3719,3744,13:00,3679,09:59,3731,2276800株,8459百万円,+22,+0.59,3715.29円,4489回
3382,2019-08-15,3677,3682,09:01,3618,09:31,3665,2104900株,7695百万円,-66,-1.77,3655.664円,4984回
3382,2019-08-16,3684.0,3717.0,10:13,3672.0,09:23,3702.0,2610100株,9655百万円,+37.0,+1.01,3699.243円,4864回
3382,2019-08-19,3750,3790,09:16,3732,09:00,3790,1937500株,7315百万円,+88,+2.38,3775.26円,3191回
3382,2019-08-20,3810,3813,09:04,3754,10:36,3772,1607000株,6067百万円,-18,-0.47,3775.633円,2462回
3382,2019-08-21,3727,3742,09:00,3706,14:59,3712,1431600株,5330百万円,-60,-1.59,3722.82円,2930回
3382,2019-08-22,3680,3689,09:11,3657,13:51,3675,1868600株,6863百万円,-37,-1.00,3672.766円,3378回
3382,2019-08-23,3682.0,3723.0,09:05,3675.0,09:00,3701.0,1287500株,4765百万円,+26.0,+0.71,3701.352円,2748回
3382,2019-08-26,3611,3655,12:30,3609,09:03,3649,2092900株,7615百万円,-52,-1.41,3638.611円,3251回
3382,2019-08-26,3680.0,3705.0,09:04,3675.0,09:32,3695.0,1626000株,6006百万円,+46.0,+1.26,3693.799円,2648回
3382,2019-08-28,3725.0,3759.0,14:32,3705.0,09:30,3751.0,2558300株,9563百万円,+56.0,+1.52,3738.026円,2963回
3382,2019-08-29,3756,3777,10:56,3725,09:22,3762,2387200株,8970百万円,+11,+0.29,3757.417円,4648回
3382,2019-08-30,3789,3790,09:00,3717,12:44,3757,2355700株,8829百万円,-5,-0.13,3747.88円,2889回
3382,2019-09-02,3766,3801,09:08,3749,14:13,3761,1166800株,4396百万円,+4,+0.11,3767.809円,2093回
3382,2019-09-03,3750,3796,14:59,3743,09:02,3794,1280100株,4843百万円,+33,+0.88,3783.462円,2729回
3382,2019-09-03,3794,3859,14:56,3789,09:00,3857,2021000株,7744百万円,+63,+1.66,3831.957円,3448回
3382,2019-09-05,3884,3927,11:17,3859,09:08,3908,3192800株,12458百万円,+51,+1.32,3901.87円,5471回
3382,2019-09-05,3915,3922,09:00,3843,14:01,3855,2324000株,8984百万円,-53,-1.36,3865.64円,4349回
3382,2019-09-07,3885,3937,14:59,3883,09:00,3937,2188300株,8579百万円,+82,+2.13,3920.349円,3617回
3382,2019-09-10,3939,4000,13:09,3902,09:05,3986,2528300株,10037百万円,+49,+1.24,3969.873円,4697回
3382,2019-09-11,4020,4045,09:05,3996,09:58,4041,2721100株,10957百万円,+55,+1.38,4026.709円,4970回
3382,2019-09-12,4050,4121,10:15,4045,09:00,4076,3126600株,12770百万円,+35,+0.87,4084.377円,5058回
3382,2019-09-13,4146,4148,09:01,4071,09:10,4109,4683800株,19284百万円,+33,+0.81,4117.106円,5135回
3382,2019-09-17,4107,4164,10:46,4071,09:03,4145,2344500株,9698百万円,+36,+0.88,4136.529円,4026回
3382,2019-09-17,4144,4160,09:01,4095,14:00,4099,1881400株,7736百万円,-46,-1.11,4111.806円,3341回,36335.26億円
3382,2019-09-19,4128,4178,14:59,4128,09:00,4178,2204000株,9175百万円,+79,+1.93,4162.793円,3661回,37035.55億円
3382,2019-09-20,4195,4210,09:00,4120,14:59,4142,3319200株,13753百万円,-36,-0.86,4143.536円,3449回,36716.43億円
3382,2019-09-24,4130,4220,14:09,4130,09:00,4208,2288400株,9596百万円,+66,+1.59,4193.438円,4120回,37301.48億円
3382,2019-09-25,4229,4236,09:00,4177,14:51,4183,2004500株,8410百万円,-25,-0.59,4195.425円,4401回,37079.87億円
3382,2019-09-26,4195,4200,09:07,4144,14:51,4159,2109400株,8786百万円,-24,-0.57,4165.206円,3475回,36867.12億円
3382,2019-09-27,4166,4195,09:02,4090,13:45,4133,2606500株,10761百万円,-26,-0.63,4128.627円,4852回,36636.65億円
3382,2019-09-30,4129,4146,09:57,4105,09:22,4132,2062300株,8511百万円,-1,-0.02,4126.834円,3596回,36627.78億円
3382,2019-10-01,4152,4162,10:03,4129,12:32,4134,1431600株,5925百万円,+2,+0.05,4138.995円,3495回,36645.51億円
3382,2019-10-02,4126,4144,09:00,4095,10:12,4116,1530700株,6300百万円,-18,-0.44,4115.58円,3457回,36485.95億円
3382,2019-10-03,4017,4048,09:22,3993,11:07,4026,1570900株,6313百万円,-90,-2.19,4018.689円,3222回,35688.15億円
3382,2019-10-04,4007,4041,14:59,3993,09:31,4041,1692600株,6815百万円,+15,+0.37,4026.612円,3349回,35821.12億円
3382,2019-10-07,4062,4122,14:40,4062,09:00,4119,1791900株,7352百万円,+78,+1.93,4102.921円,4376回,36512.55億円
3382,2019-10-08,4139,4146,09:00,4061,13:32,4076,2308700株,9427百万円,-43,-1.04,4083.315円,5293回,36131.38億円
3382,2019-10-09,4071,4121,09:27,4069,09:00,4104,1899000株,7787百万円,+28,+0.69,4100.438円,3963回,36379.58億円
3382,2019-10-10,4104,4180,10:39,4084,09:23,4163,2457200株,10186百万円,+59,+1.44,4145.298円,5851回,36902.58億円
3382,2019-10-11,4373,4426,10:28,4292,09:16,4367,6550300株,28639百万円,+204,+4.90,4372.238円,13890回,38710.92億円
3382,2019-10-15,4322,4398,14:57,4293,09:01,4391,3713100株,16213百万円,+24,+0.55,4366.491円,7235回,38923.67億円
3382,2019-10-16,4412,4485,09:08,4386,12:57,4399,3016700株,13308百万円,+8,+0.18,4411.51円,5863回,38994.58億円
3382,2019-10-17,4379,4402,09:01,4325,14:46,4328,2276400株,9907百万円,-71,-1.61,4351.991円,5390回,38365.21億円
3382,2019-10-18,4303,4334,09:07,4253,12:30,4264,2896500株,12398百万円,-64,-1.48,4280.307円,6250回,37797.89億円
3382,2019-10-21,4280,4329,10:07,4275,09:00,4299,1662600株,7147百万円,+35,+0.82,4298.988円,3655回,38108.14億円
3382,2019-10-23,4291,4334,09:49,4287,09:19,4333,2362200株,10194百万円,+34,+0.79,4315.324円,5518回,38409.53億円
3382,2019-10-24,4328,4330,09:00,4234,14:44,4239,2310800株,9873百万円,-94,-2.17,4272.388円,5736回,37576.28億円
3382,2019-10-25,4228,4289,09:58,4224,09:00,4263,2058900株,8755百万円,+24,+0.57,4252.42円,4673回,37789.02億円
3382,2019-10-28,4245,4259,14:47,4211,09:03,4247,1239500株,5260百万円,-16,-0.38,4243.252円,2925回,37647.19億円
3382,2019-10-29,4250,4265,09:00,4218,09:23,4225,1787500株,7559百万円,-22,-0.52,4228.933円,3281回,37452.17億円
3382,2019-10-30,4215,4254,10:11,4179,14:48,4185,4808100株,20175百万円,-40,-0.95,4196.095円,5575回,37097.60億円
3382,2019-10-31,4162,4166,09:02,4095,14:00,4100,2924200株,12046百万円,-85,-2.03,4119.427円,5240回,36344.12億円
3382,2019-11-01,4049,4076,09:14,4030,10:19,4046,3003100株,12159百万円,-54,-1.32,4048.672円,5389回,35865.44億円
3382,2019-11-05,4053,4141,14:54,4034,10:47,4131,3694900株,15135百万円,+85,+2.10,4096.3円,6021回,36618.92億円
3382,2019-11-06,4200,4205,09:03,4157,10:15,4174,1932900株,8068百万円,+43,+1.04,4174.069円,4072回,37000.09億円
3382,2019-11-07,4168,4197,10:35,4139,09:04,4197,1804500株,7548百万円,+23,+0.55,4183.128円,3786回,37203.97億円
3382,2019-11-08,4250,4252,09:00,4173,11:21,4195,2417600株,10174百万円,-2,-0.05,4208.28円,4165回,37186.24億円
3382,2019-11-11,4239,4272,09:07,4229,14:16,4245,1663000株,7062百万円,+50,+1.19,4246.804円,3290回,37629.46億円
3382,2019-11-12,4240,4291,14:59,4240,09:00,4288,1871900株,8006百万円,+43,+1.01,4276.895円,3721回,38010.63億円
3382,2019-11-13,4300,4329,09:03,4272,09:31,4289,1376500株,5905百万円,+1,+0.02,4290.041円,3266回,38019.50億円
3382,2019-11-14,4290,4298,09:00,4236,09:26,4259,1986000株,8464百万円,-29,-0.68,4261.877円,3676回,37753.56億円
3382,2019-11-15,4261,4295,09:02,4250,09:25,4263,1622100株,6926百万円,+4,+0.09,4269.567円,3242回,37789.02億円
3382,2019-11-18,4218,4224,09:00,4150,10:47,4162,1736400株,7234百万円,-101,-2.37,4166.219円,3810回,36893.72億円
3382,2019-11-19,4148,4154,09:00,4086,10:27,4092,2635000株,10811百万円,-70,-1.68,4102.709円,5177回,36273.21億円
3382,2019-11-20,4063,4126,14:59,4053,09:09,4123,2134400株,8753百万円,+31,+0.76,4100.778円,3751回,36548.00億円
3382,2019-11-21,4073,4090,09:00,4017,11:11,4070,2765700株,11228百万円,-53,-1.29,4059.747円,4586回,36078.19億円
3382,2019-11-22,4078,4158,10:23,4075,09:01,4128,1605800株,6626百万円,+58,+1.43,4126.043円,3024回,36592.33億円
3382,2019-11-25,4129,4170,14:52,4129,09:00,4161,1209800株,5027百万円,+33,+0.80,4155.427円,2951回,36884.85億円
3382,2019-11-26,4183,4223,10:47,4160,14:59,4162,1782000株,7449百万円,+1,+0.02,4180.393円,2960回,36893.72億円
3382,2019-11-27,4172,4185,09:00,4115,10:40,4122,1571900株,6494百万円,-40,-0.96,4131.071円,3301回,36539.14億円
3382,2019-11-28,4141,4151,09:00,4099,14:44,4107,1076600株,4432百万円,-15,-0.36,4117.065円,1972回,36406.17億円
3382,2019-11-29,4086,4111,09:46,4071,14:13,4078,1168000株,4769百万円,-29,-0.71,4083.31円,1985回,36149.10億円
3382,2019-12-02,4070,4124,14:50,4049,09:00,4113,1185400株,4866百万円,+35,+0.86,4105.059円,2855回,36459.36億円
3382,2019-12-03,4088,4100,09:00,4051,09:05,4088,1602100株,6535百万円,-25,-0.61,4079.019円,3151回,36237.75億円
3382,2019-12-05,4075,4107,13:53,4069,09:32,4103,1132500株,4634百万円,+28,+0.69,4092.054円,2488回,36370.71億円
3382,2019-12-06,4086,4102,09:00,4062,09:18,4077,1479800株,6030百万円,-26,-0.63,4074.942円,2645回,36140.24億円
3382,2019-12-09,4111,4118,09:00,4067,10:41,4077,1345400株,5490百万円,0,0,4080.817円,2435回,36140.24億円
3382,2019-12-10,4084,4098,10:08,4063,14:41,4063,1488500株,6064百万円,-14,-0.34,4073.73円,2592回,36016.14億円
3382,2019-12-13,4092,4105,09:00,4068,13:29,4077,2462800株,10060百万円,+49,+1.22,4084.602円,2880回,36140.24億円
3382,2019-12-16,4077,4099,09:49,4068,15:00,4068,1400300株,5708百万円,-9,-0.22,4076.592円,2460回,36060.46億円
3382,2019-12-17,4084,4098,09:02,4059,10:00,4087,1671700株,6819百万円,+19,+0.47,4078.932円,2797回,36228.88億円
3382,2019-12-18,4062,4081,11:05,4036,09:38,4072,2229500株,9068百万円,-15,-0.37,4067.088円,3866回,36095.92億円
3382,2019-12-19,4080,4084,09:00,4041,12:32,4046,1491500株,6055百万円,-26,-0.64,4059.831円,2799回,35865.44億円
3382,2019-12-20,4075,4080,09:00,4031,14:38,4035,2305900株,9330百万円,-11,-0.27,4046.121円,2753回,35767.93億円
3382,2019-12-23,4045,4076,13:34,4039,09:00,4075,1047900株,4261百万円,+40,+0.99,4065.88円,1697回,36122.51億円
3382,2019-12-24,4043,4068,09:09,4030,15:00,4030,1131700株,4573百万円,-45,-1.10,4041.057円,2142回,35723.61億円
3382,2019-12-25,4034,4048,09:00,3987,13:30,3996,1210300株,4849百万円,-34,-0.84,4006.349円,2355回,35422.22億円
3382,2019-12-26,3983,4022,15:00,3976,09:00,4022,824300株,3308百万円,+26,+0.65,4012.969円,1796回,35652.70億円
3382,2019-12-27,4041,4052,09:11,4027,09:00,4035,810800株,3273百万円,+13,+0.32,4037.19円,1560回,35767.93億円
3382,2019-12-30,4035,4042,09:00,4003,15:00,4003,1238000株,4967百万円,-32,-0.79,4012.406円,2101回,35484.27億円
3382,2020-01-06,3950,3950,09:00,3871,14:50,3880,2352000株,9161百万円,-123,-3.07,3894.85円,4529回,34393.95億円
3382,2020-01-07,3900,3980,09:45,3892,09:00,3969,2108600株,8336百万円,+89,+2.29,3953.333円,3608回,35182.88億円
3382,2020-01-08,3963,3996,09:04,3903,10:10,3942,2286300株,9029百万円,-27,-0.68,3949.133円,4793回,34943.54億円
3382,2020-01-09,3970,4034,14:50,3961,09:00,4022,1929200株,7734百万円,+80,+2.03,4008.807円,4617回,35652.70億円
3382,2020-01-10,4155,4210,10:34,4115,09:05,4171,3924100株,16352百万円,+149,+3.70,4167.047円,7348回,36973.50億円
3382,2020-01-14,4171,4285,14:38,4146,09:00,4285,2614100株,11117百万円,+114,+2.73,4252.895円,5192回,37984.04億円
3382,2020-01-15,4284,4285,09:00,4235,13:20,4249,1939700株,8246百万円,-36,-0.84,4251.208円,3485回,37664.92億円
3382,2020-01-16,4240,4267,14:51,4228,09:02,4257,1592600株,6767百万円,+8,+0.19,4249.244円,3174回,37735.84億円
3382,2020-01-17,4271,4307,09:02,4269,09:00,4290,2069500株,8872百万円,+33,+0.78,4287.055円,3067回,38028.36億円
3382,2020-01-20,4284,4302,10:44,4270,09:00,4285,1295800株,5555百万円,-5,-0.12,4286.907円,1927回,37984.04億円
3382,2020-01-21,4283,4293,09:02,4225,14:23,4236,1276400株,5421百万円,-49,-1.14,4246.798円,2312回,37549.68億円
3382,2020-01-22,4255,4255,09:00,4202,10:12,4233,1306100株,5522百万円,-3,-0.07,4227.98円,2530回,37523.09億円
3382,2020-01-23,4199,4227,09:49,4176,09:23,4191,1855600株,7786百万円,-42,-0.99,4196.061円,3188回,37150.78億円
3382,2020-01-24,4216,4242,09:00,4177,09:07,4216,1318800株,5552百万円,+25,+0.60,4210.058円,2380回,37372.39億円
3382,2020-01-27,4146,4219,14:00,4131,09:02,4206,1320600株,5532百万円,-10,-0.24,4189.251円,2746回,37283.75億円
3382,2020-01-28,4196,4224,09:20,4176,09:54,4201,1635300株,6866百万円,-5,-0.12,4198.348円,2650回,37239.43億円
3382,2020-01-29,4158,4205,13:50,4146,09:00,4198,1587400株,6642百万円,-3,-0.07,4184.063円,2772回,37213億円
3382,2020-01-30,4150,4203,09:17,4146,09:00,4199,1580400株,6609百万円,+1,+0.02,4181.997円,2862回,37222億円
3382,2020-01-31,4220,4256,10:13,4199,09:04,4217,2135100株,9006百万円,+18,+0.43,4217.916円,3715回,37381億円
3382,2020-02-03,4195,4281,12:47,4187,09:00,4256,1969500株,8376百万円,+39,+0.92,4252.904円,3796回,37727億円
3382,2020-02-04,4276,4292,09:00,4221,09:39,4262,1796200株,7645百万円,+6,+0.14,4256.131円,3300回,37780億円
3382,2020-02-05,4292,4302,09:00,4264,12:30,4276,1469500株,6296百万円,+14,+0.33,4284.273円,2499回,37904億円
3382,2020-02-06,4346,4404,13:58,4336,09:54,4373,2017900株,8818百万円,+97,+2.27,4369.744円,2990回,38764億円
3382,2020-02-07,4406,4419,09:00,4354,13:19,4367,982100株,4298百万円,-6,-0.14,4376.529円,2160回,38711億円
3382,2020-02-10,4366,4375,09:12,4345,10:06,4356,1013800株,4420百万円,-11,-0.25,4359.902円,2030回,38613億円
3382,2020-02-10,4361,4361,09:00,4301,09:01,4333,1929700株,8353百万円,-23,-0.53,4328.78円,3829回,38410億円
3382,2020-02-13,4299,4333,09:01,4242,13:02,4257,1938400株,8278百万円,-76,-1.75,4270.471円,3737回,37736億円
3382,2020-02-14,4250,4298,14:59,4220,09:42,4297,1604900株,6857百万円,+40,+0.94,4272.433円,2927回,38090億円
3382,2020-02-17,4264,4304,14:33,4238,09:15,4299,909400株,3896百万円,+2,+0.05,4284.214円,1842回,38108億円
3382,2020-02-17,4299,4318,09:35,4270,12:45,4297,1062800株,4564百万円,-2,-0.05,4294.349円,2313回,38090億円
3382,2020-02-18,4288,4306,14:25,4246,09:23,4296,1564900株,6704百万円,-1,-0.02,4283.766円,2942回,38082億円
3382,2020-02-20,4319,4337,09:03,3905,14:47,3920,5777100株,23419百万円,-376,-8.75,4053.729円,13028回,34749億円
3382,2020-02-21,3951,3969,09:01,3837,09:22,3937,5115600株,20009百万円,+17,+0.43,3911.43円,9889回,34899億円
3382,2020-02-25,3817,3963,11:26,3807,09:03,3889,4049000株,15769百万円,-48,-1.22,3894.585円,7530回,34474億円
3382,2020-02-26,3909,3936,09:01,3852,11:04,3912,3270100株,12768百万円,+23,+0.59,3904.387円,5054回,34678億円
3382,2020-02-27,3824,3840,09:00,3701,13:59,3723,3440500株,12884百万円,-189,-4.83,3744.913円,6610回,33002億円
3382,2020-02-28,3659,3782,10:02,3651,09:00,3696,4702400株,17407百万円,-27,-0.73,3701.812円,7954回,32763億円
