3405,2019-08-06,1224,1228,09:00,1181,12:30,1203,1977700株,2375百万円,-37,-2.98,1200.735円,2430回
3405,2019-08-06,1161,1214,14:47,1159,09:03,1213,1468400株,1759百万円,+10,+0.83,1198.02円,1890回
3405,2019-08-07,1206,1206,09:00,1191,11:21,1192,1459500株,1747百万円,-21,-1.73,1196.83円,1863回
3405,2019-08-08,1187,1259,12:35,1160,11:00,1206,3311600株,4034百万円,+14,+1.17,1218.181円,4831回
3405,2019-08-09,1225,1233,14:43,1193,10:23,1230,2273800株,2768百万円,+24,+1.99,1217.321円,2927回
3405,2019-08-13,1212,1222,09:00,1196,14:04,1200,1379500株,1659百万円,-30,-2.44,1202.437円,1793回
3405,2019-08-14,1223,1232,09:03,1220,09:51,1225,1274300株,1560百万円,+25,+2.08,1224.533円,1928回
3405,2019-08-15,1195,1226,12:32,1187,09:29,1219,1669000株,2022百万円,-6,-0.49,1211.633円,1993回
3405,2019-08-16,1203,1220,14:34,1200,09:08,1217,1109800株,1347百万円,-2,-0.16,1213.814円,1494回
3405,2019-08-19,1231,1235,09:03,1224,09:17,1229,1178300株,1450百万円,+12,+0.99,1230.723円,1874回
3405,2019-08-20,1230,1237,09:00,1226,10:59,1235,894700株,1103百万円,+6,+0.49,1233.129円,1432回
3405,2019-08-21,1217,1223,13:54,1206,09:45,1219,847200株,1029百万円,-16,-1.30,1214.693円,1464回
3405,2019-08-22,1219,1219,09:00,1186,14:34,1189,1744900株,2084百万円,-30,-2.46,1194.461円,2429回
3405,2019-08-23,1198,1212,09:57,1197,09:13,1200,1462800株,1758百万円,+11,+0.93,1201.773円,1694回
3405,2019-08-26,1161,1174,12:30,1158,09:03,1169,1613800株,1884百万円,-31,-2.58,1167.363円,1862回
3405,2019-08-26,1185,1202,09:32,1184,09:00,1186,1411400株,1683百万円,+17,+1.45,1192.228円,1477回
3405,2019-08-28,1189,1207,11:05,1188,09:00,1204,1256100株,1510百万円,+18,+1.52,1202.372円,1290回
3405,2019-08-29,1208,1216,09:06,1199,11:27,1206,1245000株,1502百万円,+2,+0.17,1206.73円,1738回
3405,2019-08-30,1219,1224,09:08,1206,10:49,1212,1681200株,2041百万円,+6,+0.50,1213.943円,1998回
3405,2019-09-02,1219,1222,09:03,1203,09:59,1220,1239000株,1506百万円,+8,+0.66,1215.219円,1708回
3405,2019-09-03,1220,1235,09:18,1220,09:00,1229,1013700株,1248百万円,+9,+0.74,1230.796円,1416回
3405,2019-09-03,1223,1235,14:00,1213,10:03,1231,1286100株,1577百万円,+2,+0.16,1225.876円,1885回
3405,2019-09-05,1237,1269,11:03,1236,09:01,1259,1567300株,1969百万円,+28,+2.27,1256.543円,1876回
3405,2019-09-05,1267,1269,09:02,1248,12:30,1255,1186600株,1489百万円,-4,-0.32,1254.953円,1408回
3405,2019-09-07,1251,1265,14:37,1248,09:04,1264,1189000株,1496百万円,+9,+0.72,1258.413円,1449回
3405,2019-09-10,1273,1295,14:59,1273,09:00,1295,1060400株,1365百万円,+31,+2.45,1287.642円,1312回
3405,2019-09-11,1310,1339,14:29,1309,09:00,1335,2066100株,2745百万円,+40,+3.09,1328.623円,2634回
3405,2019-09-12,1365,1379,10:11,1357,09:13,1366,2054800株,2815百万円,+31,+2.32,1369.951円,2709回
3405,2019-09-13,1368,1374,09:02,1350,09:27,1368,2562500株,3499百万円,+2,+0.15,1365.373円,2289回
3405,2019-09-17,1358,1362,09:36,1339,14:42,1342,1596900株,2152百万円,-26,-1.90,1347.467円,2098回
3405,2019-09-17,1349,1360,10:00,1341,09:09,1356,1563600株,2117百万円,+14,+1.04,1353.839円,2379回,4811.95億円
3405,2019-09-19,1363,1383,09:33,1358,14:48,1358,1480400株,2024百万円,+2,+0.15,1367.515円,1890回,4819.05億円
3405,2019-09-20,1365,1373,10:33,1358,13:35,1360,1177800株,1603百万円,+2,+0.15,1361.332円,1260回,4826.15億円
3405,2019-09-24,1358,1386,12:30,1358,09:00,1378,1176800株,1623百万円,+18,+1.32,1379.117円,1605回,4890.02億円
3405,2019-09-25,1372,1372,09:00,1349,09:09,1361,1028200株,1399百万円,-17,-1.23,1360.874円,1700回,4829.69億円
3405,2019-09-26,1384,1388,12:44,1369,10:21,1377,1450600株,1999百万円,+16,+1.18,1378.161円,1585回,4886.47億円
3405,2019-09-27,1385,1386,09:00,1344,11:08,1359,1165500株,1580百万円,-18,-1.31,1355.843円,1747回,4822.60億円
3405,2019-09-30,1343,1358,10:04,1320,14:37,1327,1982600株,2645百万円,-32,-2.35,1334.179円,2354回,4709.04億円
3405,2019-10-01,1333,1367,10:52,1333,09:00,1360,1131800株,1535百万円,+33,+2.49,1356.355円,1867回,4826.15億円
3405,2019-10-02,1333,1338,09:00,1325,13:56,1330,1432900株,1907百万円,-30,-2.21,1330.621円,1759回,4719.69億円
3405,2019-10-03,1291,1299,09:08,1282,10:55,1290,1576500株,2033百万円,-40,-3.01,1289.472円,2024回,4577.74億円
3405,2019-10-04,1287,1299,14:58,1281,09:30,1298,1148800株,1485百万円,+8,+0.62,1292.365円,1934回,4606.13億円
3405,2019-10-07,1292,1299,09:01,1288,09:00,1294,766100株,991百万円,-4,-0.31,1293.092円,1164回,4591.94億円
3405,2019-10-08,1297,1309,09:14,1284,14:22,1286,1304200株,1684百万円,-8,-0.62,1291.519円,2569回,4563.55億円
3405,2019-10-09,1276,1281,12:34,1269,09:13,1277,974300株,1242百万円,-9,-0.70,1275.272円,1394回,4531.61億円
3405,2019-10-10,1282,1288,10:39,1266,09:30,1287,982000株,1258百万円,+10,+0.78,1281.529円,1352回,4567.09億円
3405,2019-10-11,1301,1318,13:58,1288,09:05,1312,1209000株,1580百万円,+25,+1.94,1306.474円,1229回,4655.81億円
3405,2019-10-15,1336,1355,13:11,1335,09:00,1350,1287500株,1735百万円,+38,+2.90,1347.614円,2246回,4790.66億円
3405,2019-10-16,1363,1384,09:06,1363,09:00,1367,1654400株,2270百万円,+17,+1.26,1372.196円,2582回,4850.99億円
3405,2019-10-17,1372,1372,09:00,1337,14:49,1337,1592100株,2142百万円,-30,-2.19,1345.389円,2236回,4744.53億円
3405,2019-10-18,1351,1363,11:08,1346,12:31,1355,1248900株,1692百万円,+18,+1.35,1355.114円,1976回,4808.40億円
3405,2019-10-21,1367,1375,10:11,1365,13:14,1368,837200株,1147百万円,+13,+0.96,1369.679円,1422回,4854.53億円
3405,2019-10-23,1381,1396,14:26,1363,09:20,1394,1358700株,1882百万円,+26,+1.90,1385.458円,1934回,4946.80億円
3405,2019-10-24,1402,1419,11:28,1401,09:00,1415,1607300株,2271百万円,+21,+1.51,1412.651円,2287回,5021.32億円
3405,2019-10-25,1325,1344,09:07,1313,09:11,1316,3940600株,5213百万円,-99,-7.00,1323.011円,4632回,4670.01億円
3405,2019-10-28,1310,1330,12:34,1308,09:00,1326,1631900株,2155百万円,+10,+0.76,1320.327円,2142回,4705.49億円
3405,2019-10-29,1323,1335,10:07,1320,09:13,1328,1807800株,2398百万円,+2,+0.15,1326.704円,2153回,4712.59億円
3405,2019-10-30,1325,1328,09:07,1296,13:27,1303,1803600株,2358百万円,-25,-1.88,1307.605円,2329回,4623.87億円
3405,2019-10-31,1300,1306,09:00,1291,09:15,1298,1451400株,1882百万円,-4,-0.31,1296.832円,1554回,4606.13億円
3405,2019-11-01,1291,1317,13:20,1288,09:00,1316,1164900株,1524百万円,+18,+1.39,1308.556円,1723回,4670.01億円
3405,2019-11-05,1334,1349,14:59,1319,09:01,1348,1559400株,2087百万円,+32,+2.43,1338.258円,1994回,4783.56億円
3405,2019-11-06,1365,1370,15:00,1351,13:11,1370,1125400株,1534百万円,+22,+1.63,1363.109円,1614回,4861.63億円
3405,2019-11-07,1378,1391,10:36,1371,09:03,1386,1293400株,1787百万円,+16,+1.17,1381.729円,2333回,4918.41億円
3405,2019-11-08,1408,1408,09:00,1378,14:47,1383,1496100株,2085百万円,-3,-0.22,1393.367円,1622回,4907.76億円
3405,2019-11-11,1380,1391,14:59,1363,09:13,1388,1440800株,1989百万円,+5,+0.36,1380.784円,1759回,4925.51億円
3405,2019-11-12,1392,1422,12:50,1373,13:03,1394,2297800株,3212百万円,+6,+0.43,1397.945円,3542回,4946.80億円
3405,2019-11-13,1385,1386,09:01,1353,11:13,1373,1202400株,1641百万円,-21,-1.51,1364.819円,2545回,4872.28億円
3405,2019-11-14,1363,1363,09:00,1322,15:00,1322,1399700株,1868百万円,-47,-3.43,1334.489円,1806回,4691.30億円
3405,2019-11-15,1325,1344,14:59,1324,09:00,1341,1291500株,1725百万円,+19,+1.44,1335.408円,1727回,4758.72億円
3405,2019-11-18,1328,1336,10:03,1322,14:37,1325,1275400株,1694百万円,-16,-1.19,1328.182円,1893回,4701.94億円
3405,2019-11-19,1325,1335,13:04,1317,09:38,1323,1391200株,1844百万円,-2,-0.15,1325.63円,2393回,4694.85億円
3405,2019-11-20,1317,1329,09:42,1311,11:11,1314,1390200株,1831百万円,-9,-0.68,1316.801円,1692回,4662.91億円
3405,2019-11-21,1300,1303,09:24,1280,11:05,1300,1552400株,2009百万円,-14,-1.07,1293.907円,2140回,4613.23億円
3405,2019-11-22,1297,1315,10:32,1294,09:01,1303,809300株,1057百万円,+3,+0.23,1306.268円,1276回,4623.87億円
3405,2019-11-25,1324,1328,09:22,1313,13:50,1317,685400株,905百万円,+14,+1.07,1320.319円,1037回,4673.55億円
3405,2019-11-26,1330,1331,09:36,1312,13:00,1314,1392700株,1835百万円,-3,-0.23,1317.865円,1427回,4662.91億円
3405,2019-11-27,1321,1333,14:59,1319,10:39,1331,866200株,1150百万円,+17,+1.29,1327.562円,1282回,4723.23億円
3405,2019-11-28,1305,1329,11:28,1300,09:36,1315,1848000株,2426百万円,-16,-1.20,1313.025円,2840回,4666.46億円
3405,2019-11-29,1323,1332,09:22,1317,13:44,1323,1606400株,2127百万円,+8,+0.61,1323.851円,1986回,4694.85億円
3405,2019-12-02,1326,1350,14:45,1326,09:00,1348,1098300株,1476百万円,+25,+1.89,1343.615円,1557回,4783.56億円
3405,2019-12-03,1328,1340,09:39,1323,09:01,1327,1380200株,1837百万円,-21,-1.56,1330.995円,1794回,4709.04億円
3405,2019-12-05,1337,1353,11:28,1333,09:00,1347,1205700株,1622百万円,+23,+1.74,1345.532円,1629回,4780.01億円
3405,2019-12-06,1356,1357,09:00,1341,11:18,1350,773700株,1044百万円,+3,+0.22,1349.378円,996回,4790.66億円
3405,2019-12-09,1370,1379,14:58,1361,10:08,1379,1096600株,1506百万円,+29,+2.15,1373.021円,1579回,4893.57億円
3405,2019-12-10,1375,1384,09:15,1370,13:07,1372,1185800株,1629百万円,-7,-0.51,1374.05円,1188回,4868.73億円
3405,2019-12-13,1398,1400,09:22,1388,09:33,1395,2137000株,2983百万円,+31,+2.27,1395.964円,2019回,4950.35億円
3405,2019-12-16,1387,1394,09:01,1375,14:53,1375,913700株,1261百万円,-20,-1.43,1379.606円,1250回,4879.37億円
3405,2019-12-17,1392,1395,09:00,1376,11:18,1378,857100株,1183百万円,+3,+0.22,1380.654円,1164回,4890.02億円
3405,2019-12-18,1379,1381,09:01,1370,13:58,1371,881400株,1211百万円,-7,-0.51,1373.485円,1039回,4865.18億円
3405,2019-12-19,1364,1368,09:00,1356,11:01,1362,614700株,837百万円,-9,-0.66,1361.372円,823回,4833.24億円
3405,2019-12-20,1369,1379,09:02,1360,14:14,1365,1814500株,2480百万円,+3,+0.22,1366.602円,1355回,4843.89億円
3405,2019-12-23,1365,1371,09:01,1361,09:19,1365,560400株,765百万円,0,0,1364.605円,688回,4843.89億円
3405,2019-12-24,1366,1375,14:45,1363,09:06,1375,621400株,851百万円,+10,+0.73,1370.259円,821回,4879.37億円
3405,2019-12-25,1380,1380,09:00,1350,10:56,1356,779500株,1060百万円,-19,-1.38,1359.745円,841回,4811.95億円
3405,2019-12-26,1359,1368,14:54,1357,09:01,1366,1087200株,1482百万円,+10,+0.74,1362.974円,897回,4847.44億円
3405,2019-12-27,1349,1357,13:29,1342,09:03,1350,830600株,1121百万円,-16,-1.17,1349.652円,929回,4790.66億円
3405,2019-12-30,1344,1345,09:00,1331,09:09,1331,759000株,1014百万円,-19,-1.41,1335.779円,1046回,4723.23億円
3405,2020-01-06,1301,1308,09:00,1286,09:15,1298,1264800株,1640百万円,-33,-2.48,1296.36円,1940回,4606.13億円
3405,2020-01-07,1299,1320,14:50,1298,09:00,1317,1021000株,1341百万円,+19,+1.46,1313.872円,1298回,4673.55億円
3405,2020-01-08,1290,1293,09:08,1274,10:12,1278,1357500株,1740百万円,-39,-2.96,1281.451円,2321回,4535.16億円
3405,2020-01-09,1294,1300,09:03,1283,09:23,1293,921500株,1192百万円,+15,+1.17,1293.096円,1307回,4588.39億円
3405,2020-01-10,1305,1307,09:04,1291,14:59,1293,917500株,1190百万円,0,0,1297.416円,1118回,4588.39億円
3405,2020-01-14,1298,1317,11:29,1295,09:00,1313,1035500株,1355百万円,+20,+1.55,1308.553円,1411回,4659.36億円
3405,2020-01-15,1304,1316,10:13,1304,09:00,1314,679700株,892百万円,+1,+0.08,1311.62円,1053回,4662.91億円
3405,2020-01-16,1322,1324,09:00,1311,10:36,1316,695000株,915百万円,+2,+0.15,1316.395円,832回,4670.01億円
3405,2020-01-17,1319,1352,14:13,1319,09:00,1351,1317300株,1768百万円,+35,+2.66,1341.922円,1653回,4794.21億円
3405,2020-01-20,1357,1364,09:04,1354,10:42,1363,763900株,1040百万円,+12,+0.89,1360.787円,953回,4836.79億円
3405,2020-01-21,1360,1368,10:04,1353,14:21,1356,910300株,1237百万円,-7,-0.51,1358.552円,1094回,4811.95億円
3405,2020-01-22,1352,1363,12:30,1348,09:07,1358,702700株,953百万円,+2,+0.15,1356.587円,1054回,4819.05億円
3405,2020-01-23,1347,1347,09:00,1325,13:20,1327,1050400株,1399百万円,-31,-2.28,1331.877円,1334回,4709.04億円
3405,2020-01-24,1345,1356,09:23,1339,09:03,1349,1006900株,1357百万円,+22,+1.66,1347.398円,1348回,4787.11億円
3405,2020-01-27,1322,1328,10:53,1308,09:19,1321,1131200株,1494百万円,-28,-2.08,1321.05円,1470回,4687.75億円
3405,2020-01-28,1310,1320,10:14,1303,09:06,1310,1235300株,1620百万円,-11,-0.83,1311.146円,1698回,4648.71億円
3405,2020-01-29,1316,1329,09:15,1312,09:34,1322,1030600株,1362百万円,+12,+0.92,1321.486円,1413回,4691億円
3405,2020-01-30,1326,1331,09:00,1312,12:52,1319,1111800株,1468百万円,-3,-0.23,1320.433円,1348回,4681億円
3405,2020-01-31,1335,1355,10:14,1333,14:59,1335,1264200株,1694百万円,+16,+1.21,1339.892円,1417回,4737億円
3405,2020-02-03,1301,1325,09:47,1301,09:03,1315,1076100株,1415百万円,-20,-1.50,1314.694円,1551回,4666億円
3405,2020-02-04,1306,1322,13:37,1304,09:00,1313,1196500株,1570百万円,-2,-0.15,1312.465円,1604回,4659億円
3405,2020-02-05,1338,1342,14:00,1327,09:46,1337,941300株,1257百万円,+24,+1.83,1335.643円,1197回,4745億円
3405,2020-02-06,1379,1389,09:13,1376,13:00,1378,1824300株,2519百万円,+41,+3.07,1380.64円,2188回,4890億円
3405,2020-02-07,1372,1374,14:59,1359,12:34,1374,1043300株,1430百万円,-4,-0.29,1370.418円,1142回,4876億円
3405,2020-02-10,1360,1378,11:27,1355,09:03,1369,1462700株,2001百万円,-5,-0.36,1368.273円,1705回,4858億円
3405,2020-02-10,1379,1380,09:00,1356,09:37,1373,1021300株,1398百万円,+4,+0.29,1368.511円,1670回,4872億円
3405,2020-02-13,1361,1368,11:00,1306,14:59,1309,2768900株,3679百万円,-64,-4.66,1328.802円,4055回,4645億円
3405,2020-02-14,1309,1348,14:59,1308,09:00,1344,3162200株,4221百万円,+35,+2.67,1334.745円,4588回,4769億円
3405,2020-02-17,1316,1326,09:02,1305,09:24,1320,1604000株,2113百万円,-24,-1.79,1317.058円,2056回,4684億円
3405,2020-02-17,1300,1305,09:33,1277,12:40,1287,1481700株,1911百万円,-33,-2.50,1289.586円,2134回,4567億円
3405,2020-02-18,1288,1291,09:00,1263,10:16,1263,1502500株,1905百万円,-24,-1.86,1268.071円,1747回,4482億円
3405,2020-02-20,1267,1277,09:02,1251,12:34,1262,1416400株,1789百万円,-1,-0.08,1262.806円,2499回,4478億円
3405,2020-02-21,1255,1279,09:42,1255,09:00,1262,1462200株,1853百万円,0,0,1267.043円,2594回,4478億円
3405,2020-02-25,1200,1228,11:18,1197,09:06,1214,1870300株,2270百万円,-48,-3.80,1213.697円,2291回,4308億円
3405,2020-02-26,1191,1200,12:45,1177,11:02,1193,1553100株,1848百万円,-21,-1.73,1189.623円,2317回,4234億円
3405,2020-02-27,1170,1179,09:01,1156,13:58,1163,1803300株,2101百万円,-30,-2.51,1165.207円,2751回,4127億円
3405,2020-02-28,1121,1136,09:04,1114,12:44,1124,2895100株,3250百万円,-39,-3.35,1122.671円,3105回,3989億円
3405,2020-03-02,1114,1142,12:43,1106,09:30,1126,2326100株,2616百万円,+2,+0.18,1124.527円,4026回,3996億円
3405,2020-03-03,1136,1138,09:00,1100,14:59,1100,2207100株,2455百万円,-26,-2.31,1112.188円,3043回,3904億円
3405,2020-03-04,1090,1119,12:31,1086,09:01,1109,1447400株,1602百万円,+9,+0.82,1106.79円,2644回,3935億円
3405,2020-03-05,1127,1131,09:00,1112,13:18,1122,1704900株,1910百万円,+13,+1.17,1120.541円,2804回,3982億円
3405,2020-03-06,1092,1099,09:36,1072,12:59,1079,1505500株,1629百万円,-43,-3.83,1082.05円,2042回,3829億円
3405,2020-03-06,1038,1057,09:08,1029,11:14,1049,2698800株,2820百万円,-30,-2.78,1044.953円,3897回,3723億円
3405,2020-03-10,1023,1060,13:28,1003,09:38,1052,2554900株,2654百万円,+3,+0.29,1038.888円,4358回,3733億円
3405,2020-03-11,1051,1072,09:13,1034,14:57,1036,1863700株,1952百万円,-16,-1.52,1047.319円,2882回,3676億円
3405,2020-03-12,1009,1023,13:37,991,11:06,1007,3794200株,3814百万円,-29,-2.80,1005.321円,5210回,3573億円
3405,2020-03-13,948,1023,14:23,931,10:20,976,5125600株,4966百万円,-31,-3.08,968.792円,6831回,3463億円
3405,2020-03-16,978,995,09:00,948,10:46,951,2659700株,2554百万円,-25,-2.56,960.374円,4722回,3375億円
3405,2020-03-17,930,1006,14:22,920,09:07,1000,3767500株,3690百万円,+49,+5.15,979.455円,6753回,3549億円
3405,2020-03-18,1020,1053,10:17,992,09:01,1014,2869800株,2959百万円,+14,+1.40,1031.183円,6251回,3598億円
3405,2020-03-19,1043,1175,10:55,1029,09:11,1103,4134200株,4586百万円,+89,+8.78,1109.283円,7613回,3914億円
3405,2020-03-23,1112,1147,09:03,993,14:22,999,4876300株,5154百万円,-104,-9.43,1056.997円,10319回,3545億円
3405,2020-03-24,1028,1047,10:58,1003,13:00,1043,2949700株,3039百万円,+44,+4.40,1030.204円,5186回,3701億円
3405,2020-03-25,1073,1110,10:52,1061,12:32,1088,3594700株,3894百万円,+45,+4.31,1083.336円,6409回,3861億円
3405,2020-03-26,1066,1076,09:10,1040,14:56,1047,2513200株,2647百万円,-41,-3.77,1053.273円,5612回,3715億円
3405,2020-03-27,1091,1106,15:00,1071,09:04,1106,3454800株,3776百万円,+59,+5.64,1093.074円,6022回,3925億円
3405,2020-03-30,1065,1134,14:59,1062,09:03,1129,2865800株,3174百万円,+23,+2.08,1107.718円,4895回,4006億円
3405,2020-03-31,1134,1142,09:06,1091,14:16,1104,1131600株,1259百万円,-25,-2.21,1112.428円,2657回,3918億円
3405,2020-04-01,1069,1099,09:15,1038,14:52,1049,1440700株,1537百万円,-43,-3.94,1067.104円,2480回,3723億円
3405,2020-04-02,1046,1059,09:04,1001,14:41,1004,1670200株,1705百万円,-45,-4.29,1021.081円,3392回,3563億円
3405,2020-04-03,1000,1027,10:40,976,14:18,982,2031000株,2016百万円,-22,-2.19,992.695円,3123回,3485億円
3405,2020-04-06,970,1031,14:45,966,09:06,1024,1900800株,1918百万円,+42,+4.28,1009.066円,3524回,3634億円
