3407,2019-08-06,987.0,991.9,09:01,925.0,12:30,955.4,7749000株,7349百万円,-54.6,-5.41,948.404円,14053回
3407,2019-08-06,918.1,963.5,14:20,915.6,09:06,960.7,6214100株,5878百万円,+5.3,+0.55,945.886円,10264回
3407,2019-08-07,949.5,959.5,09:08,942.3,12:36,950.8,4812800株,4573百万円,-9.9,-1.03,950.264円,10194回
3407,2019-08-08,936.7,946.1,11:11,932.3,09:01,937.1,3344000株,3143百万円,-13.7,-1.44,939.743円,8019回
3407,2019-08-09,940.0,943.0,09:16,930.6,09:36,934.7,3059300株,2865百万円,-2.4,-0.26,936.44円,5405回
3407,2019-08-13,914.6,916.6,09:03,901.6,11:02,908.7,4598200株,4182百万円,-26.0,-2.78,909.431円,7753回
3407,2019-08-14,923.7,944.0,13:15,921.2,09:00,941.0,4028600株,3777百万円,+32.3,+3.55,937.543円,8934回
3407,2019-08-15,914.1,944.5,12:32,914.1,09:03,939.2,4186000株,3909百万円,-1.8,-0.19,933.755円,11899回
3407,2019-08-16,927.2,953.0,14:48,927.0,09:00,948.4,4061900株,3829百万円,+9.2,+0.98,942.734円,8119回
3407,2019-08-19,963.8,967.3,09:04,955.6,09:08,957.4,3429900株,3293百万円,+9.0,+0.95,959.98円,7483回
3407,2019-08-20,952.2,954.7,09:14,950.4,09:00,952.2,3357900株,3197百万円,-5.2,-0.54,952.198円,6669回
3407,2019-08-21,936.0,949.0,14:10,934.2,09:03,946.0,2375900株,2241百万円,-6.2,-0.65,943.043円,4917回
3407,2019-08-22,940.0,948.2,09:14,935.0,09:09,946.3,3858600株,3642百万円,+0.3,+0.03,943.79円,8011回
3407,2019-08-23,940.3,951.4,09:56,936.2,09:04,937.3,3815800株,3593百万円,-9.0,-0.95,941.509円,7585回
3407,2019-08-26,903.0,938.6,14:48,903.0,09:06,935.5,5682200株,5272百万円,-1.8,-0.19,927.746円,11558回
3407,2019-08-26,940.2,953.0,09:09,937.9,14:48,940.3,3241700株,3055百万円,+4.8,+0.51,942.46円,6119回
3407,2019-08-28,943.2,945.0,14:59,934.2,09:05,943.1,2758700株,2597百万円,+2.8,+0.30,941.437円,4796回
3407,2019-08-29,949.1,954.9,09:08,940.6,11:30,949.1,2255000株,2138百万円,+6.0,+0.64,948.106円,4716回
3407,2019-08-30,957.8,962.7,13:56,952.2,09:31,961.2,3101300株,2975百万円,+12.1,+1.27,959.207円,5384回
3407,2019-09-02,962.9,968.1,09:02,952.9,09:17,962.4,2139200株,2056百万円,+1.2,+0.12,961.204円,4335回
3407,2019-09-03,961.3,982.8,13:34,960.0,09:02,974.8,2458500株,2399百万円,+12.4,+1.29,975.718円,5323回
3407,2019-09-03,967.0,968.6,09:00,956.0,12:30,963.2,2584200株,2486百万円,-11.6,-1.19,962.154円,5913回
3407,2019-09-05,968.0,989.8,11:03,966.7,09:01,981.0,4320200株,4237百万円,+17.8,+1.85,980.666円,8552回
3407,2019-09-05,982.1,993.0,09:02,981.2,10:08,983.9,2612100株,2571百万円,+2.9,+0.30,984.421円,4681回
3407,2019-09-07,982.0,988.9,14:46,973.0,09:29,988.2,2141000株,2108百万円,+4.3,+0.44,984.814円,3530回
3407,2019-09-10,1003.0,1016.5,14:26,1001.0,09:00,1014.0,2789300株,2817百万円,+25.8,+2.61,1010.109円,3191回
3407,2019-09-11,1028.0,1062.0,14:39,1024.5,09:00,1062.0,5777600株,6090百万円,+48.0,+4.73,1054.134円,6152回
3407,2019-09-12,1073.5,1105.0,12:54,1073.5,09:00,1094.0,7010700株,7678百万円,+32.0,+3.01,1095.252円,7821回
3407,2019-09-13,1104.0,1104.0,09:00,1078.5,09:22,1095.0,8396400株,9203百万円,+1.0,+0.09,1096.114円,7335回
3407,2019-09-17,1082.0,1101.0,10:45,1072.0,09:00,1095.5,3848900株,4205百万円,+0.5,+0.05,1092.427円,4233回
3407,2019-09-17,1100.5,1108.5,09:36,1094.0,14:53,1095.5,3435600株,3775百万円,0,0,1098.662円,3326回,15365.66億円
3407,2019-09-19,1101.0,1115.5,09:40,1098.5,09:00,1102.5,2899200株,3206百万円,+7.0,+0.64,1105.751円,2974回,15463.85億円
3407,2019-09-20,1109.5,1111.5,10:29,1103.0,09:02,1110.0,3753200株,4162百万円,+7.5,+0.68,1108.818円,2978回,15569.04億円
3407,2019-09-24,1110.0,1113.0,09:00,1099.0,13:30,1105.0,3044700株,3366百万円,-5.0,-0.45,1105.492円,3314回,15498.91億円
3407,2019-09-25,1098.5,1118.5,12:36,1092.5,09:00,1106.5,2844400株,3149百万円,+1.5,+0.14,1107.121円,3471回,15519.95億円
3407,2019-09-26,1117.5,1123.5,09:58,1104.0,14:59,1108.0,3724100株,4140百万円,+1.5,+0.14,1111.65円,3210回,15540.99億円
3407,2019-09-27,1094.0,1096.0,09:00,1060.5,09:39,1069.0,5032900株,5378百万円,-39.0,-3.52,1068.531円,4283回,14993.97億円
3407,2019-09-30,1063.5,1076.0,09:30,1056.5,09:01,1064.0,4121700株,4388百万円,-5.0,-0.47,1064.663円,4706回,14923.84億円
3407,2019-10-01,1068.0,1102.0,10:30,1061.5,09:00,1088.0,2838600株,3090百万円,+24.0,+2.26,1088.41円,4072回,15260.47億円
3407,2019-10-02,1072.5,1080.0,10:29,1066.5,09:00,1076.0,2348000株,2525百万円,-12.0,-1.10,1075.172円,3398回,15092.15億円
3407,2019-10-03,1051.5,1055.5,09:05,1044.0,09:00,1053.0,2441800株,2565百万円,-23.0,-2.14,1050.486円,3003回,14769.55億円
3407,2019-10-04,1049.5,1077.0,14:59,1045.5,09:00,1074.0,3344700株,3567百万円,+21.0,+1.99,1066.409円,3017回,15064.10億円
3407,2019-10-07,1069.0,1080.0,09:00,1064.5,09:02,1073.0,2245000株,2406百万円,-1.0,-0.09,1071.685円,2695回,15050.07億円
3407,2019-10-08,1084.5,1108.5,14:15,1081.5,09:00,1104.5,4134800株,4556百万円,+31.5,+2.94,1101.812円,4476回,15491.90億円
3407,2019-10-09,1103.0,1109.0,12:45,1097.5,09:03,1105.5,4020900株,4438百万円,+1.0,+0.09,1103.777円,4436回,15505.92億円
3407,2019-10-10,1148.5,1148.5,09:03,1112.0,09:22,1125.0,19181800株,21652百万円,+19.5,+1.76,1128.757円,16706回,15779.43億円
3407,2019-10-11,1128.0,1145.5,14:52,1113.0,09:24,1144.5,6407900株,7257百万円,+19.5,+1.73,1132.519円,6453回,15953.55億円
3407,2019-10-15,1158.5,1167.0,09:03,1144.5,09:35,1152.0,4916600株,5681百万円,+7.5,+0.66,1155.545円,6003回,16058.10億円
3407,2019-10-16,1167.0,1182.5,09:06,1149.0,13:31,1155.5,5439200株,6317百万円,+3.5,+0.30,1161.425円,6240回,16106.88億円
3407,2019-10-17,1154.5,1173.5,14:20,1147.0,09:04,1169.0,3776500株,4396百万円,+13.5,+1.17,1163.946円,4263回,16295.07億円
3407,2019-10-18,1165.5,1177.0,10:17,1161.5,12:47,1168.5,4165300株,4869百万円,-0.5,-0.04,1168.982円,4840回,16288.10億円
3407,2019-10-21,1176.0,1179.5,09:00,1171.0,09:01,1173.5,2226700株,2615百万円,+5.0,+0.43,1174.307円,2452回,16357.79億円
3407,2019-10-23,1176.0,1199.0,14:59,1170.0,09:20,1198.5,4259300株,5061百万円,+25.0,+2.13,1188.172円,5694回,16706.28億円
3407,2019-10-24,1200.0,1206.5,09:05,1191.5,10:11,1194.0,3358200株,4019百万円,-4.5,-0.38,1196.905円,4303回,16643.55億円
3407,2019-10-25,1204.5,1208.5,09:00,1182.5,09:58,1198.5,4123000株,4925百万円,+4.5,+0.38,1194.398円,4798回,16706.28億円
3407,2019-10-28,1190.0,1196.5,14:46,1183.5,10:01,1196.0,2909000株,3468百万円,-2.5,-0.21,1192.044円,3616回,16671.43億円
3407,2019-10-29,1209.0,1221.5,09:05,1207.5,09:00,1221.0,4167400株,5075百万円,+25.0,+2.09,1217.854円,4857回,17019.91億円
3407,2019-10-30,1224.0,1228.5,09:00,1211.0,09:17,1215.0,3283300株,3996百万円,-6.0,-0.49,1217.113円,4988回,16936.27億円
3407,2019-10-31,1210.0,1217.0,14:33,1206.5,09:00,1211.5,3344200株,4052百万円,-3.5,-0.29,1211.762円,3234回,16887.49億円
3407,2019-11-01,1186.5,1208.5,14:29,1180.5,09:00,1206.5,2360600株,2835百万円,-5.0,-0.41,1200.78円,2984回,16817.79億円
3407,2019-11-05,1246.5,1257.0,14:59,1229.5,09:12,1253.5,3966500株,4949百万円,+47.0,+3.90,1247.758円,3965回,17472.94億円
3407,2019-11-06,1253.5,1257.0,12:48,1223.5,12:30,1243.5,6038200株,7492百万円,-10.0,-0.80,1240.691円,8450回,17333.54億円
3407,2019-11-07,1236.0,1274.5,11:23,1223.0,09:09,1272.0,5695100株,7186百万円,+28.5,+2.29,1261.739円,6663回,17730.82億円
3407,2019-11-08,1291.0,1295.0,09:00,1264.0,14:03,1273.5,4942300株,6327百万円,+1.5,+0.12,1280.083円,4792回,17751.72億円
3407,2019-11-11,1274.5,1277.5,09:02,1257.0,10:03,1272.5,2721800株,3454百万円,-1.0,-0.08,1268.851円,3259回,17737.79億円
3407,2019-11-12,1269.0,1275.5,09:00,1249.5,11:03,1266.0,3885100株,4907百万円,-6.5,-0.51,1263.072円,4274回,17647.18億円
3407,2019-11-13,1263.5,1265.0,09:00,1244.0,13:56,1247.5,2092600株,2616百万円,-18.5,-1.46,1250.054円,2756回,17389.30億円
3407,2019-11-14,1239.0,1240.5,09:00,1218.0,13:09,1222.0,2630100株,3228百万円,-25.0,-2.00,1227.337円,3269回,17033.85億円
3407,2019-11-15,1220.0,1232.5,12:30,1213.0,09:33,1224.0,3378600株,4134百万円,+2.0,+0.16,1223.698円,4330回,17061.73億円
3407,2019-11-18,1213.5,1221.5,09:10,1195.0,14:45,1200.5,3855300株,4642百万円,-23.5,-1.92,1203.941円,6158回,16734.15億円
3407,2019-11-19,1200.0,1209.0,09:00,1199.0,09:00,1201.5,2962400株,3561百万円,+1.0,+0.08,1201.939円,3385回,16748.09億円
3407,2019-11-20,1192.0,1204.5,09:44,1190.5,09:06,1197.0,2857900株,3423百万円,-4.5,-0.37,1197.709円,3889回,16685.37億円
3407,2019-11-21,1182.5,1193.0,09:21,1165.5,10:51,1185.0,4005600株,4724百万円,-12.0,-1.00,1179.399円,6147回,16518.09億円
3407,2019-11-22,1200.0,1223.0,10:39,1199.0,09:00,1210.0,3636200株,4406百万円,+25.0,+2.11,1211.72円,4009回,16866.58億円
3407,2019-11-25,1232.0,1249.0,10:03,1232.0,09:00,1241.0,3386800株,4200百万円,+31.0,+2.56,1239.986円,4124回,17298.70億円
3407,2019-11-26,1280.0,1282.0,10:47,1252.5,14:03,1262.5,8189300株,10364百万円,+21.5,+1.73,1265.515円,6393回,17598.39億円
3407,2019-11-27,1263.5,1265.5,09:00,1239.5,09:37,1242.0,3867300株,4818百万円,-20.5,-1.62,1245.931円,4692回,17312.64億円
3407,2019-11-28,1240.5,1250.0,12:30,1231.0,09:33,1245.0,2655200株,3300百万円,+3.0,+0.24,1242.807円,3182回,17354.45億円
3407,2019-11-29,1238.5,1244.5,09:00,1225.5,09:12,1229.5,3179100株,3915百万円,-15.5,-1.24,1231.374円,3929回,17138.39億円
3407,2019-12-02,1231.0,1232.5,09:20,1220.5,09:03,1224.5,2806400株,3445百万円,-5.0,-0.41,1227.418円,3185回,17068.70億円
3407,2019-12-03,1200.5,1230.5,14:59,1196.5,09:00,1227.5,3161500株,3855百万円,+3.0,+0.24,1219.5円,3387回,17110.52億円
3407,2019-12-05,1241.0,1249.0,13:37,1235.0,09:02,1244.5,2365800株,2942百万円,+14.0,+1.14,1243.504円,2916回,17347.48億円
3407,2019-12-06,1244.0,1247.0,09:01,1215.0,13:14,1221.0,3090600株,3788百万円,-23.5,-1.89,1225.704円,3768回,17019.91億円
3407,2019-12-09,1237.5,1255.5,13:05,1235.0,09:08,1250.5,2752500株,3436百万円,+29.5,+2.42,1248.256円,3231回,17431.12億円
3407,2019-12-10,1263.0,1268.0,09:41,1252.0,14:59,1252.0,3600300株,4535百万円,+1.5,+0.12,1259.597円,3473回,17452.03億円
3407,2019-12-13,1280.0,1283.5,09:03,1269.0,09:49,1271.5,4691300株,5985百万円,+29.5,+2.38,1275.858円,3847回,17723.85億円
3407,2019-12-16,1267.5,1272.5,09:06,1255.0,13:24,1258.5,2434000株,3069百万円,-13.0,-1.02,1261.09円,2848回,17542.63億円
3407,2019-12-17,1274.0,1285.0,12:31,1268.5,09:26,1284.5,3295200株,4218百万円,+26.0,+2.07,1280.144円,2818回,17905.06億円
3407,2019-12-18,1285.0,1285.0,09:00,1265.0,13:59,1268.0,2417600株,3075百万円,-16.5,-1.28,1271.754円,3174回,17675.06億円
3407,2019-12-19,1270.0,1272.0,09:00,1262.0,11:26,1266.5,1933500株,2448百万円,-1.5,-0.12,1265.93円,2152回,17654.15億円
3407,2019-12-20,1270.0,1274.0,09:01,1246.5,14:40,1254.0,3607200株,4532百万円,-12.5,-0.99,1256.358円,3512回,17479.91億円
3407,2019-12-23,1257.0,1258.0,09:00,1243.5,14:59,1246.5,1350800株,1686百万円,-7.5,-0.60,1247.991円,1853回,17375.36億円
3407,2019-12-24,1245.5,1252.5,09:00,1240.5,13:10,1244.0,1432200株,1781百万円,-2.5,-0.20,1243.856円,1824回,17340.51億円
3407,2019-12-25,1249.0,1249.0,09:00,1232.5,12:49,1234.0,1149800株,1424百万円,-10.0,-0.80,1238.3円,1363回,17201.12億円
3407,2019-12-26,1233.0,1247.0,09:38,1230.0,09:01,1246.5,1369600株,1703百万円,+12.5,+1.01,1243.17円,1786回,17375.36億円
3407,2019-12-27,1250.0,1253.0,09:00,1239.5,10:01,1245.5,1332900株,1662百万円,-1.0,-0.08,1246.587円,1775回,17361.42億円
3407,2019-12-30,1239.0,1242.5,10:54,1225.0,09:10,1234.0,1749800株,2162百万円,-11.5,-0.92,1235.474円,1935回,17201.12億円
3407,2020-01-06,1204.0,1214.0,09:02,1200.5,10:02,1205.0,3086500株,3717百万円,-29.0,-2.35,1204.304円,3794回,16796.88億円
3407,2020-01-07,1208.5,1226.0,14:49,1203.5,09:14,1223.5,2412800株,2944百万円,+18.5,+1.54,1219.977円,2737回,17054.76億円
3407,2020-01-08,1200.5,1200.5,09:00,1177.0,10:39,1182.5,3750200株,4443百万円,-41.0,-3.35,1184.816円,4346回,16483.25億円
3407,2020-01-09,1204.5,1206.5,09:03,1192.5,12:30,1193.0,2218300株,2655百万円,+10.5,+0.89,1196.657円,2513回,16629.61億円
3407,2020-01-10,1204.0,1209.0,09:02,1193.0,14:49,1194.5,2579300株,3091百万円,+1.5,+0.13,1198.452円,2488回,16650.52億円
3407,2020-01-14,1196.5,1207.0,11:16,1194.0,09:00,1200.5,2730700株,3275百万円,+6.0,+0.50,1199.264円,2570回,16734.15億円
3407,2020-01-15,1190.0,1200.0,09:30,1183.5,09:00,1190.0,2660900株,3168百万円,-10.5,-0.87,1190.564円,2515回,16587.79億円
3407,2020-01-16,1198.0,1198.0,09:00,1182.0,09:07,1185.5,1869400株,2218百万円,-4.5,-0.38,1186.663円,2128回,16525.06億円
3407,2020-01-17,1180.5,1189.0,14:41,1180.5,09:00,1186.5,1988000株,2355百万円,+1.0,+0.08,1184.837円,2057回,16539.00億円
3407,2020-01-20,1195.5,1212.0,14:19,1195.5,09:00,1205.5,1504500株,1814百万円,+19.0,+1.60,1205.747円,1695回,16803.85億円
3407,2020-01-21,1193.0,1196.0,09:21,1173.5,14:59,1173.5,2977900株,3516百万円,-32.0,-2.65,1180.645円,2792回,16357.79億円
3407,2020-01-22,1173.0,1184.5,09:05,1170.0,09:00,1184.5,2018000株,2384百万円,+11.0,+0.94,1181.227円,2173回,16511.12億円
3407,2020-01-23,1173.5,1180.5,09:06,1163.5,12:30,1169.0,2007800株,2348百万円,-15.5,-1.31,1169.673円,2295回,16295.07億円
3407,2020-01-24,1169.0,1170.0,09:00,1159.5,14:59,1160.5,1812100株,2108百万円,-8.5,-0.73,1163.477円,2289回,16176.58億円
3407,2020-01-27,1134.5,1139.0,09:03,1127.0,14:56,1129.0,2252800株,2549百万円,-31.5,-2.71,1131.539円,2897回,15737.49億円
3407,2020-01-28,1114.0,1115.5,09:00,1104.5,13:09,1109.5,2805000株,3109百万円,-19.5,-1.73,1108.483円,3085回,15465.68億円
3407,2020-01-29,1128.0,1133.0,14:57,1113.0,09:34,1131.5,3071200株,3461百万円,+22.0,+1.98,1126.77円,3642回,15772億円
3407,2020-01-30,1149.0,1155.5,09:00,1115.5,12:52,1128.0,3567100株,4032百万円,-3.5,-0.31,1130.365円,4277回,15724億円
3407,2020-01-31,1131.5,1147.0,10:16,1129.0,11:04,1138.0,3444300株,3915百万円,+10.0,+0.89,1136.799円,3569回,15863億円
3407,2020-02-03,1112.5,1133.5,11:01,1112.5,09:00,1125.0,2091200株,2353百万円,-13.0,-1.14,1125.311円,2748回,15682億円
3407,2020-02-04,1127.5,1139.0,13:34,1117.5,09:00,1135.0,2510100株,2845百万円,+10.0,+0.89,1133.565円,2688回,15821億円
3407,2020-02-05,1155.5,1159.0,09:00,1138.5,10:33,1151.0,2656700株,3054百万円,+16.0,+1.41,1149.513円,2522回,16044億円
3407,2020-02-06,1180.0,1202.0,13:59,1170.5,09:04,1191.0,3791200株,4512百万円,+40.0,+3.48,1190.229円,3930回,16602億円
3407,2020-02-07,1197.0,1200.0,09:16,1100.0,14:22,1100.0,6763800株,7600百万円,-91.0,-7.64,1123.596円,9687回,15333億円
3407,2020-02-10,1057.0,1066.0,14:28,1042.5,09:15,1060.0,6531400株,6893百万円,-40.0,-3.64,1055.41円,6708回,14776億円
3407,2020-02-10,1070.0,1070.5,09:01,1049.0,13:39,1058.0,4011200株,4244百万円,-2.0,-0.19,1058.098円,3601回,14748億円
3407,2020-02-13,1055.5,1067.0,11:02,1053.0,09:00,1065.5,3417500株,3633百万円,+7.5,+0.71,1062.961円,2588回,14852億円
3407,2020-02-14,1055.0,1058.0,09:00,1046.5,11:09,1053.0,2834000株,2980百万円,-12.5,-1.17,1051.542円,2777回,14678億円
3407,2020-02-17,1051.5,1054.5,09:00,1032.5,12:30,1037.5,3190100株,3314百万円,-15.5,-1.47,1038.969円,2525回,14462億円
3407,2020-02-17,1032.0,1037.5,09:01,1024.5,12:48,1028.0,2078300株,2141百万円,-9.5,-0.92,1030円,2092回,14330億円
3407,2020-02-18,1031.5,1031.5,09:00,1012.5,15:00,1012.5,2613200株,2660百万円,-15.5,-1.51,1017.957円,2692回,14114億円
3407,2020-02-20,1029.0,1033.0,09:22,1018.0,12:55,1024.0,2771700株,2843百万円,+11.5,+1.14,1025.563円,2421回,14274億円
3407,2020-02-21,1022.0,1028.5,12:30,1018.5,15:00,1018.5,2352100株,2405百万円,-5.5,-0.54,1022.514円,2063回,14197億円
3407,2020-02-25,951.0,990.7,11:23,944.0,09:09,986.0,5458300株,5340百万円,-32.5,-3.19,978.416円,8824回,13744億円
3407,2020-02-26,971.6,997.1,12:30,968.7,09:00,987.7,4034000株,3974百万円,+1.7,+0.17,985.092円,8148回,13768億円
3407,2020-02-27,980.1,982.9,09:00,952.4,13:57,954.2,5066800株,4875百万円,-33.5,-3.39,962.205円,7635回,13301億円
3407,2020-02-28,930.0,932.7,09:03,898.8,14:08,900.7,8125000株,7376百万円,-53.5,-5.61,907.861円,8812回,12555億円
