3418,2019-12-17,1168,1190,15:00,1161,11:29,1190,17700株,21百万円,+30,+2.59,1173.141円,106回,103.53億円
3418,2019-12-18,1195,1218,15:00,1187,09:15,1218,16000株,19百万円,+28,+2.35,1198.644円,84回,105.97億円
3418,2019-12-19,1203,1209,09:13,1188,11:25,1202,14300株,17百万円,-16,-1.31,1198.497円,75回,104.58億円
3418,2019-12-20,1202,1219,15:00,1184,13:02,1219,22400株,27百万円,+17,+1.41,1199.496円,124回,106.06億円
3418,2019-12-23,1220,1245,15:00,1213,09:32,1245,24700株,30百万円,+26,+2.13,1229.178円,116回,108.32億円
3418,2019-12-24,1233,1245,15:00,1226,09:23,1245,13100株,16百万円,0,0,1237.061円,80回,108.32億円
3418,2019-12-25,1241,1250,14:55,1224,10:23,1250,25600株,32百万円,+5,+0.40,1238.73円,118回,108.75億円
3418,2019-12-26,1250,1305,15:00,1241,09:09,1305,66900株,86百万円,+55,+4.40,1278.06円,286回,113.54億円
3418,2019-12-27,1308,1310,09:00,1285,09:37,1293,31900株,41百万円,-12,-0.92,1295.859円,168回,112.49億円
3418,2019-12-30,1297,1300,14:13,1290,10:13,1292,23600株,31百万円,-1,-0.08,1294.737円,76回,112.41億円
3418,2020-01-06,1289,1321,13:03,1263,09:12,1290,43300株,56百万円,-2,-0.15,1287.36円,207回,112.23億円
3418,2020-01-07,1290,1313,12:37,1290,09:00,1306,22200株,29百万円,+16,+1.24,1304.378円,118回,113.63億円
3418,2020-01-08,1306,1306,09:00,1273,09:34,1277,22800株,29百万円,-29,-2.22,1282.763円,129回,111.10億円
3418,2020-01-09,1291,1318,15:00,1283,09:13,1318,27800株,36百万円,+41,+3.21,1304.543円,181回,114.67億円
3418,2020-01-10,1323,1339,12:31,1312,10:08,1325,38800株,52百万円,+7,+0.53,1328.07円,215回,115.28億円
3418,2020-01-14,1334,1384,13:02,1333,09:00,1379,83300株,113百万円,+54,+4.08,1362.376円,347回,119.98億円
3418,2020-01-15,1378,1379,09:00,1351,09:07,1353,27400株,37百万円,-26,-1.89,1362.033円,170回,117.71億円
3418,2020-01-16,1350,1350,09:00,1296,14:18,1300,36100株,48百万円,-53,-3.92,1321.249円,204回,113.10億円
3418,2020-01-17,1290,1313,14:54,1290,09:00,1312,20500株,27百万円,+12,+0.92,1299.439円,107回,114.15億円
3418,2020-01-20,1314,1369,09:14,1314,09:00,1351,28700株,39百万円,+39,+2.97,1349.84円,157回,117.55億円
3418,2020-01-21,1349,1367,14:57,1347,10:51,1366,18600株,25百万円,+15,+1.11,1358.312円,112回,118.86億円
3418,2020-01-22,1349,1363,12:30,1349,09:00,1351,9100株,12百万円,-15,-1.10,1355.242円,49回,117.55億円
3418,2020-01-23,1349,1352,09:12,1342,09:00,1345,8900株,12百万円,-6,-0.44,1347.214円,51回,117.03億円
3418,2020-01-24,1349,1349,09:00,1308,10:15,1343,21700株,29百万円,-2,-0.15,1327.765円,138回,116.86億円
3418,2020-01-27,1330,1340,09:17,1316,12:34,1324,20800株,28百万円,-19,-1.41,1325.567円,140回,115.20億円
3418,2020-01-28,1311,1329,10:05,1310,09:11,1314,17000株,22百万円,-10,-0.76,1318.647円,119回,114.33億円
3418,2020-01-29,1315,1329,10:44,1305,09:09,1315,39400株,52百万円,+1,+0.08,1316.14円,188回,114億円
3418,2020-01-30,1223,1251,09:20,1186,15:00,1186,71600株,87百万円,-129,-9.81,1213.601円,332回,103億円
3418,2020-01-31,1200,1216,09:04,1180,15:00,1180,20700株,25百万円,-6,-0.51,1195.459円,114回,103億円
3418,2020-02-03,1150,1202,11:09,1148,09:00,1191,20100株,24百万円,+11,+0.93,1177.368円,101回,104億円
3418,2020-02-04,1187,1212,15:00,1187,09:00,1212,6600株,8百万円,+21,+1.76,1199.349円,43回,105億円
3418,2020-02-05,1228,1228,09:00,1203,09:24,1218,8000株,10百万円,+6,+0.50,1212.925円,51回,106億円
3418,2020-02-06,1218,1220,09:15,1191,15:00,1191,10000株,12百万円,-27,-2.22,1211.59円,57回,104億円
3418,2020-02-07,1202,1228,14:31,1196,10:38,1216,16500株,20百万円,+25,+2.10,1212.849円,87回,106億円
3418,2020-02-10,1229,1229,09:00,1202,14:59,1206,5800株,7百万円,-10,-0.82,1210.81円,36回,105億円
3418,2020-02-12,1216,1217,14:14,1208,09:10,1212,5800株,7百万円,+6,+0.50,1213.431円,31回,105億円
3418,2020-02-13,1213,1213,09:00,1202,13:38,1205,5100株,6百万円,-7,-0.58,1206.137円,35回,105億円
3418,2020-02-14,1210,1210,09:00,1162,12:34,1176,12400株,15百万円,-29,-2.41,1183.129円,67回,102億円
3418,2020-02-17,1150,1156,09:07,1115,09:24,1119,22000株,25百万円,-57,-4.85,1134.014円,115回,97.4億円
3418,2020-02-17,1101,1111,12:32,1087,14:37,1089,21200株,23百万円,-30,-2.68,1100.047円,90回,94.8億円
3418,2020-02-18,1082,1117,12:31,1082,09:00,1103,7000株,8百万円,+14,+1.29,1101.957円,45回,96.0億円
3418,2020-02-20,1133,1133,09:00,1090,13:31,1098,4700株,5百万円,-5,-0.45,1110.915円,32回,95.6億円
3418,2020-02-21,1103,1106,09:05,1081,14:14,1084,8400株,9百万円,-14,-1.28,1089.667円,60回,94.3億円
3418,2020-02-25,1030,1043,12:36,1016,09:06,1036,13100株,13百万円,-48,-4.43,1029.321円,62回,90.2億円
3418,2020-02-26,1015,1021,09:05,1001,11:09,1007,11900株,12百万円,-29,-2.80,1009.042円,72回,87.6億円
3418,2020-02-27,1000,1008,09:00,953,15:00,953,32200株,32百万円,-54,-5.36,979.811円,194回,82.9億円
3418,2020-02-28,903,932,09:47,882,14:22,891,38100株,34百万円,-62,-6.51,902.719円,183回,77.5億円
3418,2020-03-02,875,930,12:37,865,09:03,892,41500株,37百万円,+1,+0.11,897.043円,280回,77.6億円
3418,2020-03-03,936,949,09:11,860,15:00,860,43900株,39百万円,-32,-3.59,884.952円,247回,74.9億円
3418,2020-03-04,850,865,09:29,847,09:07,857,28400株,24百万円,-3,-0.35,856.405円,130回,74.6億円
3418,2020-03-05,868,872,12:30,850,09:29,854,16900株,14百万円,-3,-0.35,856.817円,106回,74.3億円
3418,2020-03-06,854,854,09:00,825,14:13,825,18000株,15百万円,-29,-3.40,837.433円,118回,71.8億円
3418,2020-03-06,801,810,09:17,750,12:50,767,38100株,30百万円,-58,-7.03,778.908円,215回,66.8億円
3418,2020-03-10,695,762,14:17,674,09:37,750,37300株,26百万円,-17,-2.22,708.609円,208回,65.3億円
3418,2020-03-11,765,765,09:00,723,14:29,746,11700株,9百万円,-4,-0.53,745.863円,88回,64.9億円
3418,2020-03-12,701,716,09:57,650,12:42,659,36300株,25百万円,-87,-11.66,681.642円,192回,57.4億円
3418,2020-03-13,669,678,14:23,607,10:53,674,46700株,30百万円,+15,+2.28,650.816円,144回,58.7億円
3418,2020-03-16,672,675,09:03,632,09:13,650,36700株,24百万円,-24,-3.56,655.035円,192回,56.6億円
3418,2020-03-17,610,653,10:35,601,14:38,633,66400株,41百万円,-17,-2.62,621.157円,398回,55.1億円
3418,2020-03-18,663,670,09:46,633,09:33,639,28700株,19百万円,+6,+0.95,648.634円,164回,55.6億円
3418,2020-03-19,650,660,09:06,607,12:52,626,20000株,12百万円,-13,-2.03,623.21円,125回,54.5億円
3418,2020-03-23,607,625,09:06,606,09:59,610,25300株,15百万円,-16,-2.56,611.265円,146回,53.1億円
3418,2020-03-24,660,675,15:00,630,10:04,675,24200株,16百万円,+65,+10.66,650.132円,144回,58.8億円
3418,2020-03-25,765,773,14:46,722,09:20,756,25500株,19百万円,+81,+12.00,749.361円,147回,65.8億円
3418,2020-03-26,750,755,09:00,699,15:00,699,15700株,11百万円,-57,-7.54,718.758円,82回,60.8億円
3418,2020-03-27,720,720,09:03,697,14:34,715,12700株,9百万円,+16,+2.29,703.323円,60回,62.2億円
3418,2020-03-30,676,685,15:00,655,11:09,685,16400株,11百万円,-30,-4.20,668.384円,106回,59.6億円
3418,2020-03-31,716,716,09:06,690,13:40,701,12700株,9百万円,+16,+2.34,702.827円,55回,61.0億円
3418,2020-04-01,695,695,09:00,673,14:41,673,8500株,6百万円,-28,-3.99,684.635円,56回,58.6億円
3418,2020-04-02,653,663,09:30,630,14:59,634,12300株,8百万円,-39,-5.79,644.089円,65回,55.2億円
3418,2020-04-03,631,641,09:12,566,14:46,576,51200株,31百万円,-58,-9.15,597.344円,217回,50.1億円
3418,2020-04-06,552,600,14:39,550,09:06,590,19900株,11百万円,+14,+2.43,567.251円,94回,51.4億円
3418,2020-04-07,660,677,11:03,630,09:22,663,31900株,21百万円,+73,+12.37,660.266円,159回,57.7億円
3418,2020-04-08,670,698,12:58,650,09:15,690,11200株,8百万円,+27,+4.07,678.286円,72回,60.1億円
3418,2020-04-09,694,750,14:24,694,09:00,728,35300株,26百万円,+38,+5.51,723.887円,193回,63.4億円
3418,2020-04-10,758,772,09:04,705,14:35,710,32700株,24百万円,-18,-2.47,734.887円,189回,61.8億円
3418,2020-04-13,700,702,09:01,666,09:13,682,35500株,24百万円,-28,-3.94,682.141円,172回,59.4億円
3418,2020-04-14,682,700,10:56,675,09:00,692,24400株,17百万円,+10,+1.47,687.918円,142回,60.2億円
3418,2020-04-15,701,701,09:00,654,15:00,654,41400株,28百万円,-38,-5.49,667.787円,222回,56.9億円
3418,2020-04-16,656,666,14:56,637,09:33,663,14900株,10百万円,+9,+1.38,652.121円,115回,57.7億円
3418,2020-04-17,675,681,09:03,657,09:05,664,19500株,13百万円,+1,+0.15,667.036円,115回,57.8億円
3418,2020-04-20,674,679,09:32,664,09:42,673,16600株,11百万円,+9,+1.36,670.09円,102回,58.6億円
3418,2020-04-21,677,677,09:00,651,12:44,665,13800株,9百万円,-8,-1.19,658.072円,102回,57.9億円
3418,2020-04-22,665,665,09:00,617,13:55,630,34400株,22百万円,-35,-5.26,633.953円,150回,54.8億円
3418,2020-04-23,621,637,10:39,621,09:00,636,12500株,8百万円,+6,+0.95,629.456円,58回,55.4億円
3418,2020-04-24,646,646,09:02,615,11:02,638,19600株,12百万円,+2,+0.31,626.944円,103回,55.5億円
3418,2020-04-27,645,655,13:25,633,09:44,647,17900株,12百万円,+9,+1.41,643.877円,95回,56.3億円
3418,2020-04-28,649,658,09:04,638,13:09,647,22900株,15百万円,0,0,647.231円,105回,56.3億円
3418,2020-04-30,677,695,09:23,665,09:06,686,38000株,26百万円,+39,+6.03,679.937円,196回,59.7億円
3418,2020-05-01,696,706,10:38,679,12:46,694,22100株,15百万円,+8,+1.17,692.14円,127回,60.4億円
3418,2020-05-07,717,735,09:20,703,10:38,706,16800株,12百万円,+12,+1.73,717.315円,91回,61.4億円
3418,2020-05-08,776,828,09:46,753,09:13,812,98100株,78百万円,+106,+15.01,798.133円,523回,70.7億円
3418,2020-05-11,783,835,09:20,770,10:06,806,62600株,50百万円,-6,-0.74,796.524円,273回,70.2億円,05/01,0.0,82.3,－
3418,2020-05-12,821,821,09:01,801,09:11,808,21300株,17百万円,+2,+0.25,808.859円,98回,70.3億円,05/01,0.0,82.3,－
3418,2020-05-13,801,811,10:14,791,09:08,807,17000株,14百万円,-1,-0.12,804.394円,91回,70.2億円,05/01,0.0,82.3,－
3418,2020-05-14,810,810,09:00,774,14:34,777,21500株,17百万円,-30,-3.72,790.87円,82回,67.6億円,05/01,0.0,82.3,－
3418,2020-05-15,771,787,09:01,750,12:46,757,17900株,14百万円,-20,-2.57,765.268円,88回,65.9億円,05/01,0.0,82.3,－
3418,2020-05-18,770,797,13:05,769,09:07,790,22800株,18百万円,+33,+4.36,777.908円,115回,68.8億円,05/01,0.0,82.3,－
3418,2020-05-19,800,817,09:11,795,10:10,800,13800株,11百万円,+10,+1.27,804.167円,71回,69.6億円,05/01,0.0,82.3,－
3418,2020-05-20,791,809,12:30,791,09:00,808,6700株,5百万円,+8,+1.00,800.373円,44回,70.3億円,05/01,0.0,82.3,－
3418,2020-05-21,808,838,15:00,808,09:00,838,19600株,16百万円,+30,+3.71,821.464円,106回,72.9億円,05/15,0.2,47.0,235
3418,2020-05-22,849,907,12:48,849,09:00,905,47200株,42百万円,+67,+8.00,882.661円,229回,78.8億円,05/15,0.2,47.0,235
3418,2020-05-25,930,930,09:03,878,12:42,899,36500株,33百万円,-6,-0.66,903.252円,188回,78.2億円,05/15,0.2,47.0,235
3418,2020-05-26,916,975,10:49,911,09:12,945,49000株,46百万円,+46,+5.12,947.739円,211回,82.2億円,05/15,0.2,47.0,235
3418,2020-05-27,945,949,12:30,921,09:16,937,13200株,12百万円,-8,-0.85,937.53円,65回,81.6億円,05/22,0.4,55.5,138
3418,2020-05-28,939,949,10:18,919,13:29,929,18700株,17百万円,-8,-0.85,932.353円,117回,80.9億円,05/22,0.4,55.5,138
3418,2020-05-29,931,931,09:00,920,09:15,926,12500株,12百万円,-3,-0.32,925.968円,67回,80.6億円,05/22,0.4,55.5,138
3418,2020-06-01,915,924,14:53,893,09:26,924,18000株,16百万円,-2,-0.22,909.072円,90回,80.4億円,05/22,0.4,55.5,138
3418,2020-06-02,924,947,11:05,914,09:36,915,14500株,13百万円,-9,-0.97,929.572円,90回,79.6億円,05/22,0.4,55.5,138
3418,2020-06-03,917,929,09:16,912,10:34,917,12000株,11百万円,+2,+0.22,919.183円,78回,79.8億円,05/22,0.4,55.5,138
3418,2020-06-04,929,933,09:01,916,11:19,928,13700株,13百万円,+11,+1.20,923.701円,72回,80.8億円,05/29,0.2,52.4,262
3418,2020-06-05,930,943,12:53,918,10:40,935,11700株,11百万円,+7,+0.75,929.795円,82回,81.4億円,05/29,0.2,52.4,262
3418,2020-06-08,959,967,09:21,944,11:04,962,26100株,25百万円,+27,+2.89,958.889円,106回,83.7億円,05/29,0.2,52.4,262
3418,2020-06-09,971,990,09:24,966,09:58,985,22900株,22百万円,+23,+2.39,976.231円,108回,85.7億円,05/29,0.2,52.4,262
3418,2020-06-10,975,978,09:01,966,09:22,968,13700株,13百万円,-17,-1.73,972.241円,78回,84.3億円,06/05,0.0,48.7,－
3418,2020-06-11,980,982,09:00,928,13:23,945,25600株,24百万円,-23,-2.38,956.609円,156回,82.2億円,06/05,0.0,48.7,－
3418,2020-06-12,850,910,13:16,850,09:18,900,39600株,34百万円,-45,-4.76,870.874円,119回,78.3億円,06/05,0.0,48.7,－
3418,2020-06-15,885,909,10:19,870,14:53,870,16500株,15百万円,-30,-3.33,887.4円,81回,75.7億円,06/05,0.0,48.7,－
3418,2020-06-16,884,908,12:48,884,09:00,902,9800株,9百万円,+32,+3.68,899.357円,65回,78.5億円,06/05,0.0,48.7,－
3418,2020-06-17,911,911,09:00,889,11:00,900,8000株,7百万円,-2,-0.22,897.513円,49回,78.3億円,06/12,0.1,54.1,541
3418,2020-06-18,912,912,09:00,893,09:12,901,5500株,5百万円,+1,+0.11,900.982円,37回,78.4億円,06/12,0.1,54.1,541
3418,2020-06-19,904,922,15:00,903,09:11,922,9700株,9百万円,+21,+2.33,909.134円,42回,80.2億円,06/12,0.1,54.1,541
3418,2020-06-22,929,934,13:21,922,09:27,925,6100株,6百万円,+3,+0.33,928.541円,34回,80.5億円,06/12,0.1,54.1,541
3418,2020-06-23,934,965,15:00,931,10:22,965,14100株,13百万円,+40,+4.32,943.262円,68回,84.0億円,06/12,0.1,54.1,541
3418,2020-06-24,968,968,09:00,950,13:01,958,6800株,7百万円,-7,-0.73,957.941円,51回,83.4億円,06/19,0.0,50.6,－
3418,2020-06-25,949,949,09:00,927,11:12,934,9100株,9百万円,-24,-2.51,938.352円,58回,81.3億円,06/19,0.0,50.6,－
3418,2020-06-26,934,947,15:00,910,11:13,947,14400株,13百万円,+13,+1.39,925.319円,89回,82.4億円,06/19,0.0,50.6,－
