3440,2019-08-30,946,965,13:36,946,09:00,960,8700株,8百万円,+14,+1.48,952.655円,45回
3440,2019-09-02,955,955,09:00,941,09:32,944,7100株,7百万円,-16,-1.67,948.676円,36回
3440,2019-09-03,944,966,13:00,944,09:06,944,7700株,7百万円,0,0,951.48円,43回
3440,2019-09-03,946,950,09:01,935,13:16,937,7900株,7百万円,-7,-0.74,942.544円,31回
3440,2019-09-05,940,951,12:47,937,13:35,942,10400株,10百万円,+5,+0.53,945.058円,58回
3440,2019-09-05,944,949,09:02,934,15:00,934,7800株,7百万円,-8,-0.85,939.141円,35回
3440,2019-09-07,940,964,12:46,936,10:06,950,10300株,10百万円,+16,+1.71,949.456円,56回
3440,2019-09-10,951,955,13:06,942,09:41,949,9200株,9百万円,-1,-0.11,947.587円,38回
3440,2019-09-11,950,960,14:46,947,11:01,959,9200株,9百万円,+10,+1.05,951.565円,39回
3440,2019-09-12,958,969,12:53,950,10:23,967,22700株,22百万円,+8,+0.83,960.952円,95回
3440,2019-09-13,952,967,10:25,942,09:30,962,74200株,71百万円,-5,-0.52,952.286円,100回
3440,2019-09-17,977,977,09:01,963,09:36,976,15900株,15百万円,+14,+1.46,971.924円,63回
3440,2019-09-17,976,980,09:12,957,14:31,958,35500株,34百万円,-18,-1.84,971.321円,82回,70.51億円
3440,2019-09-19,963,972,09:59,958,12:36,965,7900株,8百万円,+7,+0.73,965.19円,37回,71.02億円
3440,2019-09-20,964,969,09:10,946,09:19,953,24700株,24百万円,-12,-1.24,954.211円,93回,70.14億円
3440,2019-09-24,972,991,14:59,956,09:44,983,58800株,57百万円,+30,+3.15,970.134円,217回,72.35億円
3440,2019-09-25,998,1009,14:27,978,09:17,1007,48100株,48百万円,+24,+2.44,995.075円,151回,74.12億円
3440,2019-09-26,1008,1017,11:01,1003,09:03,1008,27800株,28百万円,+1,+0.10,1010.363円,131回,74.19億円
3440,2019-09-27,1012,1012,09:00,981,12:30,988,32400株,32百万円,-20,-1.98,991.012円,144回,72.72億円
3440,2019-09-30,992,994,12:36,980,09:03,980,19400株,19百万円,-8,-0.81,985.222円,87回,72.13億円
3440,2019-10-01,980,994,14:59,977,12:46,993,9200株,9百万円,+13,+1.33,983.141円,46回,73.08億円
3440,2019-10-02,993,994,12:57,982,09:01,984,11200株,11百万円,-9,-0.91,989.027円,49回,72.42億円
3440,2019-10-03,980,984,09:03,965,10:19,972,17400株,17百万円,-12,-1.22,972.535円,75回,71.54億円
3440,2019-10-04,977,979,14:38,970,09:08,975,7600株,7百万円,+3,+0.31,974.197円,55回,71.76億円
3440,2019-10-07,988,988,09:00,975,09:21,976,17400株,17百万円,+1,+0.10,979.81円,71回,71.83億円
3440,2019-10-08,977,978,10:49,965,13:59,966,17200株,17百万円,-10,-1.02,970.273円,64回,71.10億円
3440,2019-10-09,964,969,09:28,943,11:24,947,32100株,31百万円,-19,-1.97,953.829円,118回,69.70億円
3440,2019-10-10,943,954,14:41,943,09:00,950,10200株,10百万円,+3,+0.32,946.578円,49回,69.92億円
3440,2019-10-11,950,961,10:20,948,09:00,955,14400株,14百万円,+5,+0.53,954.368円,67回,70.29億円
3440,2019-10-15,959,980,14:55,953,09:03,975,69000株,67百万円,+20,+2.09,967.414円,274回,71.76億円
3440,2019-10-16,840,895,09:30,834,09:25,856,220700株,188百万円,-119,-12.21,852.845円,614回,63.00億円
3440,2019-10-17,861,868,09:10,850,14:38,860,43400株,37百万円,+4,+0.47,859.855円,127回,63.30億円
3440,2019-10-18,857,860,09:12,832,14:00,836,54600株,46百万円,-24,-2.79,843.478円,194回,61.53億円
3440,2019-10-21,836,837,09:22,826,09:12,829,32600株,27百万円,-7,-0.84,831.052円,111回,61.01億円
3440,2019-10-23,835,840,09:05,821,14:03,829,40700株,34百万円,0,0,826.226円,140回,61.01億円
3440,2019-10-24,825,832,11:24,822,09:04,824,23800株,20百万円,-5,-0.60,825.025円,74回,60.65億円
3440,2019-10-25,823,829,11:07,820,15:00,820,18900株,16百万円,-4,-0.49,823.466円,71回,60.35億円
3440,2019-10-28,821,835,12:36,821,09:00,825,21000株,17百万円,+5,+0.61,827.89円,74回,60.72億円
3440,2019-10-29,830,835,10:33,826,09:08,827,10200株,8百万円,+2,+0.24,829.098円,43回,60.87億円
3440,2019-10-30,835,844,12:48,827,09:05,828,31200株,26百万円,+1,+0.12,833.795円,111回,60.94億円
3440,2019-10-31,830,843,13:42,830,09:00,837,17600株,15百万円,+9,+1.09,835.557円,58回,61.60億円
3440,2019-11-01,837,848,14:06,836,09:41,843,10500株,9百万円,+6,+0.72,841.876円,57回,62.04億円
3440,2019-11-05,850,855,13:54,842,09:12,849,16900株,14百万円,+6,+0.71,848.686円,65回,62.49億円
3440,2019-11-07,860,865,11:25,848,09:01,857,12700株,11百万円,+1,+0.12,859.339円,39回,63.08億円
3440,2019-11-08,863,863,09:00,846,14:29,847,11200株,10百万円,-10,-1.17,852.973円,58回,62.34億円
3440,2019-11-11,850,850,09:00,839,10:41,846,7700株,6百万円,-1,-0.12,843.883円,40回,62.27億円
3440,2019-11-12,854,854,09:00,835,12:39,838,15400株,13百万円,-8,-0.95,839.513円,65回,61.68億円
3440,2019-11-13,844,844,09:00,833,11:28,837,10600株,9百万円,-1,-0.12,836.151円,36回,61.60億円
3440,2019-11-14,831,835,10:34,824,09:30,835,14200株,12百万円,-2,-0.24,828.803円,51回,61.46億円
3440,2019-11-15,833,840,10:34,824,12:45,828,10900株,9百万円,-7,-0.84,829.165円,42回,60.94億円
3440,2019-11-18,833,834,09:36,826,13:57,826,16900株,14百万円,-2,-0.24,828.302円,51回,60.79億円
3440,2019-11-19,826,834,14:51,826,09:00,834,6600株,5百万円,+8,+0.97,828.818円,21回,61.38億円
3440,2019-11-20,834,838,13:00,830,09:34,831,7200株,6百万円,-3,-0.36,833.708円,35回,61.16億円
3440,2019-11-21,827,835,14:42,826,10:33,829,15900株,13百万円,-2,-0.24,828.887円,35回,61.01億円
3440,2019-11-22,827,835,10:19,827,09:00,830,5500株,5百万円,+1,+0.12,831.727円,25回,61.09億円
3440,2019-11-25,830,834,13:01,829,09:09,834,8000株,7百万円,+4,+0.48,831.463円,43回,61.38億円
3440,2019-11-26,835,835,09:00,831,10:50,831,12500株,10百万円,-3,-0.36,834.24円,18回,61.16億円
3440,2019-11-27,831,836,09:00,823,10:09,825,15600株,13百万円,-6,-0.72,828.237円,47回,60.72億円
3440,2019-11-28,830,830,09:00,821,09:52,823,19500株,16百万円,-2,-0.24,824.359円,52回,60.57億円
3440,2019-11-29,830,831,10:23,825,09:27,830,3900株,3百万円,+7,+0.85,829.103円,16回,61.09億円
3440,2019-12-02,829,830,09:03,825,09:24,827,9400株,8百万円,-3,-0.36,826.245円,34回,60.87億円
3440,2019-12-03,824,835,14:28,824,09:00,829,11300株,9百万円,+2,+0.24,830.372円,30回,61.01億円
3440,2019-12-05,836,836,09:00,828,14:27,831,18100株,15百万円,-5,-0.60,831.807円,57回,61.16億円
3440,2019-12-06,830,839,14:59,828,10:21,839,7500株,6百万円,+8,+0.96,833.947円,29回,61.75億円
3440,2019-12-09,841,843,09:58,832,10:59,837,25700株,22百万円,-2,-0.24,837.693円,46回,61.60億円
3440,2019-12-10,835,837,09:52,831,14:30,835,7800株,7百万円,-2,-0.24,833.756円,27回,61.46億円
3440,2019-12-13,838,841,09:27,831,11:17,839,18100株,15百万円,+1,+0.12,833.961円,64回,61.75億円
3440,2019-12-16,842,843,09:04,825,14:52,826,21600株,18百万円,-13,-1.55,831.602円,72回,60.79億円
3440,2019-12-17,827,831,09:58,823,10:46,827,13300株,11百万円,+1,+0.12,826.293円,38回,60.87億円
3440,2019-12-18,828,830,10:58,826,13:24,827,10700株,9百万円,0,0,828.131円,44回,60.87億円
3440,2019-12-19,827,832,15:00,823,11:29,832,23300株,19百万円,+5,+0.60,826.124円,94回,61.24億円
3440,2019-12-20,833,833,09:00,823,09:29,824,28300株,23百万円,-8,-0.96,824.526円,61回,60.65億円
3440,2019-12-23,824,827,11:04,818,09:11,819,32900株,27百万円,-5,-0.61,821.103円,83回,60.28億円
3440,2019-12-24,818,820,09:39,812,14:41,812,51900株,42百万円,-7,-0.85,816.574円,128回,59.76億円
3440,2019-12-25,812,815,09:45,801,14:59,801,69700株,56百万円,-11,-1.35,808.212円,147回,58.95億円
3440,2019-12-26,802,822,15:00,801,09:00,822,60400株,49百万円,+21,+2.62,804.753円,143回,60.50億円
3440,2019-12-27,818,820,14:08,810,09:53,812,23900株,19百万円,-10,-1.22,815.423円,87回,59.76億円
3440,2019-12-30,817,831,14:08,812,09:00,827,27600株,23百万円,+15,+1.85,818.942円,99回,60.87億円
3440,2020-01-06,826,826,09:00,814,13:28,822,9700株,8百万円,-5,-0.60,819.814円,48回,60.50億円
3440,2020-01-07,818,824,11:19,814,14:56,818,9400株,8百万円,-4,-0.49,817.277円,57回,60.20億円
3440,2020-01-08,818,818,09:00,806,09:55,810,13900株,11百万円,-8,-0.98,810.647円,51回,59.62億円
3440,2020-01-09,818,818,09:00,802,09:23,811,16100株,13百万円,+1,+0.12,809.882円,51回,59.69億円
3440,2020-01-10,815,816,12:57,811,09:33,813,6200株,5百万円,+2,+0.25,812.823円,28回,59.84億円
3440,2020-01-14,814,830,12:45,814,09:00,822,40900株,33百万円,+9,+1.11,818.692円,73回,60.50億円
3440,2020-01-15,807,819,09:48,807,09:01,809,46600株,38百万円,-13,-1.58,809.277円,66回,59.54億円
3440,2020-01-16,812,817,09:24,802,12:41,802,19400株,16百万円,-7,-0.87,806.49円,48回,59.03億円
3440,2020-01-17,807,813,09:18,805,14:46,805,10600株,9百万円,+3,+0.37,808.896円,33回,59.25億円
3440,2020-01-20,807,811,13:52,804,10:46,809,9700株,8百万円,+4,+0.50,806.588円,47回,59.54億円
3440,2020-01-21,810,816,09:24,810,09:00,813,10400株,8百万円,+4,+0.49,811.096円,25回,59.84億円
3440,2020-01-22,813,816,13:50,805,09:57,809,27800株,22百万円,-4,-0.49,808.101円,46回,59.54億円
3440,2020-01-23,810,811,09:27,804,13:27,807,14500株,12百万円,-2,-0.25,806.297円,23回,59.40億円
3440,2020-01-24,808,808,09:00,791,10:41,793,45200株,36百万円,-14,-1.73,796.272円,86回,58.36億円
3440,2020-01-27,795,795,09:00,778,09:15,780,26400株,21百万円,-13,-1.64,786.515円,70回,57.41億円
3440,2020-01-28,779,790,14:56,771,10:39,789,29100株,23百万円,+9,+1.15,781.079円,60回,58.07億円
3440,2020-01-29,790,790,09:00,786,11:17,789,11400株,9百万円,0,0,789.649円,17回,58.1億円
3440,2020-01-30,791,791,09:29,751,12:43,758,46200株,35百万円,-31,-3.93,768.169円,95回,55.8億円
3440,2020-01-31,756,766,14:58,756,09:00,761,8300株,6百万円,+3,+0.40,759.843円,28回,56.0億円
3440,2020-02-03,757,761,12:34,750,09:09,760,12000株,9百万円,-1,-0.13,755.258円,24回,55.9億円
3440,2020-02-04,757,769,09:00,753,11:24,758,13600株,10百万円,-2,-0.26,759.257円,42回,55.8億円
3440,2020-02-05,759,768,09:08,759,09:00,766,4300株,3百万円,+8,+1.06,762.163円,17回,56.4億円
3440,2020-02-06,766,769,09:22,761,14:03,765,7600株,6百万円,-1,-0.13,764.908円,31回,56.3億円
3440,2020-02-07,765,779,14:56,765,09:00,775,2800株,2百万円,+10,+1.31,770.679円,21回,57.0億円
3440,2020-02-10,777,789,10:16,759,14:59,759,30600株,24百万円,-16,-2.06,773.908円,75回,55.9億円
3440,2020-02-12,768,768,09:00,758,10:17,765,7300株,6百万円,+6,+0.79,762.685円,32回,56.3億円
3440,2020-02-13,774,774,09:00,759,11:21,762,2800株,2百万円,-3,-0.39,763.071円,14回,56.1億円
3440,2020-02-14,759,766,12:32,757,14:21,757,8100株,6百万円,-5,-0.66,759.383円,27回,55.7億円
3440,2020-02-17,753,762,09:01,748,12:32,749,12000株,9百万円,-8,-1.06,752.858円,38回,55.1億円
3440,2020-02-17,749,750,09:41,738,12:57,739,13800株,10百万円,-10,-1.34,743円,65回,54.4億円
3440,2020-02-18,760,766,09:03,753,12:47,753,9200株,7百万円,+14,+1.89,758.946円,38回,55.4億円
3440,2020-02-20,770,770,09:03,760,12:53,765,8500株,7百万円,+12,+1.59,764.788円,25回,56.3億円
3440,2020-02-21,770,770,09:00,763,12:30,767,6000株,5百万円,+2,+0.26,767.65円,14回,56.5億円
3440,2020-02-25,750,753,09:55,744,14:17,744,16600株,12百万円,-23,-3.00,748.831円,53回,54.8億円
3440,2020-02-26,744,744,09:00,723,14:00,728,26900株,20百万円,-16,-2.15,733.431円,87回,53.6億円
3440,2020-02-27,749,749,09:03,686,14:13,698,29000株,21百万円,-30,-4.12,711.355円,120回,51.4億円
3440,2020-02-28,667,671,09:10,632,14:29,635,57300株,37百万円,-63,-9.03,653.478円,165回,46.7億円
3440,2020-03-02,622,674,12:42,622,09:03,659,23400株,15百万円,+24,+3.78,645.607円,69回,48.5億円
3440,2020-03-03,660,668,09:08,658,15:00,658,9500株,6百万円,-1,-0.15,659.926円,19回,48.4億円
3440,2020-03-04,668,670,13:25,660,09:05,660,14800株,10百万円,+2,+0.30,666.716円,31回,48.6億円
3440,2020-03-05,680,682,09:56,671,14:15,671,4000株,3百万円,+11,+1.67,678.725円,20回,49.4億円
3440,2020-03-06,682,682,09:03,637,14:59,637,35900株,24百万円,-34,-5.07,657.189円,50回,46.9億円
3440,2020-03-06,630,630,09:00,597,12:47,598,26200株,16百万円,-39,-6.12,609.992円,77回,44.0億円
3440,2020-03-10,578,588,13:54,559,11:07,584,33300株,19百万円,-14,-2.34,571.982円,86回,43.0億円
3440,2020-03-11,602,608,13:39,590,13:30,590,5500株,3百万円,+6,+1.03,595.691円,20回,43.4億円
3440,2020-03-12,590,594,10:10,546,14:06,555,44200株,25百万円,-35,-5.93,559.301円,85回,40.9億円
3440,2020-03-13,500,520,10:34,477,12:44,516,63200株,31百万円,-39,-7.03,496.082円,129回,38.0億円
3440,2020-03-16,521,538,10:06,500,09:21,533,11100株,6百万円,+17,+3.29,520.712円,46回,39.2億円
3440,2020-03-17,506,530,14:13,506,09:06,514,11300株,6百万円,-19,-3.56,512.106円,38回,37.8億円
3440,2020-03-18,520,529,12:44,517,10:07,521,7200株,4百万円,+7,+1.36,522.875円,20回,38.4億円
3440,2020-03-19,529,529,09:00,488,12:38,494,15600株,8百万円,-27,-5.18,503.359円,50回,36.4億円
3440,2020-03-23,499,505,14:46,479,11:14,495,25600株,13百万円,+1,+0.20,493.309円,55回,36.4億円
3440,2020-03-24,496,515,14:59,496,09:00,515,6900株,3百万円,+20,+4.04,506.101円,27回,37.9億円
3440,2020-03-25,535,547,15:00,535,09:03,547,6700株,4百万円,+32,+6.21,540.03円,35回,40.3億円
3440,2020-03-26,557,557,09:01,546,09:54,547,5000株,3百万円,0,0,553.14円,20回,40.3億円
3440,2020-03-27,540,555,09:18,525,15:00,525,4500株,2百万円,-22,-4.02,537.8円,25回,38.6億円
3440,2020-03-30,525,531,09:01,490,09:42,500,35900株,18百万円,-25,-4.76,503.49円,58回,36.8億円
3440,2020-03-31,508,527,13:42,500,10:00,526,6700株,3百万円,+26,+5.20,502.866円,26回,38.7億円
3440,2020-04-01,530,530,09:00,493,14:56,493,16100株,8百万円,-33,-6.27,501.658円,49回,36.3億円
3440,2020-04-02,507,507,09:03,476,14:59,476,39200株,19百万円,-17,-3.45,482.992円,71回,35.0億円
3440,2020-04-03,488,488,09:03,437,14:59,460,102000株,47百万円,-16,-3.36,455.984円,138回,33.9億円
3440,2020-04-06,464,470,14:59,453,09:14,470,12100株,6百万円,+10,+2.17,458.463円,54回,34.6億円
3440,2020-04-07,480,488,09:43,471,09:07,476,27700株,13百万円,+6,+1.28,479.163円,68回,35.0億円
3440,2020-04-08,490,490,09:03,475,09:16,485,10900株,5百万円,+9,+1.89,483.422円,35回,35.7億円
3440,2020-04-09,495,527,13:38,495,09:03,515,30700株,16百万円,+30,+6.19,511.27円,90回,37.9億円
3440,2020-04-10,518,530,13:51,518,09:00,525,6100株,3百万円,+10,+1.94,523.508円,47回,38.6億円
3440,2020-04-13,545,545,09:03,531,13:10,535,14100株,8百万円,+10,+1.90,539.844円,53回,39.4億円
3440,2020-04-14,540,557,14:48,538,09:47,550,21100株,12百万円,+15,+2.80,548.256円,66回,40.5億円
3440,2020-04-15,520,520,09:06,486,09:28,487,94200株,47百万円,-63,-11.45,500.895円,206回,35.8億円
3440,2020-04-16,505,505,09:06,491,14:59,495,12300株,6百万円,+8,+1.64,498.48円,45回,36.4億円
3440,2020-04-17,500,501,10:24,491,09:20,495,14000株,7百万円,0,0,498.707円,34回,36.4億円
3440,2020-04-20,500,505,14:34,495,11:10,503,11600株,6百万円,+8,+1.62,500.112円,35回,37.0億円
3440,2020-04-21,503,507,09:17,493,12:58,499,4700株,2百万円,-4,-0.80,500.128円,16回,36.7億円
3440,2020-04-22,495,517,09:42,494,09:15,507,20600株,10百万円,+8,+1.60,504.607円,53回,37.3億円
3440,2020-04-23,501,513,14:10,498,12:30,513,9100株,5百万円,+6,+1.18,506.527円,24回,37.8億円
3440,2020-04-24,503,504,09:51,498,09:42,503,5500株,3百万円,-10,-1.95,501.182円,19回,37.0億円
3440,2020-04-27,516,520,09:12,505,13:26,510,4800株,2百万円,+7,+1.39,513.062円,14回,37.5億円
3440,2020-04-28,516,520,09:15,509,10:18,517,6100株,3百万円,+7,+1.37,514.656円,26回,38.1億円
3440,2020-04-30,523,530,14:53,521,10:18,524,6700株,4百万円,+7,+1.35,524.567円,35回,38.6億円
3440,2020-05-01,525,526,09:24,510,11:19,518,6100株,3百万円,-6,-1.15,519.869円,20回,38.1億円
3440,2020-05-07,508,515,10:36,507,14:58,515,9000株,5百万円,-3,-0.58,510.244円,24回,37.9億円
3440,2020-05-08,514,518,14:15,510,09:31,518,3700株,2百万円,+3,+0.58,512.946円,16回,38.1億円
3440,2020-05-11,514,531,12:30,514,09:00,525,5200株,3百万円,+7,+1.35,522.846円,19回,38.6億円,04/24,0.0,106.5,－
3440,2020-05-12,529,531,09:20,526,11:07,528,3300株,2百万円,+3,+0.57,529.061円,13回,38.9億円,05/01,0.0,108.6,－
3440,2020-05-13,538,541,13:52,529,09:33,540,3300株,2百万円,+12,+2.27,534.818円,13回,39.7億円,05/01,0.0,108.6,－
3440,2020-05-14,540,540,09:00,528,14:33,530,2800株,1百万円,-10,-1.85,533.607円,18回,39.0億円,05/01,0.0,108.6,－
3440,2020-05-15,531,556,10:07,531,09:00,542,3900株,2百万円,+12,+2.26,546.026円,23回,39.9億円,05/01,0.0,108.6,－
3440,2020-05-18,552,552,09:01,544,09:11,547,2400株,1百万円,+5,+0.92,547.75円,18回,40.3億円,05/01,0.0,108.6,－
3440,2020-05-19,556,567,13:58,555,12:53,565,17800株,10百万円,+18,+3.29,560.275円,58回,41.6億円,05/01,0.0,108.6,－
3440,2020-05-20,568,590,14:59,568,09:00,590,11700株,7百万円,+25,+4.42,583.094円,40回,43.4億円,05/01,0.0,108.6,－
3440,2020-05-21,590,593,10:04,579,11:05,587,16000株,9百万円,-3,-0.51,584.094円,30回,43.2億円,05/15,0.0,104.0,－
3440,2020-05-22,579,586,14:59,571,09:30,586,2900株,2百万円,-1,-0.17,577.483円,15回,43.1億円,05/15,0.0,104.0,－
