3479,2019-08-06,5180,5310,09:08,5090,12:51,5260,101200株,526百万円,+80,+1.54,5198.715円,540回
3479,2019-08-06,5160,5230,10:54,5050,09:16,5180,112900株,584百万円,-80,-1.52,5168.45円,627回
3479,2019-08-07,5300,5510,14:55,5300,09:03,5510,150300株,813百万円,+330,+6.37,5408.989円,734回
3479,2019-08-08,5460,5610,14:55,5370,09:09,5570,107700株,593百万円,+60,+1.09,5505.135円,610回
3479,2019-08-09,5610,5690,10:58,5570,09:47,5600,77100株,434百万円,+30,+0.54,5624.034円,401回
3479,2019-08-13,5500,5650,09:04,5470,09:46,5600,94200株,526百万円,0,0,5583.142円,526回
3479,2019-08-14,5650,5760,10:12,5640,09:00,5680,94900株,541百万円,+80,+1.43,5699.789円,563回
3479,2019-08-15,5530,5640,09:21,5530,09:03,5580,132000株,738百万円,-100,-1.76,5587.22円,707回
3479,2019-08-16,5570,5630,14:58,5540,09:12,5600,73000株,408百万円,+20,+0.36,5586.685円,433回
3479,2019-08-19,5750,5840,09:04,5600,14:59,5600,142300株,805百万円,0,0,5656.479円,748回
3479,2019-08-20,5560,5620,11:00,5480,09:23,5600,102300株,570百万円,0,0,5573.92円,620回
3479,2019-08-21,5510,5720,14:59,5460,09:02,5700,87100株,489百万円,+100,+1.79,5611.584円,493回
3479,2019-08-22,5690,5710,09:01,5630,09:23,5680,62700株,356百万円,-20,-0.35,5673.493円,373回
3479,2019-08-23,5630,5710,10:27,5600,09:00,5640,95900株,542百万円,-40,-0.70,5651.929円,472回
3479,2019-08-26,5570,5670,12:38,5560,09:00,5630,62000株,348百万円,-10,-0.18,5618円,340回
3479,2019-08-26,5670,5680,09:02,5600,13:20,5640,48900株,275百万円,+10,+0.18,5633.722円,278回
3479,2019-08-28,5580,5630,09:54,5530,12:30,5550,69200株,385百万円,-90,-1.60,5564.017円,371回
3479,2019-08-29,5510,5570,09:05,5270,12:42,5310,114500株,617百万円,-240,-4.32,5386.131円,607回
3479,2019-08-30,5320,5380,09:01,5280,09:12,5340,77700株,415百万円,+30,+0.56,5335.856円,491回
3479,2019-09-02,5380,5610,13:14,5350,14:51,5400,128700株,708百万円,+60,+1.12,5501.119円,728回
3479,2019-09-03,5480,5490,09:00,5280,14:39,5280,41300株,221百万円,-120,-2.22,5354.988円,242回
3479,2019-09-03,5280,5290,09:00,5070,09:49,5100,93100株,480百万円,-180,-3.41,5150.87円,590回
3479,2019-09-05,5110,5200,14:54,5010,09:12,5160,124100株,634百万円,+60,+1.18,5110.943円,604回
3479,2019-09-05,5250,5370,10:27,5240,09:01,5310,71000株,378百万円,+150,+2.91,5323.099円,400回
3479,2019-09-07,5110,5340,11:30,5090,09:04,5190,77900株,406百万円,-120,-2.26,5215.52円,426回
3479,2019-09-10,5200,5350,13:00,5150,09:06,5200,58100株,304百万円,+10,+0.19,5230.447円,408回
3479,2019-09-11,5160,5200,09:01,5000,13:52,5010,118000株,596百万円,-190,-3.65,5052.619円,653回
3479,2019-09-12,5000,5030,09:02,4735,12:35,4800,210500株,1019百万円,-210,-4.19,4840.435円,1168回
3479,2019-09-13,4800,4930,10:52,4795,09:00,4900,72500株,354百万円,+100,+2.08,4876.503円,401回
3479,2019-09-17,4830,4915,14:39,4790,09:16,4880,119500株,581百万円,-20,-0.41,4863.088円,706回
3479,2019-09-17,4880,5020,10:19,4880,09:00,4950,144500株,715百万円,+70,+1.43,4948.432円,723回,1643.52億円
3479,2019-09-19,4700,4990,09:11,4685,12:35,4750,249500株,1192百万円,-200,-4.04,4778.95円,1259回,1577.11億円
3479,2019-09-20,4830,5100,14:31,4830,09:03,5100,135800株,680百万円,+350,+7.37,5009.227円,643回,1693.32億円
3479,2019-09-24,5140,5430,10:41,5140,09:00,5360,152400株,813百万円,+260,+5.10,5333.747円,844回,1779.65億円
3479,2019-09-25,5300,5350,09:25,5220,09:00,5260,56500株,299百万円,-100,-1.87,5289.044円,354回,1746.45億円
3479,2019-09-26,5260,5530,10:58,5260,09:00,5430,134900株,736百万円,+170,+3.23,5454.663円,769回,1802.89億円
3479,2019-09-27,5400,5520,09:25,5280,09:08,5320,141000株,755百万円,-110,-2.03,5355.965円,877回,1766.37億円
3479,2019-09-30,5310,5310,09:00,5120,13:29,5280,167200株,871百万円,-40,-0.75,5211.28円,857回,1753.09億円
3479,2019-10-01,5160,5220,09:04,5100,09:58,5110,257800株,1321百万円,-170,-3.22,5124.891円,846回,1696.64億円
3479,2019-10-02,5110,5150,09:00,5100,09:00,5100,240400株,1229百万円,-10,-0.20,5110.616円,836回,1693.32億円
3479,2019-10-03,5010,5120,09:22,4880,14:43,4910,176800株,882百万円,-190,-3.73,4989.313円,797回,1630.24億円
3479,2019-10-04,4850,5000,13:27,4750,09:07,4975,205100株,1007百万円,+65,+1.32,4908.742円,835回,1651.82億円
3479,2019-10-07,4975,5150,10:28,4955,09:11,5070,169300株,859百万円,+95,+1.91,5070.916円,586回,1683.36億円
3479,2019-10-08,4975,5080,09:34,4945,09:02,5000,533500株,2675百万円,-70,-1.38,5014.402円,1347回,1874.25億円
3479,2019-10-09,4995,5030,09:25,4885,12:50,4950,218200株,1080百万円,-50,-1.00,4948.318円,851回,1855.51億円
3479,2019-10-10,4910,4940,09:00,4810,09:38,4820,224500株,1090百万円,-130,-2.63,4856.37円,996回,1806.78億円
3479,2019-10-11,4845,4885,10:04,4780,14:53,4780,186200株,897百万円,-40,-0.83,4816.3円,774回,1791.79億円
3479,2019-10-15,4790,4935,14:25,4765,09:01,4895,178800株,867百万円,+115,+2.41,4849.986円,715回,1834.90億円
3479,2019-10-16,4925,4990,09:00,4725,14:28,4730,376600株,1807百万円,-165,-3.37,4797.874円,1417回,1773.05億円
3479,2019-10-17,4730,4750,09:08,4705,14:59,4715,103700株,489百万円,-15,-0.32,4720.005円,398回,1767.42億円
3479,2019-10-18,4700,4800,13:43,4545,10:21,4730,299100株,1398百万円,+15,+0.32,4675.583円,1139回,1774.44億円
3479,2019-10-21,4730,4860,13:11,4725,09:00,4810,185400株,891百万円,+80,+1.69,4803.517円,770回,1804.46億円
3479,2019-10-23,4790,4800,09:00,4685,09:08,4765,193100株,913百万円,-45,-0.94,4725.728円,887回,1787.57億円
3479,2019-10-24,4780,4865,14:57,4725,10:07,4860,180500株,868百万円,+95,+1.99,4809.837円,964回,1823.21億円
3479,2019-10-25,4855,4875,10:46,4775,09:04,4855,152200株,736百万円,-5,-0.10,4836.012円,756回,1821.34億円
3479,2019-10-28,4955,4985,09:10,4905,09:48,4930,266300株,1317百万円,+75,+1.54,4946.91円,1174回,1849.47億円
3479,2019-10-29,4925,4925,09:00,4800,09:02,4840,141400株,686百万円,-90,-1.83,4854.399円,634回,1815.71億円
3479,2019-10-30,4850,4860,09:09,4705,13:28,4720,185800株,885百万円,-120,-2.48,4764.871円,721回,1770.69億円
3479,2019-10-31,4710,4800,10:55,4705,09:01,4755,137000株,650百万円,+35,+0.74,4747.905円,753回,1783.82億円
3479,2019-11-01,4760,4810,12:34,4735,09:00,4755,77500株,370百万円,0,0,4770.129円,380回,1783.82億円
3479,2019-11-05,4845,4875,11:28,4755,09:15,4845,123600株,598百万円,+90,+1.89,4835.36円,530回,1817.59億円
3479,2019-11-07,4670,4710,09:52,4630,09:06,4660,98200株,458百万円,-10,-0.21,4664.47円,404回,1773.28億円
3479,2019-11-08,4665,4730,09:00,4655,09:05,4670,160700株,753百万円,+10,+0.21,4688.422円,712回,1777.09億円
3479,2019-11-11,4635,4720,12:39,4635,09:00,4680,113100株,530百万円,+10,+0.21,4681.848円,523回,1780.89億円
3479,2019-11-12,4715,4715,09:00,4625,13:45,4640,97800株,456百万円,-40,-0.85,4657.945円,366回,1765.67億円
3479,2019-11-13,4640,4675,09:16,4595,11:09,4655,95800株,445百万円,+15,+0.32,4641.795円,373回,1771.38億円
3479,2019-11-14,4650,4710,12:59,4640,09:00,4685,118600株,555百万円,+30,+0.64,4679.237円,511回,1782.80億円
3479,2019-11-15,4685,4760,14:20,4675,09:24,4760,92500株,438百万円,+75,+1.60,4732.492円,466回,1811.34億円
3479,2019-11-18,4765,4795,09:01,4720,14:59,4720,55900株,266百万円,-40,-0.84,4753.318円,267回,1796.11億円
3479,2019-11-19,4710,4735,09:15,4615,12:30,4680,103300株,481百万円,-40,-0.85,4653.485円,396回,1780.89億円
3479,2019-11-20,4650,4750,09:18,4650,09:00,4735,102000株,482百万円,+55,+1.18,4722.289円,442回,1801.82億円
3479,2019-11-21,4730,4805,14:58,4675,10:24,4800,98900株,470百万円,+65,+1.37,4750.647円,474回,1826.56億円
3479,2019-11-22,4800,4890,12:35,4765,09:02,4890,127300株,617百万円,+90,+1.88,4850.263円,426回,1860.81億円
3479,2019-11-25,4935,4950,09:01,4810,14:42,4845,146400株,713百万円,-45,-0.92,4867.688円,569回,1843.68億円
3479,2019-11-26,4850,4860,09:01,4785,09:10,4855,129900株,627百万円,+10,+0.21,4825.239円,404回,1847.49億円
3479,2019-11-27,4810,4890,12:34,4775,09:04,4845,120100株,581百万円,-10,-0.21,4838.639円,485回,1843.68億円
3479,2019-11-28,4845,4895,12:33,4800,10:05,4870,90400株,439百万円,+25,+0.52,4860.415円,376回,1853.19億円
3479,2019-11-29,4835,4855,09:02,4725,12:39,4780,122300株,585百万円,-90,-1.85,4779.82円,534回,1818.95億円
3479,2019-12-02,4765,4790,09:01,4680,13:12,4685,119800株,565百万円,-95,-1.99,4718.402円,461回,1782.80億円
3479,2019-12-03,4645,4715,10:01,4620,13:52,4640,88800株,413百万円,-45,-0.96,4652.748円,279回,1765.67億円
3479,2019-12-05,4580,4590,09:00,4475,14:44,4480,125800株,568百万円,-95,-2.08,4517.587円,428回,1704.79億円
3479,2019-12-06,4470,4470,09:00,4230,13:44,4300,246500株,1068百万円,-180,-4.02,4331.217円,944回,1636.29億円
3479,2019-12-09,4350,4470,13:48,4290,09:03,4425,132000株,581百万円,+125,+2.91,4399.561円,618回,1683.86億円
3479,2019-12-10,4470,4530,10:15,4450,09:01,4485,86000株,387百万円,+60,+1.36,4496.488円,330回,1706.69億円
3479,2019-12-13,4380,4385,09:00,4290,14:44,4305,137800株,598百万円,-60,-1.37,4339.575円,508回,1638.19億円
