3556,2019-08-06,1018,1030,14:59,990,10:40,1030,194100株,195百万円,+32,+3.21,1005.558円,710回
3556,2019-08-06,975,1036,12:47,963,09:03,1022,248800株,250百万円,-8,-0.78,1003.906円,772回
3556,2019-08-07,1024,1025,09:00,996,11:17,998,223900株,226百万円,-24,-2.35,1007.147円,705回
3556,2019-08-08,1005,1020,12:46,980,10:24,987,285000株,284百万円,-11,-1.10,995.113円,928回
3556,2019-08-09,989,993,09:09,924,14:49,930,674000株,640百万円,-57,-5.78,949.705円,2093回
3556,2019-08-13,931,985,14:59,926,09:43,985,477900株,453百万円,+55,+5.91,948.799円,1749回
3556,2019-08-14,1050,1052,09:06,890,09:31,914,1343300株,1260百万円,-71,-7.21,937.973円,4293回
3556,2019-08-15,873,885,09:08,812,14:59,812,898000株,757百万円,-102,-11.16,842.601円,2444回
3556,2019-08-16,813,836,10:12,800,09:13,804,491400株,401百万円,-8,-0.99,815.497円,1532回
3556,2019-08-19,805,830,09:56,793,09:01,817,247800株,201百万円,+13,+1.62,812.887円,872回
3556,2019-08-20,811,838,13:53,803,09:12,826,472200株,389百万円,+9,+1.10,823.413円,1588回
3556,2019-08-21,839,872,09:56,835,09:00,854,389100株,332百万円,+28,+3.39,853.11円,1373回
3556,2019-08-22,854,899,14:04,842,09:04,892,388600株,338百万円,+38,+4.45,868.588円,1267回
3556,2019-08-23,877,885,09:00,853,09:06,860,247800株,215百万円,-32,-3.59,866.651円,784回
3556,2019-08-26,830,860,12:55,825,09:04,834,239100株,201百万円,-26,-3.02,842.082円,783回
3556,2019-08-26,852,876,10:33,835,14:50,836,171600株,146百万円,+2,+0.24,853.641円,525回
3556,2019-08-28,838,847,09:05,815,14:33,815,159800株,132百万円,-21,-2.51,823.865円,478回
3556,2019-08-29,806,833,10:14,803,13:58,810,181100株,148百万円,-5,-0.61,815.094円,630回
3556,2019-08-30,815,842,12:56,810,09:00,839,158100株,131百万円,+29,+3.58,828.956円,465回
3556,2019-09-02,832,832,09:00,812,14:41,815,137000株,112百万円,-24,-2.86,819.787円,426回
3556,2019-09-03,811,811,09:00,786,09:19,789,324200株,258百万円,-26,-3.19,795.667円,1000回
3556,2019-09-03,787,789,09:00,752,14:58,756,335300株,256百万円,-33,-4.18,764.634円,936回
3556,2019-09-05,758,803,12:48,758,09:00,787,228700株,179百万円,+31,+4.10,784.575円,670回
3556,2019-09-05,802,823,14:10,793,09:19,816,161200株,131百万円,+29,+3.68,810.123円,454回
3556,2019-09-07,813,847,09:51,810,09:01,842,101800株,85百万円,+26,+3.19,836.071円,356回
3556,2019-09-10,849,860,09:46,828,14:17,830,149000株,126百万円,-12,-1.43,843.649円,485回
3556,2019-09-11,831,855,10:25,825,09:03,852,93100株,79百万円,+22,+2.65,847.035円,330回
3556,2019-09-12,854,860,12:52,845,09:02,847,99400株,85百万円,-5,-0.59,852.212円,353回
3556,2019-09-13,850,893,10:44,840,09:10,862,213400株,184百万円,+15,+1.77,864.178円,665回
3556,2019-09-17,851,897,14:02,847,09:00,890,209800株,185百万円,+28,+3.25,879.678円,657回
3556,2019-09-17,899,930,10:34,871,14:50,872,359800株,325百万円,-18,-2.02,902.708円,1279回,90.73億円
3556,2019-09-19,880,912,09:08,865,12:35,873,183200株,162百万円,+1,+0.11,882.196円,608回,90.83億円
3556,2019-09-20,875,897,15:00,855,10:01,897,150000株,132百万円,+24,+2.75,878.644円,546回,93.38億円
3556,2019-09-24,900,924,09:20,892,15:00,892,163400株,148百万円,-5,-0.56,907.538円,586回,92.86億円
3556,2019-09-25,885,898,12:51,875,09:00,885,71500株,63百万円,-7,-0.78,882.898円,253回,92.13億円
3556,2019-09-26,886,905,09:35,882,09:00,886,65400株,58百万円,+1,+0.11,891.89円,288回,92.24億円
3556,2019-09-27,895,895,09:00,871,12:39,871,87800株,77百万円,-15,-1.69,877.566円,308回,90.68億円
3556,2019-09-30,867,880,14:42,848,13:21,875,98100株,85百万円,+4,+0.46,861.953円,339回,91.09億円
3556,2019-10-01,881,881,09:00,844,12:30,850,170200株,145百万円,-25,-2.86,853.25円,527回,88.49億円
3556,2019-10-02,842,848,09:00,795,11:18,803,695700株,565百万円,-47,-5.53,811.687円,1652回,83.60億円
3556,2019-10-03,779,787,09:13,762,12:41,769,442600株,342百万円,-34,-4.23,772.729円,1138回,80.06億円
3556,2019-10-04,770,790,14:17,765,09:04,774,244200株,190百万円,+5,+0.65,776.365円,686回,80.58億円
3556,2019-10-07,780,788,09:09,765,10:14,769,118500株,92百万円,-5,-0.65,773.395円,280回,80.06億円
3556,2019-10-08,770,785,13:14,768,10:07,783,82700株,64百万円,+14,+1.82,776.894円,266回,81.51億円
3556,2019-10-09,776,776,09:00,760,09:00,769,152500株,117百万円,-14,-1.79,768.216円,562回,80.06億円
3556,2019-10-10,767,779,10:07,761,09:00,766,124200株,96百万円,-3,-0.39,771.364円,468回,79.74億円
3556,2019-10-11,766,774,09:08,757,14:48,763,122000株,93百万円,-3,-0.39,763.997円,340回,79.43億円
3556,2019-10-15,766,774,09:08,755,09:54,767,97600株,74百万円,+4,+0.52,762.593円,319回,79.85億円
3556,2019-10-16,760,769,10:16,754,09:04,755,170400株,130百万円,-12,-1.56,760.279円,529回,78.60億円
3556,2019-10-17,751,763,12:52,740,09:33,753,240700株,181百万円,-2,-0.26,750.045円,778回,78.39億円
3556,2019-10-18,746,770,09:17,746,09:00,755,165200株,126百万円,+2,+0.27,759.819円,684回,78.60億円
3556,2019-10-21,763,785,10:33,752,09:01,780,178200株,138百万円,+25,+3.31,775.842円,498回,81.20億円
3556,2019-10-23,794,797,10:13,775,09:17,795,139100株,110百万円,+15,+1.92,791.485円,535回,82.76億円
3556,2019-10-24,803,804,09:12,777,14:27,783,168700株,134百万円,-12,-1.51,792.762円,619回,81.51億円
3556,2019-10-25,787,797,14:55,773,09:08,791,68200株,54百万円,+8,+1.02,787.623円,223回,82.35億円
3556,2019-10-28,805,820,13:20,795,11:09,804,126800株,102百万円,+13,+1.64,805.931円,379回,83.70億円
3556,2019-10-29,809,817,14:29,798,09:06,813,77900株,63百万円,+9,+1.12,808.761円,254回,84.64億円
3556,2019-10-30,815,816,09:21,807,10:28,814,50100株,41百万円,+1,+0.12,813.026円,219回,84.74億円
3556,2019-10-31,821,845,09:10,817,13:46,830,154900株,129百万円,+16,+1.97,830.086円,407回,86.41億円
3556,2019-11-01,828,841,14:27,822,09:00,834,141600株,118百万円,+4,+0.48,832.592円,491回,86.82億円
3556,2019-11-05,840,848,12:33,833,14:36,842,86300株,73百万円,+8,+0.96,841.174円,311回,87.66億円
3556,2019-11-07,808,819,09:43,795,12:46,800,98400株,79百万円,-15,-1.84,802.983円,333回,83.28億円
3556,2019-11-08,800,808,09:10,785,14:12,785,99100株,79百万円,-15,-1.88,794.674円,317回,81.72億円
3556,2019-11-11,785,804,13:37,785,09:00,796,118600株,94百万円,+11,+1.40,795.938円,246回,82.87億円
3556,2019-11-12,800,817,14:49,793,09:05,815,92300株,75百万円,+19,+2.39,809.808円,283回,84.85億円
3556,2019-11-13,820,835,09:10,813,12:34,822,156100株,129百万円,+7,+0.86,825.627円,521回,85.57億円
3556,2019-11-14,835,883,10:31,672,13:12,784,1691300株,1293百万円,-38,-4.62,764.327円,4237回,81.62億円
3556,2019-11-15,799,805,10:58,754,14:53,766,333700株,262百万円,-18,-2.30,784.5円,921回,79.74億円
3556,2019-11-18,752,783,09:58,741,09:02,751,296300株,226百万円,-15,-1.96,761.501円,761回,78.18億円
3556,2019-11-19,755,760,09:00,709,13:31,715,396100株,286百万円,-36,-4.79,723.219円,998回,74.44億円
3556,2019-11-20,701,731,13:00,701,09:00,719,148900株,107百万円,+4,+0.56,716.185円,363回,74.85億円
3556,2019-11-21,713,725,10:24,710,10:52,714,115800株,83百万円,-5,-0.70,715.851円,361回,74.33億円
3556,2019-11-22,712,727,11:03,709,09:11,724,87900株,63百万円,+10,+1.40,719.298円,251回,75.37億円
3556,2019-11-25,729,748,09:47,721,09:09,747,137700株,102百万円,+23,+3.18,737.823円,419回,77.77億円
3556,2019-11-26,750,752,09:00,730,14:34,739,130700株,97百万円,-8,-1.07,738.728円,387回,76.93億円
3556,2019-11-27,735,735,09:00,720,12:45,725,154700株,112百万円,-14,-1.89,724.134円,451回,75.48億円
3556,2019-11-28,730,755,12:44,726,09:00,746,153000株,114百万円,+21,+2.90,743.862円,413回,77.66億円
3556,2019-11-29,741,766,09:34,740,09:03,745,151600株,114百万円,-1,-0.13,753.158円,436回,77.56億円
3556,2019-12-02,751,776,14:37,749,10:15,769,194600株,148百万円,+24,+3.22,762.732円,562回,80.06億円
3556,2019-12-03,752,835,13:01,752,09:03,822,721300株,579百万円,+53,+6.89,802.217円,1968回,85.57億円
3556,2019-12-05,871,874,09:00,822,14:16,823,402700株,340百万円,-53,-6.05,843.67円,1103回,85.68億円
3556,2019-12-06,825,859,09:18,825,09:00,845,254600株,215百万円,+22,+2.67,845.328円,718回,87.97億円
3556,2019-12-09,868,882,09:55,856,12:45,868,255600株,222百万円,+23,+2.72,868.166円,681回,90.36億円
3556,2019-12-10,868,875,09:03,846,09:29,853,165900株,142百万円,-15,-1.73,858.148円,622回,88.80億円
3556,2019-12-13,810,818,09:01,800,12:59,806,145000株,117百万円,+9,+1.13,807.017円,357回,83.91億円
3556,2019-12-16,819,819,09:00,767,14:08,770,199800株,158百万円,-36,-4.47,788.386円,513回,80.16億円
3556,2019-12-17,760,784,14:30,757,09:24,777,120900株,93百万円,+7,+0.91,769.506円,369回,80.89億円
3556,2019-12-18,777,777,09:00,745,13:38,755,179400株,136百万円,-22,-2.83,758.32円,453回,78.60億円
3556,2019-12-19,761,795,09:54,759,09:00,772,137400株,107百万円,+17,+2.25,779.199円,457回,80.37億円
3556,2019-12-20,773,781,14:00,765,11:27,768,63600株,49百万円,-4,-0.52,773.294円,230回,79.95億円
3556,2019-12-23,776,776,09:00,756,13:59,757,72100株,55百万円,-11,-1.43,764.448円,227回,78.81億円
3556,2019-12-24,758,766,09:02,748,13:33,751,143400株,108百万円,-6,-0.79,753.609円,335回,78.18億円
3556,2019-12-25,751,766,11:11,749,09:10,752,89200株,68百万円,+1,+0.13,756.986円,205回,78.29億円
3556,2019-12-26,751,776,14:41,750,09:08,775,115400株,88百万円,+23,+3.06,766.08円,316回,80.68億円
3556,2019-12-27,767,795,09:57,767,09:00,776,88200株,69百万円,+1,+0.13,781.84円,315回,80.79億円
3556,2019-12-30,761,781,10:18,761,09:00,771,77700株,60百万円,-5,-0.64,768.994円,263回,80.26億円
3556,2020-01-06,753,770,09:37,742,12:30,747,134500株,101百万円,-24,-3.11,752.685円,370回,77.77億円
3556,2020-01-07,751,769,12:30,744,09:51,754,94400株,71百万円,+7,+0.94,755.672円,288回,78.50億円
3556,2020-01-08,748,755,09:01,715,09:48,725,183200株,133百万円,-29,-3.85,728.519円,619回,75.48億円
3556,2020-01-09,735,746,09:14,732,14:58,732,99200株,73百万円,+7,+0.97,738.168円,258回,76.20億円
3556,2020-01-10,731,737,09:02,725,10:06,734,100700株,74百万円,+2,+0.27,731.267円,247回,76.41億円
3556,2020-01-14,741,744,09:02,732,10:10,736,49900株,37百万円,+2,+0.27,736.88円,175回,76.62億円
3556,2020-01-15,732,754,15:00,730,10:25,754,99500株,74百万円,+18,+2.45,740.386円,242回,78.50億円
3556,2020-01-16,755,768,09:05,745,14:15,752,78300株,59百万円,-2,-0.27,753.714円,254回,78.29億円
3556,2020-01-17,752,754,09:05,741,10:24,752,67600株,51百万円,0,0,747.248円,183回,78.29億円
3556,2020-01-20,752,755,09:00,743,10:57,747,54400株,41百万円,-5,-0.66,748.259円,118回,77.77億円
3556,2020-01-21,744,744,09:00,733,13:44,736,65300株,48百万円,-11,-1.47,737.518円,197回,76.62億円
3556,2020-01-22,735,740,13:51,726,09:01,740,66200株,49百万円,+4,+0.54,733.063円,194回,77.04億円
3556,2020-01-23,733,737,09:04,724,09:27,730,66400株,48百万円,-10,-1.35,729.247円,184回,76.00億円
3556,2020-01-24,724,730,09:09,720,15:00,720,66700株,48百万円,-10,-1.37,723.939円,175回,74.96億円
3556,2020-01-27,690,709,14:46,687,09:03,700,119900株,84百万円,-20,-2.78,696.64円,361回,72.87億円
3556,2020-01-28,685,698,09:03,677,09:10,689,140000株,96百万円,-11,-1.57,686.146円,374回,71.73億円
3556,2020-01-29,689,698,09:02,683,13:04,685,106800株,73百万円,-4,-0.58,686.387円,250回,71.3億円
3556,2020-01-30,688,704,09:11,663,14:59,664,219300株,148百万円,-21,-3.07,676.341円,526回,69.1億円
3556,2020-01-31,660,677,10:02,660,09:00,666,113000株,76百万円,+2,+0.30,670.028円,189回,69.3億円
3556,2020-02-03,646,660,12:33,637,10:25,647,144500株,94百万円,-19,-2.85,647.839円,323回,67.4億円
3556,2020-02-04,649,674,10:44,649,09:00,668,78700株,52百万円,+21,+3.25,661.996円,199回,69.5億円
3556,2020-02-05,678,683,13:30,671,10:02,676,41300株,28百万円,+8,+1.20,677.191円,138回,70.4億円
3556,2020-02-06,686,693,12:35,679,09:05,684,50500株,35百万円,+8,+1.18,686.598円,152回,71.2億円
3556,2020-02-07,676,684,09:02,670,09:07,679,65100株,44百万円,-5,-0.73,675.498円,164回,70.7億円
3556,2020-02-10,677,684,10:37,669,09:15,673,34500株,23百万円,-6,-0.88,676.02円,132回,70.1億円
3556,2020-02-10,672,675,09:22,656,12:58,657,119100株,79百万円,-16,-2.38,664.298円,334回,68.4億円
3556,2020-02-13,697,740,09:12,679,09:36,692,421400株,297百万円,+35,+5.33,703.614円,1314回,72.0億円
3556,2020-02-14,592,592,15:00,592,15:00,592,77600株,46百万円,-100,-14.45,592円,1回,61.6億円
3556,2020-02-17,586,625,09:11,577,09:23,589,461900株,274百万円,-3,-0.51,592.487円,1143回,61.3億円
3556,2020-02-17,598,606,09:04,555,13:53,563,209000株,121百万円,-26,-4.41,577.17円,536回,58.6億円
3556,2020-02-18,563,583,10:41,562,13:32,562,120200株,68百万円,-1,-0.18,569.307円,276回,58.5億円
3556,2020-02-20,572,579,09:00,551,14:38,554,153300株,87百万円,-8,-1.42,565.589円,260回,57.7億円
3556,2020-02-21,559,568,09:21,553,10:32,560,70000株,39百万円,+6,+1.08,559.854円,164回,58.3億円
3556,2020-02-25,500,529,10:46,499,09:15,518,211900株,109百万円,-42,-7.50,512.33円,341回,53.9億円
3556,2020-02-26,520,528,09:10,500,11:09,513,140700株,72百万円,-5,-0.97,512.689円,272回,53.4億円
3556,2020-02-27,515,524,09:03,501,15:00,501,131500株,67百万円,-12,-2.34,510.253円,335回,52.2億円
3556,2020-02-28,470,485,09:35,430,14:52,432,396200株,181百万円,-69,-13.77,457.157円,773回,45.0億円
3556,2020-03-02,448,512,10:41,444,09:05,512,270800株,131百万円,+80,+18.52,485.548円,688回,53.3億円
3556,2020-03-03,520,529,09:01,467,13:31,476,230400株,114百万円,-36,-7.03,493.08円,571回,49.6億円
3556,2020-03-04,460,498,11:02,460,09:03,485,123200株,59百万円,+9,+1.89,481.19円,287回,50.5億円
3556,2020-03-05,511,511,09:08,491,11:18,500,76800株,38百万円,+15,+3.09,500.434円,177回,52.1億円
3556,2020-03-06,491,493,09:00,463,13:03,474,117000株,56百万円,-26,-5.20,476.309円,275回,49.4億円
3556,2020-03-06,448,450,09:09,394,14:41,397,310700株,127百万円,-77,-16.24,408.824円,676回,41.3億円
3556,2020-03-10,375,414,12:50,350,09:37,414,271200株,103百万円,+17,+4.28,379.994円,577回,43.1億円
3556,2020-03-11,408,425,09:20,390,14:56,390,127900株,52百万円,-24,-5.80,406.054円,331回,40.6億円
3556,2020-03-12,374,395,10:01,360,12:48,361,181400株,68百万円,-29,-7.44,373.878円,424回,37.6億円
3556,2020-03-13,325,339,09:27,293,10:41,322,344200株,108百万円,-39,-10.80,314.53円,619回,33.5億円
3556,2020-03-16,338,376,11:01,324,09:25,336,130000株,45百万円,+14,+4.35,346.495円,365回,35.0億円
3556,2020-03-17,320,366,10:31,318,09:06,356,134000株,46百万円,+20,+5.95,339.737円,317回,37.1億円
3556,2020-03-18,352,388,13:10,350,14:57,352,184200株,67百万円,-4,-1.12,364.592円,437回,36.6億円
3556,2020-03-19,356,364,09:00,324,12:41,339,165100株,56百万円,-13,-3.69,339.903円,433回,35.3億円
3556,2020-03-23,331,353,13:54,323,09:47,330,119800株,40百万円,-9,-2.65,335.533円,291回,34.4億円
3556,2020-03-24,346,376,15:00,338,09:08,376,153500株,54百万円,+46,+13.94,354.586円,409回,39.1億円
3556,2020-03-25,392,411,09:25,384,13:02,395,171000株,68百万円,+19,+5.05,396.581円,456回,41.1億円
3556,2020-03-26,380,382,10:58,361,14:54,361,91500株,34百万円,-34,-8.61,371.444円,250回,37.6億円
3556,2020-03-27,377,380,09:03,353,12:33,368,94300株,34百万円,+7,+1.94,365.216円,306回,38.3億円
3556,2020-03-30,348,368,09:24,348,09:06,351,76000株,27百万円,-17,-4.62,356.692円,218回,36.5億円
3556,2020-03-31,361,376,10:06,360,09:15,360,60800株,22百万円,+9,+2.56,365.457円,165回,37.5億円
3556,2020-04-01,369,378,11:13,356,09:14,358,62100株,23百万円,-2,-0.56,368.707円,174回,37.3億円
3556,2020-04-02,352,365,12:39,350,09:09,352,55000株,20百万円,-6,-1.68,356.316円,146回,36.6億円
3556,2020-04-03,354,354,09:00,331,13:44,335,88200株,30百万円,-17,-4.83,340.108円,234回,34.9億円
3556,2020-04-06,330,364,14:52,322,09:10,359,74200株,26百万円,+24,+7.16,345.295円,220回,37.4億円
