3814,2019-08-30,1546,1553,09:17,1518,10:53,1538,11800株,18百万円,+20,+1.32,1534.881円,58回
3814,2019-09-02,1544,1554,09:17,1502,14:19,1509,10100株,15百万円,-29,-1.89,1528.109円,75回
3814,2019-09-03,1511,1529,15:00,1511,09:00,1529,3500株,5百万円,+20,+1.33,1521.229円,28回
3814,2019-09-03,1522,1540,09:33,1512,14:59,1512,6200株,9百万円,-17,-1.11,1525.387円,37回
3814,2019-09-05,1535,1535,09:00,1488,14:54,1495,11700株,18百万円,-17,-1.12,1507.949円,73回
3814,2019-09-05,1502,1502,09:18,1475,14:33,1484,3200株,5百万円,-11,-0.74,1485.312円,26回
3814,2019-09-07,1495,1495,09:00,1467,10:52,1483,5000株,7百万円,-1,-0.07,1483.18円,36回
3814,2019-09-10,1484,1501,09:27,1479,14:23,1482,5600株,8百万円,-1,-0.07,1488.446円,39回
3814,2019-09-11,1480,1480,09:00,1457,12:46,1459,6500株,10百万円,-23,-1.55,1465.492円,45回
3814,2019-09-12,1453,1484,15:00,1453,09:00,1484,6300株,9百万円,+25,+1.71,1465.444円,42回
3814,2019-09-13,1494,1494,09:00,1463,14:44,1484,1900株,3百万円,0,0,1475.263円,16回
3814,2019-09-17,1459,1474,12:44,1448,14:59,1454,8700株,13百万円,-30,-2.02,1455.115円,46回
3814,2019-09-17,1474,1475,09:25,1447,12:51,1457,2800株,4百万円,+3,+0.21,1456.179円,25回,36.63億円
3814,2019-09-19,1441,1463,09:03,1441,09:00,1444,4800株,7百万円,-13,-0.89,1450.417円,34回,36.30億円
3814,2019-09-20,1455,1460,10:03,1438,14:48,1446,4600株,7百万円,+2,+0.14,1449.826円,34回,36.35億円
3814,2019-09-24,1441,1450,15:00,1437,10:16,1450,5600株,8百万円,+4,+0.28,1443.5円,33回,36.45億円
3814,2019-09-25,1438,1457,14:58,1438,09:00,1457,4500株,7百万円,+7,+0.48,1448.844円,27回,36.63億円
3814,2019-09-26,1457,1485,09:51,1451,09:02,1479,11900株,18百万円,+22,+1.51,1471.118円,67回,37.18億円
3814,2019-09-27,1455,1455,09:00,1436,12:57,1443,5000株,7百万円,-36,-2.43,1443.96円,30回,36.27億円
3814,2019-09-30,1413,1417,09:37,1378,12:43,1386,10400株,15百万円,-57,-3.95,1400.01円,61回,34.84億円
3814,2019-10-01,1387,1396,13:25,1374,10:08,1381,6800株,9百万円,-5,-0.36,1388.985円,25回,34.72億円
3814,2019-10-02,1362,1387,09:30,1360,14:43,1366,6300株,9百万円,-15,-1.09,1370.905円,32回,34.34億円
3814,2019-10-03,1367,1380,15:00,1366,10:59,1380,3800株,5百万円,+14,+1.02,1372.789円,24回,34.69億円
3814,2019-10-04,1378,1379,09:35,1361,10:10,1361,4000株,5百万円,-19,-1.38,1368.625円,26回,34.21億円
3814,2019-10-07,1370,1400,10:40,1370,09:00,1373,6500株,9百万円,+12,+0.88,1385.785円,33回,34.51億円
3814,2019-10-08,1392,1406,09:12,1381,09:20,1399,11900株,17百万円,+26,+1.89,1396.16円,47回,35.17億円
3814,2019-10-09,1381,1396,10:47,1377,09:18,1391,2600株,4百万円,-8,-0.57,1386.654円,16回,34.97億円
3814,2019-10-10,1383,1394,12:30,1358,14:30,1358,10600株,15百万円,-33,-2.37,1376.198円,21回,34.14億円
3814,2019-10-11,1360,1386,09:13,1357,14:58,1373,2800株,4百万円,+15,+1.10,1362.964円,17回,34.51億円
3814,2019-10-15,1363,1363,09:00,1330,13:22,1330,7600株,10百万円,-43,-3.13,1342.605円,41回,33.43億円
3814,2019-10-16,1336,1336,09:00,1326,10:45,1335,1800株,2百万円,+5,+0.38,1330.389円,14回,33.56億円
3814,2019-10-17,1325,1331,09:09,1315,11:06,1320,3500株,5百万円,-15,-1.12,1319.914円,18回,33.18億円
3814,2019-10-18,1320,1328,12:59,1311,15:00,1311,2800株,4百万円,-9,-0.68,1320.036円,19回,32.96億円
3814,2019-10-21,1318,1344,10:22,1318,09:00,1343,4000株,5百万円,+32,+2.44,1339.625円,23回,33.76億円
3814,2019-10-23,1343,1359,14:58,1343,09:00,1359,3700株,5百万円,+16,+1.19,1349.622円,26回,34.16億円
3814,2019-10-24,1359,1386,09:31,1355,09:51,1368,6100株,8百万円,+9,+0.66,1367.951円,26回,34.39億円
3814,2019-10-25,1368,1382,12:45,1368,09:00,1369,5400株,7百万円,+1,+0.07,1376.037円,28回,34.41億円
3814,2019-10-28,1370,1393,09:00,1365,15:00,1365,3200株,4百万円,-4,-0.29,1382.625円,20回,34.31億円
3814,2019-10-29,1369,1382,09:41,1368,11:14,1373,3500株,5百万円,+8,+0.59,1374.486円,22回,34.51億円
3814,2019-10-30,1375,1384,09:47,1368,13:26,1379,1900株,3百万円,+6,+0.44,1376.789円,11回,34.67億円
3814,2019-10-31,1376,1390,09:00,1375,14:07,1387,2400株,3百万円,+8,+0.58,1383.917円,16回,34.87億円
3814,2019-11-01,1372,1388,10:57,1372,09:15,1382,2800株,4百万円,-5,-0.36,1381.429円,11回,34.74億円
3814,2019-11-05,1366,1394,09:00,1366,09:00,1368,4000株,6百万円,-14,-1.01,1378.35円,14回,34.39億円
3814,2019-11-07,1463,1467,09:00,1414,09:58,1442,16500株,24百万円,-15,-1.03,1435.758円,92回,36.25億円
3814,2019-11-08,1440,1516,15:00,1428,09:18,1516,40100株,59百万円,+74,+5.13,1483.025円,147回,38.11億円
3814,2019-11-11,1510,1636,13:09,1500,09:06,1616,48900株,78百万円,+100,+6.60,1589.836円,221回,40.62億円
3814,2019-11-12,1616,1715,12:30,1616,09:00,1703,37600株,63百万円,+87,+5.38,1682.718円,174回,42.81億円
3814,2019-11-13,1718,1760,14:52,1718,09:00,1754,31100株,54百万円,+51,+2.99,1735.955円,162回,44.09億円
3814,2019-11-14,1414,1425,09:25,1354,10:11,1354,179800株,247百万円,-400,-22.81,1373.261円,624回,34.04億円
3814,2019-11-15,1309,1345,14:45,1309,09:03,1343,33500株,44百万円,-11,-0.81,1322.675円,114回,33.76億円
3814,2019-11-18,1323,1340,09:10,1323,09:00,1327,7500株,10百万円,-16,-1.19,1329.107円,34回,33.36億円
3814,2019-11-19,1357,1357,09:00,1322,14:59,1322,7000株,9百万円,-5,-0.38,1328.057円,38回,33.23億円
3814,2019-11-20,1322,1325,09:06,1321,15:00,1321,3100株,4百万円,-1,-0.08,1322.419円,23回,33.21億円
3814,2019-11-21,1327,1327,09:00,1311,14:43,1311,10500株,14百万円,-10,-0.76,1318.248円,49回,32.96億円
3814,2019-11-22,1322,1347,14:55,1315,09:08,1344,8700株,12百万円,+33,+2.52,1332.115円,47回,33.79億円
3814,2019-11-25,1353,1353,09:00,1337,10:14,1337,2400株,3百万円,-7,-0.52,1344.75円,14回,33.61億円
3814,2019-11-26,1349,1349,09:00,1335,10:54,1343,4200株,6百万円,+6,+0.45,1341.809円,22回,33.76億円
3814,2019-11-27,1350,1350,09:00,1336,09:50,1337,2500株,3百万円,-6,-0.45,1344円,11回,33.61億円
3814,2019-11-28,1338,1358,13:46,1334,10:27,1355,9300株,12百万円,+18,+1.35,1341.129円,44回,34.06億円
3814,2019-11-29,1344,1464,13:03,1344,09:00,1413,111200株,156百万円,+58,+4.28,1404.061円,571回,35.52億円
3814,2019-12-02,1383,1400,09:02,1374,10:00,1385,16000株,22百万円,-28,-1.98,1385.7円,75回,34.82億円
3814,2019-12-03,1385,1385,09:00,1371,09:13,1371,5000株,7百万円,-14,-1.01,1375.42円,28回,34.46億円
3814,2019-12-05,1365,1376,09:09,1363,15:00,1363,4200株,6百万円,-6,-0.44,1368.452円,30回,34.26億円
3814,2019-12-06,1375,1387,13:35,1362,14:41,1362,10800株,15百万円,-1,-0.07,1379.398円,57回,34.24億円
3814,2019-12-09,1365,1368,10:25,1358,14:43,1358,4400株,6百万円,-4,-0.29,1361.864円,31回,34.14億円
3814,2019-12-10,1359,1366,09:01,1350,09:00,1350,5100株,7百万円,-8,-0.59,1356.843円,35回,33.94億円
3814,2019-12-13,1340,1345,09:43,1328,14:41,1330,18100株,24百万円,-6,-0.45,1338.116円,38回,33.43億円
3814,2019-12-16,1330,1341,11:25,1324,14:39,1337,14200株,19百万円,+7,+0.53,1331.655円,47回,33.61億円
3814,2019-12-17,1330,1334,09:54,1324,13:05,1332,2600株,3百万円,-5,-0.37,1329.423円,16回,33.48億円
3814,2019-12-18,1321,1322,09:30,1313,12:50,1317,7700株,10百万円,-15,-1.13,1318.753円,29回,33.11億円
3814,2019-12-19,1315,1320,09:43,1314,15:00,1314,2200株,3百万円,-3,-0.23,1316.5円,15回,33.03億円
3814,2019-12-20,1313,1315,09:00,1305,14:51,1307,28200株,37百万円,-7,-0.53,1312.511円,21回,32.86億円
3814,2019-12-23,1311,1315,09:38,1290,09:48,1294,8600株,11百万円,-13,-0.99,1299.767円,42回,32.53億円
3814,2019-12-24,1292,1302,11:05,1291,09:10,1291,14400株,19百万円,-3,-0.23,1297.951円,28回,32.45億円
3814,2019-12-25,1291,1294,09:00,1279,15:00,1279,7200株,9百万円,-12,-0.93,1285円,44回,32.15億円
3814,2019-12-26,1279,1279,09:00,1270,09:43,1273,6700株,9百万円,-6,-0.47,1273.328円,40回,32.00億円
3814,2019-12-27,1279,1299,14:00,1264,09:01,1294,6200株,8百万円,+21,+1.65,1276.839円,37回,32.53億円
3814,2019-12-30,1300,1301,10:12,1291,14:38,1298,2900株,4百万円,+4,+0.31,1296.759円,17回,32.63億円
3814,2020-01-06,1300,1322,14:53,1292,09:11,1320,12800株,17百万円,+22,+1.69,1304.516円,62回,33.18億円
3814,2020-01-07,1329,1329,09:07,1316,10:05,1320,2900株,4百万円,0,0,1322.966円,17回,33.18億円
3814,2020-01-08,1315,1315,09:00,1292,10:37,1293,5500株,7百万円,-27,-2.05,1300.4円,37回,32.50億円
3814,2020-01-09,1300,1300,09:00,1290,13:43,1294,7300株,9百万円,+1,+0.08,1295.548円,35回,32.53億円
3814,2020-01-10,1324,1324,09:00,1300,09:00,1301,6400株,8百万円,+7,+0.54,1307.375円,25回,32.70億円
3814,2020-01-14,1313,1326,15:00,1310,09:43,1326,2900株,4百万円,+25,+1.92,1318.655円,14回,33.33億円
3814,2020-01-15,1326,1326,09:00,1311,15:00,1311,900株,1百万円,-15,-1.13,1316円,9回,32.96億円
3814,2020-01-16,1311,1311,09:00,1300,15:00,1300,3900株,5百万円,-11,-0.84,1307.462円,19回,32.68億円
3814,2020-01-17,1302,1312,12:30,1300,11:30,1301,1600株,2百万円,+1,+0.08,1303.125円,12回,32.70億円
3814,2020-01-20,1308,1340,09:41,1308,09:00,1336,7000株,9百万円,+35,+2.69,1329.686円,35回,33.58億円
3814,2020-01-21,1339,1339,09:00,1316,12:30,1338,2600株,3百万円,+2,+0.15,1332.154円,12回,33.63億円
3814,2020-01-22,1338,1339,09:37,1326,15:00,1326,2500株,3百万円,-12,-0.90,1332.08円,15回,33.33億円
3814,2020-01-23,1331,1333,10:36,1322,14:29,1322,1500株,2百万円,-4,-0.30,1327.4円,9回,33.23億円
3814,2020-01-24,1322,1326,14:47,1322,10:36,1326,500株,1百万円,+4,+0.30,1324.8円,4回,33.33億円
3814,2020-01-27,1318,1318,09:00,1295,13:25,1295,7800株,10百万円,-31,-2.34,1306.833円,28回,32.55億円
3814,2020-01-28,1291,1295,14:05,1282,09:24,1295,1100株,1百万円,0,0,1289.182円,8回,32.55億円
3814,2020-01-29,1299,1299,09:39,1292,10:07,1293,1300株,2百万円,-2,-0.15,1294.462円,8回,32.5億円
3814,2020-01-30,1291,1291,09:00,1267,13:18,1275,5900株,8百万円,-18,-1.39,1278.712円,38回,32.1億円
3814,2020-01-31,1270,1288,10:02,1188,14:00,1205,17500株,21百万円,-70,-5.49,1218.646円,111回,30.3億円
3814,2020-02-03,1175,1195,13:51,1121,09:22,1181,7800株,9百万円,-24,-1.99,1161.731円,36回,29.7億円
3814,2020-02-04,1181,1196,14:18,1180,09:00,1195,1200株,1百万円,+14,+1.19,1188.167円,10回,30.0億円
3814,2020-02-05,1195,1195,09:00,1161,14:59,1162,9800株,12百万円,-33,-2.76,1181.388円,33回,29.2億円
3814,2020-02-06,1170,1191,09:06,1170,09:00,1179,3400株,4百万円,+17,+1.46,1179.706円,24回,29.6億円
3814,2020-02-07,1170,1170,09:17,1111,13:52,1131,11400株,13百万円,-48,-4.07,1132.544円,59回,28.4億円
3814,2020-02-10,1105,1105,09:00,1043,09:40,1059,29000株,31百万円,-72,-6.37,1076.3円,130回,26.6億円
3814,2020-02-12,1068,1068,09:00,1054,12:37,1056,5500株,6百万円,-3,-0.28,1060.655円,24回,26.6億円
3814,2020-02-13,1050,1056,09:03,1047,13:36,1051,3800株,4百万円,-5,-0.47,1050.947円,23回,26.4億円
3814,2020-02-14,1043,1055,13:15,1010,12:42,1035,12200株,12百万円,-16,-1.52,1023.73円,67回,26.0億円
3814,2020-02-17,1005,1005,09:00,917,14:32,921,31100株,30百万円,-114,-11.01,960.428円,143回,23.2億円
3814,2020-02-17,934,934,09:00,885,13:58,900,26900株,24百万円,-21,-2.28,908.506円,93回,22.6億円
3814,2020-02-18,880,1050,10:52,853,09:40,1050,57600株,56百万円,+150,+16.67,973.773円,111回,26.4億円
3814,2020-02-20,1230,1265,09:15,930,14:33,948,498000株,541百万円,-102,-9.71,1085.397円,2408回,23.8億円
3814,2020-02-21,922,927,09:07,882,14:43,887,129700株,117百万円,-61,-6.43,901.476円,633回,22.3億円
3814,2020-02-25,842,846,15:00,814,09:06,846,63600株,53百万円,-41,-4.62,829.379円,222回,21.3億円
3814,2020-02-26,836,841,14:08,810,10:47,825,28500株,24百万円,-21,-2.48,827.912円,112回,20.7億円
3814,2020-02-27,825,835,09:56,805,15:00,805,18600株,15百万円,-20,-2.42,818.339円,98回,20.2億円
3814,2020-02-28,755,777,10:56,712,14:56,733,45900株,34百万円,-72,-8.94,748.085円,185回,18.4億円
3814,2020-03-02,703,807,14:58,703,09:05,803,41700株,31百万円,+70,+9.55,737.866円,111回,20.2億円
3814,2020-03-03,806,810,09:06,768,14:59,770,21800株,17百万円,-33,-4.11,794.899円,70回,19.4億円
3814,2020-03-04,755,807,09:49,755,09:00,778,8400株,7百万円,+8,+1.04,782.821円,46回,19.6億円
3814,2020-03-05,778,786,15:00,767,09:20,786,9000株,7百万円,+8,+1.03,776.9円,46回,19.8億円
3814,2020-03-06,770,770,09:03,735,11:03,737,10600株,8百万円,-49,-6.23,747.981円,57回,18.5億円
3814,2020-03-06,710,719,09:20,641,14:53,653,27700株,19百万円,-84,-11.40,684.693円,132回,16.4億円
3814,2020-03-10,625,660,14:17,601,09:50,645,15000株,9百万円,-8,-1.23,626.42円,61回,16.2億円
3814,2020-03-11,655,660,09:16,590,14:59,600,15000株,9百万円,-45,-6.98,629.46円,73回,15.1億円
3814,2020-03-12,581,585,09:14,538,10:40,552,20000株,11百万円,-48,-8.00,558.335円,96回,13.9億円
3814,2020-03-13,476,476,09:22,452,09:24,460,56200株,26百万円,-92,-16.67,460.904円,167回,11.6億円
3814,2020-03-16,473,478,10:03,437,09:13,445,35300株,16百万円,-15,-3.26,457.235円,143回,11.2億円
3814,2020-03-17,405,413,10:31,368,11:13,394,106200株,42百万円,-51,-11.46,393.026円,445回,9.9億円
3814,2020-03-18,426,426,09:09,374,14:51,378,57200株,23百万円,-16,-4.06,404.318円,174回,9.5億円
3814,2020-03-19,386,386,09:01,322,13:15,338,40700株,15百万円,-40,-10.58,363.386円,146回,8.5億円
3814,2020-03-23,362,366,09:09,323,09:53,350,20500株,7百万円,+12,+3.55,342.044円,56回,8.8億円
3814,2020-03-24,358,407,11:20,358,09:01,382,35300株,14百万円,+32,+9.14,385.742円,164回,9.6億円
3814,2020-03-25,414,420,09:30,393,13:01,410,37000株,15百万円,+28,+7.33,404.303円,135回,10.3億円
3814,2020-03-26,420,423,09:33,396,14:47,397,20700株,9百万円,-13,-3.17,412.976円,73回,10.0億円
3814,2020-03-27,400,403,09:00,367,13:59,382,14200株,5百万円,-15,-3.78,386.282円,82回,9.6億円
3814,2020-03-30,370,389,10:46,354,09:20,370,16400株,6百万円,-12,-3.14,372.592円,54回,9.3億円
3814,2020-03-31,367,390,11:10,367,09:00,381,8300株,3百万円,+11,+2.97,378.699円,32回,9.6億円
3814,2020-04-01,372,375,10:19,360,10:19,366,6500株,2百万円,-15,-3.94,366.031円,21回,9.2億円
3814,2020-04-02,366,366,09:00,357,12:30,358,5400株,2百万円,-8,-2.19,359.426円,23回,9.0億円
3814,2020-04-03,358,358,09:00,328,15:00,328,7000株,2百万円,-30,-8.38,338.957円,51回,8.3億円
3814,2020-04-06,312,339,14:51,302,09:20,337,13300株,4百万円,+9,+2.74,316.323円,65回,8.5億円
