3837,2019-10-18,2329,2345,09:49,2283,14:31,2295,76300株,176百万円,-24,-1.03,2311.705円,374回,213.42億円
3837,2019-10-21,2283,2315,09:25,2241,14:44,2250,54300株,123百万円,-45,-1.96,2272.326円,304回,209.24億円
3837,2019-10-23,2253,2280,10:43,2244,09:07,2271,43600株,99百万円,+21,+0.93,2262.181円,232回,211.19億円
3837,2019-10-24,2285,2336,13:47,2284,09:11,2328,89300株,207百万円,+57,+2.51,2315.228円,423回,216.49億円
3837,2019-10-25,2350,2357,09:24,2318,14:20,2323,71600株,167百万円,-5,-0.21,2335.429円,314回,216.03億円
3837,2019-10-28,2342,2423,13:40,2315,09:15,2410,121100株,289百万円,+87,+3.75,2386.144円,577回,224.12億円
3837,2019-10-29,2436,2488,09:08,2397,14:35,2397,101200株,246百万円,-13,-0.54,2431.867円,530回,222.91億円
3837,2019-10-30,2396,2425,09:10,2325,13:37,2355,96500株,228百万円,-42,-1.75,2361.695円,524回,219.00億円
3837,2019-10-31,2355,2447,13:05,2355,09:00,2415,124400株,300百万円,+60,+2.55,2412.423円,608回,224.58億円
3837,2019-11-01,2414,2428,11:24,2375,09:36,2400,60200株,144百万円,-15,-0.62,2397.628円,320回,223.19億円
3837,2019-11-05,2428,2428,09:00,2333,14:37,2340,84800株,201百万円,-60,-2.50,2371.643円,437回,217.61億円
3837,2019-11-07,2294,2294,09:00,2208,13:05,2221,104300株,233百万円,-35,-1.55,2238.572円,545回,206.54億円
3837,2019-11-08,2221,2223,09:00,2061,12:30,2112,320200株,673百万円,-109,-4.91,2102.784円,1985回,196.40億円
3837,2019-11-11,2104,2128,09:06,2075,13:18,2104,127200株,267百万円,-8,-0.38,2102.774円,789回,195.66億円
3837,2019-11-12,2110,2125,09:18,2070,13:46,2079,90100株,189百万円,-25,-1.19,2095.178円,604回,193.34億円
3837,2019-11-13,2085,2107,14:57,2066,11:29,2100,99700株,208百万円,+21,+1.01,2084.139円,580回,195.29億円
3837,2019-11-14,2120,2200,09:36,2102,09:01,2153,118900株,257百万円,+53,+2.52,2159.281円,758回,200.22億円
3837,2019-11-15,2130,2153,14:19,2111,09:20,2153,54500株,116百万円,0,0,2134.29円,311回,200.22億円
3837,2019-11-18,2173,2237,10:20,2165,09:00,2223,81900株,181百万円,+70,+3.25,2214.981円,474回,206.73億円
3837,2019-11-19,2230,2240,09:17,2191,12:58,2220,51200株,113百万円,-3,-0.13,2215.557円,280回,206.45億円
3837,2019-11-20,2214,2239,09:56,2193,13:05,2221,45600株,101百万円,+1,+0.05,2212.415円,264回,206.54億円
3837,2019-11-21,2237,2264,13:50,2197,09:45,2249,74100株,166百万円,+28,+1.26,2235.878円,356回,209.14億円
3837,2019-11-22,2265,2295,12:37,2252,09:12,2278,62700株,143百万円,+29,+1.29,2279.678円,363回,211.84億円
3837,2019-11-25,2298,2326,09:07,2275,14:27,2276,82200株,189百万円,-2,-0.09,2301.1円,443回,211.66億円
3837,2019-11-26,2262,2280,09:03,2235,12:56,2252,51500株,117百万円,-24,-1.05,2262.513円,333回,209.42億円
3837,2019-11-27,2302,2338,13:53,2277,09:07,2325,97300株,225百万円,+73,+3.24,2309.867円,506回,216.21億円
3837,2019-11-28,2330,2389,10:08,2330,09:00,2357,121800株,288百万円,+32,+1.38,2363.703円,591回,219.19億円
3837,2019-11-29,2383,2410,09:02,2367,12:30,2385,133400株,318百万円,+28,+1.19,2385.379円,661回,221.79億円
3837,2019-12-02,2400,2434,09:26,2385,15:00,2385,93200株,224百万円,0,0,2408.506円,485回,221.79億円
3837,2019-12-03,2350,2386,12:31,2291,09:03,2374,76100株,180百万円,-11,-0.46,2359.156円,375回,220.77億円
3837,2019-12-05,2346,2346,09:00,2288,10:53,2319,74600株,173百万円,-27,-1.15,2318.295円,440回,215.65億円
3837,2019-12-06,2296,2330,14:33,2296,09:00,2321,55300株,128百万円,+2,+0.09,2317.248円,303回,215.84億円
3837,2019-12-09,2350,2366,09:01,2317,12:37,2325,27300株,64百万円,+4,+0.17,2327.564円,169回,216.21億円
3837,2019-12-10,2300,2334,14:53,2292,12:36,2328,43300株,100百万円,+3,+0.13,2313.141円,239回,216.49億円
3837,2019-12-13,2376,2376,09:00,2286,15:00,2286,67500株,156百万円,-51,-2.18,2312.154円,357回,212.59億円
3837,2019-12-16,2285,2305,09:09,2280,10:18,2296,24100株,55百万円,+10,+0.44,2292.291円,132回,213.52億円
3837,2019-12-17,2305,2305,09:00,2265,13:55,2270,47800株,109百万円,-26,-1.13,2280.305円,270回,211.10億円
3837,2019-12-18,2270,2270,09:00,2203,12:33,2246,50600株,113百万円,-24,-1.06,2230.36円,319回,208.87億円
3837,2019-12-19,2278,2293,09:17,2227,13:34,2245,56200株,127百万円,-1,-0.04,2253.817円,344回,208.77億円
3837,2019-12-20,2250,2330,14:47,2245,09:13,2326,70800株,163百万円,+81,+3.61,2303.652円,416回,216.31億円
3837,2019-12-23,2309,2326,13:58,2280,10:02,2320,38800株,89百万円,-6,-0.26,2304.675円,231回,215.75億円
3837,2019-12-24,2319,2343,09:02,2308,13:32,2317,27300株,63百万円,-3,-0.13,2324.135円,177回,215.47億円
3837,2019-12-25,2335,2368,13:10,2320,09:02,2343,61600株,145百万円,+26,+1.12,2350.042円,309回,217.89億円
3837,2019-12-26,2365,2365,09:00,2299,11:04,2337,59600株,138百万円,-6,-0.26,2322.141円,280回,217.33億円
3837,2019-12-27,2334,2364,12:41,2316,09:07,2329,35800株,84百万円,-8,-0.34,2339.947円,214回,216.58億円
3837,2019-12-30,2300,2311,14:44,2270,09:08,2309,46400株,106百万円,-20,-0.86,2288.468円,271回,214.72億円
3837,2020-01-06,2261,2316,09:52,2251,09:00,2258,36500株,83百万円,-51,-2.21,2271.882円,204回,209.98億円
3837,2020-01-07,2277,2293,09:33,2272,13:36,2286,27000株,62百万円,+28,+1.24,2282.826円,180回,212.59億円
3837,2020-01-08,2261,2264,09:05,2200,09:40,2247,48600株,109百万円,-39,-1.71,2234.549円,312回,208.96億円
3837,2020-01-09,2282,2286,13:20,2247,09:04,2278,34800株,79百万円,+31,+1.38,2276.112円,199回,211.84億円
3837,2020-01-10,2290,2311,09:31,2272,12:37,2286,32200株,74百万円,+8,+0.35,2288.494円,187回,212.59億円
3837,2020-01-14,2300,2309,09:08,2276,12:43,2285,21600株,49百万円,-1,-0.04,2286.644円,143回,212.49億円
3837,2020-01-15,2281,2342,14:58,2264,09:03,2337,50800株,117百万円,+52,+2.28,2311.959円,284回,217.33億円
3837,2020-01-16,2365,2396,11:29,2336,10:17,2385,75300株,178百万円,+48,+2.05,2369.228円,392回,221.79億円
3837,2020-01-17,2400,2418,09:23,2377,09:08,2401,60800株,146百万円,+16,+0.67,2399.046円,306回,223.28億円
3837,2020-01-20,2397,2399,09:01,2335,12:36,2368,66600株,157百万円,-33,-1.37,2360.018円,443回,220.21億円
3837,2020-01-21,2377,2444,13:38,2377,09:00,2433,88200株,213百万円,+65,+2.74,2416.729円,444回,226.26億円
3837,2020-01-22,2428,2500,09:24,2426,09:00,2465,83000株,205百万円,+32,+1.32,2465.578円,391回,229.23億円
3837,2020-01-23,2480,2512,13:05,2452,09:30,2491,66400株,165百万円,+26,+1.05,2489.087円,329回,231.65億円
3837,2020-01-24,2478,2500,09:17,2418,10:15,2428,65600株,161百万円,-63,-2.53,2452円,315回,225.79億円
3837,2020-01-27,2398,2445,12:40,2373,09:04,2396,76800株,185百万円,-32,-1.32,2411.97円,382回,222.82億円
3837,2020-01-28,2371,2431,13:06,2370,09:29,2417,39600株,95百万円,+21,+0.88,2409.197円,241回,224.77億円
3837,2020-01-29,2417,2420,09:54,2380,09:26,2400,38300株,92百万円,-17,-0.70,2400.457円,233回,223億円
3837,2020-01-30,2429,2429,09:00,2276,12:36,2306,86600株,201百万円,-94,-3.92,2322.037円,532回,214億円
3837,2020-01-31,2345,2366,10:24,2312,09:30,2347,52600株,123百万円,+41,+1.78,2344.087円,273回,218億円
3837,2020-02-03,2247,2343,13:51,2247,09:04,2335,51200株,118百万円,-12,-0.51,2300.271円,259回,217億円
3837,2020-02-04,2335,2393,11:05,2327,09:13,2377,46400株,110百万円,+42,+1.80,2366.575円,305回,221億円
3837,2020-02-05,2390,2425,09:02,2375,09:40,2415,29300株,71百万円,+38,+1.60,2407.84円,155回,225億円
3837,2020-02-06,2429,2463,10:02,2299,14:57,2308,124900株,298百万円,-107,-4.43,2382.817円,734回,215億円
3837,2020-02-07,2489,2573,09:23,2412,09:12,2529,328100株,830百万円,+221,+9.58,2528.272円,1757回,235億円
3837,2020-02-10,2548,2633,09:29,2529,09:00,2596,163600株,424百万円,+67,+2.65,2592.817円,810回,241億円
3837,2020-02-12,2597,2643,10:57,2580,14:38,2584,76200株,199百万円,-12,-0.46,2611.69円,402回,240億円
3837,2020-02-13,2560,2574,09:35,2520,14:59,2522,58500株,149百万円,-62,-2.40,2541.626円,300回,235億円
3837,2020-02-14,2511,2539,09:34,2494,09:24,2502,62300株,157百万円,-20,-0.79,2513.634円,363回,233億円
3837,2020-02-17,2486,2493,09:03,2418,14:55,2418,65200株,160百万円,-84,-3.36,2452.724円,390回,225億円
3837,2020-02-17,2407,2425,09:04,2346,12:37,2352,55500株,132百万円,-66,-2.73,2376.045円,326回,219億円
3837,2020-02-18,2398,2460,14:46,2388,09:31,2454,65300株,158百万円,+102,+4.34,2425.274円,391回,228億円
3837,2020-02-20,2494,2500,09:00,2430,09:14,2442,48700株,120百万円,-12,-0.49,2458.095円,298回,227億円
3837,2020-02-21,2442,2547,14:47,2442,09:00,2539,77600株,195百万円,+97,+3.97,2514.657円,391回,236億円
3837,2020-02-25,2520,2521,10:47,2446,09:01,2510,74200株,186百万円,-29,-1.14,2503.608円,405回,233億円
3837,2020-02-26,2470,2492,09:09,2388,11:05,2455,76400株,186百万円,-55,-2.19,2440.313円,471回,228億円
3837,2020-02-27,2455,2455,09:00,2350,14:59,2350,88300株,211百万円,-105,-4.28,2386.152円,474回,219億円
3837,2020-02-28,2273,2280,09:07,2152,14:46,2162,112000株,248百万円,-188,-8.00,2213.89円,671回,201億円
3837,2020-03-02,2166,2335,12:38,2162,09:00,2253,80900株,181百万円,+91,+4.21,2242.742円,525回,210億円
3837,2020-03-03,2348,2361,10:16,2234,13:58,2240,87700株,201百万円,-13,-0.58,2291.94円,513回,208億円
3837,2020-03-04,2213,2277,12:36,2200,09:01,2246,46500株,104百万円,+6,+0.27,2245.589円,254回,209億円
3837,2020-03-05,2296,2308,09:39,2235,11:15,2272,42900株,97百万円,+26,+1.16,2266.434円,236回,211億円
3837,2020-03-06,2236,2244,09:03,2144,12:55,2163,64000株,139百万円,-109,-4.80,2178.317円,352回,201億円
3837,2020-03-06,2078,2113,09:05,1976,14:26,1992,71200株,144百万円,-171,-7.91,2017.924円,473回,185億円
3837,2020-03-10,1932,2076,14:37,1894,09:39,2074,95700株,191百万円,+82,+4.12,1991.949円,567回,193億円
3837,2020-03-11,2087,2123,09:14,2021,15:00,2021,74400株,153百万円,-53,-2.56,2061.004円,516回,188億円
3837,2020-03-12,1960,2005,10:02,1908,12:35,1924,90700株,176百万円,-97,-4.80,1945.236円,574回,179億円
3837,2020-03-13,1804,1823,09:07,1693,13:18,1711,141800株,246百万円,-213,-11.07,1732.66円,703回,159億円
3837,2020-03-16,1787,1843,11:08,1722,09:18,1752,154400株,277百万円,+41,+2.40,1795.129円,795回,163億円
3837,2020-03-17,1692,1864,14:21,1662,09:06,1841,107000株,191百万円,+89,+5.08,1784.774円,525回,171億円
3837,2020-03-18,1921,1948,12:30,1814,14:57,1820,167600株,317百万円,-21,-1.14,1890.14円,731回,169億円
3837,2020-03-19,1895,1895,09:03,1686,13:42,1734,102600株,180百万円,-86,-4.73,1757.908円,531回,161億円
