3914,2019-09-18,4475,4580,09:36,4430,12:51,4490,49000株,221百万円,+15,+0.34,4514.725円,304回,300.20億円
3914,2019-09-19,4515,4730,14:59,4510,09:13,4725,77200株,357百万円,+235,+5.23,4619.987円,439回,315.91億円
3914,2019-09-20,4710,4855,10:15,4640,14:39,4650,103400株,492百万円,-75,-1.59,4755.425円,594回,310.95億円
3914,2019-09-24,4665,4730,09:35,4575,09:08,4730,47000株,220百万円,+80,+1.72,4678.287円,266回,316.30億円
3914,2019-09-25,4740,4760,09:05,4585,11:24,4610,33400株,155百万円,-120,-2.54,4652.335円,211回,308.27億円
3914,2019-09-26,4610,4725,09:46,4450,14:27,4465,63300株,289百万円,-145,-3.15,4558.997円,421回,298.57億円
3914,2019-09-27,4465,4525,09:27,4360,13:49,4470,39600株,175百万円,+5,+0.11,4424.015円,262回,298.91億円
3914,2019-09-30,4420,4540,09:17,4355,13:35,4405,52400株,232百万円,-65,-1.45,4432.052円,272回,294.56億円
3914,2019-10-01,4405,4470,14:59,4340,09:15,4445,29200株,129百万円,+40,+0.91,4430.428円,183回,297.24億円
3914,2019-10-02,4375,4580,11:16,4375,09:00,4480,38900株,175百万円,+35,+0.79,4508.419円,219回,299.58億円
3914,2019-10-03,4445,4445,09:00,4375,10:41,4430,26300株,116百万円,-50,-1.12,4404.068円,177回,296.23億円
3914,2019-10-04,4430,4625,14:00,4410,10:03,4580,47800株,217百万円,+150,+3.39,4547.751円,270回,306.26億円
3914,2019-10-07,4630,4685,09:53,4575,09:11,4585,28200株,130百万円,+5,+0.11,4623.475円,172回,306.60億円
3914,2019-10-08,4585,4725,13:45,4530,09:03,4680,33300株,155百万円,+95,+2.07,4664.565円,191回,312.95億円
3914,2019-10-09,4650,4655,09:03,4550,15:00,4550,29400株,135百万円,-130,-2.78,4588.52円,174回,304.26億円
3914,2019-10-10,4555,4555,09:00,4395,14:32,4405,37100株,165百万円,-145,-3.19,4455.957円,237回,294.56億円
3914,2019-10-11,4440,4440,09:00,4325,15:00,4325,33100株,144百万円,-80,-1.82,4363.489円,199回,289.21億円
3914,2019-10-15,4345,4410,14:59,4340,09:04,4410,14000株,61百万円,+85,+1.97,4382.107円,91回,294.90億円
3914,2019-10-16,4435,4470,09:06,4315,14:50,4330,33200株,146百万円,-80,-1.81,4392.846円,213回,289.55億円
3914,2019-10-17,4305,4350,09:06,4280,09:37,4300,16000株,69百万円,-30,-0.69,4310.469円,92回,287.54億円
3914,2019-10-18,4330,4415,11:20,4275,09:09,4315,26100株,113百万円,+15,+0.35,4333.831円,168回,288.54億円
3914,2019-10-21,4295,4435,13:50,4285,09:43,4390,17100株,75百万円,+75,+1.74,4365.058円,123回,293.56億円
3914,2019-10-23,4420,4550,12:45,4350,09:10,4530,33200株,149百万円,+140,+3.19,4495.572円,210回,302.92億円
3914,2019-10-24,4510,4510,09:00,4415,10:26,4425,23200株,103百万円,-105,-2.32,4447.069円,150回,295.90億円
3914,2019-10-25,4425,4465,09:48,4400,09:07,4425,10700株,47百万円,0,0,4428.271円,80回,295.90億円
3914,2019-10-28,4365,4415,09:10,4355,09:00,4360,19900株,87百万円,-65,-1.47,4378.593円,127回,291.55億円
3914,2019-10-29,4455,4625,10:15,4415,09:03,4495,57700株,262百万円,+135,+3.10,4538.527円,354回,300.58億円
3914,2019-10-30,4500,4530,09:09,4385,10:43,4435,39000株,173百万円,-60,-1.33,4437.179円,201回,296.57億円
3914,2019-10-31,4440,4505,09:06,4440,09:00,4485,13700株,61百万円,+50,+1.13,4473.029円,102回,299.91億円
3914,2019-11-01,4465,4470,09:09,4355,13:46,4445,51700株,228百万円,-40,-0.89,4407.215円,305回,297.24億円
3914,2019-11-05,4510,4510,09:00,4385,14:44,4385,24200株,108百万円,-60,-1.35,4453.099円,153回,293.22億円
3914,2019-11-07,4365,4400,09:19,4300,09:48,4390,30300株,132百万円,+55,+1.27,4349.307円,167回,293.56億円
3914,2019-11-08,4400,4415,14:54,4340,09:07,4415,26700株,117百万円,+25,+0.57,4375.506円,190回,295.23億円
3914,2019-11-11,4315,4465,14:43,4170,09:16,4450,84600株,365百万円,+35,+0.79,4318.192円,495回,297.57億円
3914,2019-11-12,4450,4630,10:01,4430,09:00,4440,62800株,286百万円,-10,-0.22,4546.775円,334回,296.90億円
3914,2019-11-13,4625,4890,12:39,4600,09:06,4805,211800株,1014百万円,+365,+8.22,4787.972円,1110回,321.31億円
3914,2019-11-14,4825,4920,09:10,4770,13:03,4855,76000株,368百万円,+50,+1.04,4844.691円,442回,324.65億円
3914,2019-11-15,4865,4910,09:09,4705,14:43,4715,57800株,278百万円,-140,-2.88,4807.483円,327回,315.29億円
3914,2019-11-18,4700,4990,14:35,4675,09:00,4985,89200株,436百万円,+270,+5.73,4884.535円,445回,333.35億円
3914,2019-11-19,4980,5000,09:01,4775,13:55,4815,88800株,432百万円,-170,-3.41,4867.984円,482回,321.98億円
3914,2019-11-20,4850,4965,09:07,4740,14:48,4775,60900株,294百万円,-40,-0.83,4831.897円,380回,319.30億円
3914,2019-11-21,4790,4790,09:00,4610,10:54,4740,43800株,205百万円,-35,-0.73,4690.662円,263回,316.96億円
3914,2019-11-22,4745,4775,09:05,4715,09:12,4775,25600株,122百万円,+35,+0.74,4749.883円,163回,319.30億円
3914,2019-11-25,4810,4985,13:09,4785,09:11,4945,122700株,602百万円,+170,+3.56,4906.247円,563回,330.67億円
3914,2019-11-26,5000,5050,09:00,4910,09:32,5010,66700株,332百万円,+65,+1.31,4983.283円,371回,335.02億円
3914,2019-11-27,5050,5150,09:11,4940,13:54,4985,82700株,416百万円,-25,-0.50,5036.076円,366回,333.35億円
3914,2019-11-28,4980,4980,09:00,4855,09:29,4890,49600株,243百万円,-95,-1.91,4893.478円,289回,326.99億円
3914,2019-11-29,4945,4965,09:43,4830,14:21,4885,48600株,238百万円,-5,-0.10,4901.204円,247回,326.66億円
3914,2019-12-02,4885,4915,09:09,4745,14:20,4785,61200株,295百万円,-100,-2.05,4826.087円,354回,319.97億円
3914,2019-12-03,4720,4770,09:35,4690,09:05,4730,44100株,208百万円,-55,-1.15,4727.574円,234回,316.30億円
3914,2019-12-05,4595,4595,09:00,4410,10:39,4510,75200株,338百万円,-85,-1.85,4495.459円,337回,301.58億円
3914,2019-12-06,4510,4545,12:36,4435,09:40,4535,46200株,208百万円,+25,+0.55,4492.792円,238回,303.26億円
3914,2019-12-09,4580,4580,09:00,4450,09:31,4525,48100株,217百万円,-10,-0.22,4503.43円,254回,302.59億円
3914,2019-12-10,4520,4700,14:07,4510,09:06,4695,56200株,261百万円,+170,+3.76,4636.744円,329回,313.95億円
3914,2019-12-13,4590,4590,09:00,4475,10:36,4555,39800株,180百万円,+20,+0.44,4528.932円,206回,304.59億円
