4021,2019-08-06,4655,4910,10:11,4655,09:00,4755,1067000株,5101百万円,+30,+0.63,4780.871円,2673回
4021,2019-08-06,4615,4860,13:11,4615,09:03,4845,642500株,3076百万円,+90,+1.89,4787.881円,1537回
4021,2019-08-07,4780,4800,09:00,4655,11:25,4675,774500株,3637百万円,-170,-3.51,4695.673円,1683回
4021,2019-08-08,4695,4825,11:28,4635,09:01,4775,460300株,2197百万円,+100,+2.14,4772.205円,1017回
4021,2019-08-09,4855,4925,14:00,4815,09:09,4895,763700株,3725百万円,+120,+2.51,4877.181円,1152回
4021,2019-08-13,4845,4890,09:00,4750,14:06,4770,548300株,2622百万円,-125,-2.55,4782.678円,1241回
4021,2019-08-14,4835,4865,09:06,4795,10:31,4840,456500株,2207百万円,+70,+1.47,4833.947円,876回
4021,2019-08-15,4770,4800,11:06,4720,09:01,4770,621900株,2963百万円,-70,-1.45,4764.383円,1188回
4021,2019-08-16,4710,4795,14:42,4660,09:06,4775,629500株,2986百万円,+5,+0.10,4743.809円,1343回
4021,2019-08-19,4845,4865,10:20,4815,09:25,4845,353000株,1710百万円,+70,+1.47,4843.667円,759回
4021,2019-08-20,4865,4900,09:32,4845,09:01,4895,354300株,1731百万円,+50,+1.03,4884.973円,786回
4021,2019-08-21,4800,4805,09:03,4745,10:20,4770,401200株,1917百万円,-125,-2.55,4777.516円,906回
4021,2019-08-22,4795,4810,09:02,4755,10:50,4780,295600株,1412百万円,+10,+0.21,4775.063円,557回
4021,2019-08-23,4775,4785,09:01,4700,13:34,4720,349700株,1654百万円,-60,-1.26,4729.594円,751回
4021,2019-08-26,4575,4590,09:42,4480,14:29,4510,795100株,3602百万円,-210,-4.45,4529.908円,1122回
4021,2019-08-26,4515,4575,12:34,4515,09:00,4550,384700株,1750百万円,+40,+0.89,4548.75円,552回
4021,2019-08-28,4535,4585,10:19,4525,09:00,4530,347500株,1579百万円,-20,-0.44,4543.789円,678回
4021,2019-08-29,4485,4485,09:00,4395,11:29,4455,548300株,2433百万円,-75,-1.66,4436.826円,1104回
4021,2019-08-30,4495,4520,13:15,4460,10:40,4495,505000株,2270百万円,+40,+0.90,4495.611円,683回
4021,2019-09-02,4515,4535,11:13,4495,09:38,4500,308100株,1389百万円,+5,+0.11,4507.454円,613回
4021,2019-09-03,4505,4510,09:04,4445,14:50,4455,375800株,1680百万円,-45,-1.00,4469.163円,697回
4021,2019-09-03,4430,4430,09:00,4320,09:40,4340,550100株,2399百万円,-115,-2.58,4361.287円,1048回
4021,2019-09-05,4335,4470,14:24,4285,09:00,4440,837200株,3704百万円,+100,+2.30,4424.251円,1452回
4021,2019-09-05,4470,4505,09:04,4465,09:00,4500,715200株,3212百万円,+60,+1.35,4490.622円,996回
4021,2019-09-07,4490,4530,09:58,4465,12:56,4505,503300株,2265百万円,+5,+0.11,4500.577円,708回
4021,2019-09-10,4545,4545,09:00,4475,13:23,4495,508300株,2287百万円,-10,-0.22,4498.44円,697回
4021,2019-09-11,4535,4585,14:28,4505,09:18,4580,547900株,2497百万円,+85,+1.89,4557.45円,953回
4021,2019-09-12,4575,4660,10:51,4565,09:00,4595,720500株,3323百万円,+15,+0.33,4611.577円,870回
4021,2019-09-13,4645,4645,09:00,4545,09:13,4570,1268100株,5846百万円,-25,-0.54,4610.274円,1160回
4021,2019-09-17,4555,4555,09:00,4465,12:35,4495,598300株,2690百万円,-75,-1.64,4495.426円,890回
4021,2019-09-17,4495,4570,12:30,4495,09:00,4550,447000株,2031百万円,+55,+1.22,4544.739円,700回,6688.50億円
4021,2019-09-19,4580,4610,09:40,4540,12:44,4560,425900株,1946百万円,+10,+0.22,4568.09円,737回,6703.20億円
4021,2019-09-20,4565,4590,09:00,4520,09:29,4555,592600株,2695百万円,-5,-0.11,4548.475円,791回,6695.85億円
4021,2019-09-24,4555,4575,09:00,4550,09:16,4555,469100株,2138百万円,0,0,4558.499円,1078回,6695.85億円
4021,2019-09-25,4525,4580,10:21,4515,09:00,4565,465100株,2120百万円,+10,+0.22,4557.414円,988回,6710.55億円
4021,2019-09-26,4620,4685,09:47,4565,12:32,4595,674700株,3108百万円,+30,+0.66,4606.322円,1127回,6754.65億円
4021,2019-09-27,4565,4585,09:00,4435,14:22,4470,596400株,2670百万円,-125,-2.72,4477.309円,1123回,6570.90億円
4021,2019-09-30,4480,4535,10:47,4465,09:01,4495,594100株,2670百万円,+25,+0.56,4494.679円,751回,6607.65億円
4021,2019-10-01,4525,4645,11:19,4525,09:00,4600,570600株,2628百万円,+105,+2.34,4606.553円,1218回,6762.00億円
4021,2019-10-02,4540,4545,09:00,4345,14:54,4350,1076700株,4743百万円,-250,-5.43,4405.33円,1517回,6394.50億円
4021,2019-10-03,4245,4270,09:03,4165,10:17,4165,668000株,2798百万円,-185,-4.25,4188.517円,1052回,6122.55億円
4021,2019-10-04,4200,4220,09:38,4180,11:01,4215,500300株,2104百万円,+50,+1.20,4206.155円,925回,6196.05億円
4021,2019-10-07,4205,4280,13:41,4195,09:00,4255,396300株,1683百万円,+40,+0.95,4247.217円,805回,6254.85億円
4021,2019-10-08,4265,4300,09:06,4210,13:01,4215,451300株,1910百万円,-40,-0.94,4232.169円,814回,6196.05億円
4021,2019-10-09,4160,4165,09:00,4120,09:41,4160,427200株,1772百万円,-55,-1.30,4147.748円,840回,6115.20億円
4021,2019-10-10,4185,4220,10:39,4140,09:21,4210,355000株,1491百万円,+50,+1.20,4199.272円,675回,6188.70億円
4021,2019-10-11,4255,4255,09:00,4160,12:37,4200,558500株,2353百万円,-10,-0.24,4212.516円,692回,6174.00億円
4021,2019-10-15,4300,4300,09:03,4260,12:30,4275,511200株,2185百万円,+75,+1.79,4274.055円,764回,6284.25億円
4021,2019-10-16,4375,4400,09:09,4290,14:59,4295,628500株,2718百万円,+20,+0.47,4324.97円,1262回,6313.65億円
4021,2019-10-17,4285,4320,09:06,4265,10:35,4290,395300株,1694百万円,-5,-0.12,4286.305円,851回,6306.30億円
4021,2019-10-18,4330,4380,11:05,4315,09:00,4360,414500株,1806百万円,+70,+1.63,4356.786円,755回,6409.20億円
4021,2019-10-21,4360,4375,09:00,4325,10:19,4360,266800株,1162百万円,0,0,4353.536円,451回,6409.20億円
4021,2019-10-23,4400,4425,09:00,4340,13:13,4375,376800株,1648百万円,+15,+0.34,4374.942円,723回,6431.25億円
4021,2019-10-24,4410,4515,11:27,4400,09:00,4485,598900株,2681百万円,+110,+2.51,4476.347円,1102回,6592.95億円
4021,2019-10-25,4430,4460,09:01,4390,13:35,4410,462700株,2042百万円,-75,-1.67,4413.541円,775回,6482.70億円
4021,2019-10-28,4455,4460,09:00,4370,13:02,4370,283600株,1245百万円,-40,-0.91,4389.602円,607回,6423.90億円
4021,2019-10-29,4400,4415,09:04,4365,09:42,4375,490000株,2147百万円,+5,+0.11,4381.047円,753回,6431.25億円
4021,2019-10-30,4360,4430,10:54,4335,09:16,4425,501300株,2206百万円,+50,+1.14,4399.921円,1314回,6504.75億円
4021,2019-10-31,4445,4510,10:22,4435,09:00,4480,479100株,2146百万円,+65,+1.47,4478.865円,753回,6585.60億円
4021,2019-11-01,4415,4425,09:00,4370,09:26,4385,301800株,1325百万円,-95,-2.12,4390.742円,591回,6445.95億円
4021,2019-11-05,4480,4535,14:14,4435,09:23,4520,519300株,2340百万円,+135,+3.08,4505.249円,875回,6644.40億円
4021,2019-11-06,4545,4565,09:17,4450,12:34,4480,453500株,2039百万円,-40,-0.88,4496.637円,791回,6585.60億円
4021,2019-11-07,4480,4490,09:00,4430,12:58,4445,326900株,1455百万円,-35,-0.78,4450.549円,635回,6534.15億円
4021,2019-11-08,4515,4550,12:31,4475,10:51,4525,827600株,3738百万円,+80,+1.80,4516.175円,1026回,6651.75億円
4021,2019-11-11,4785,5010,14:42,4770,09:09,4975,1133100株,5567百万円,+450,+9.94,4913.503円,2414回,7313.25億円
4021,2019-11-12,4975,5020,09:12,4935,13:14,4960,807600株,4016百万円,-15,-0.30,4972.737円,1713回,7291.20億円
4021,2019-11-13,4915,4925,09:00,4785,11:21,4830,507000株,2450百万円,-130,-2.62,4831.387円,1373回,7100.10億円
4021,2019-11-14,4815,4815,09:00,4630,14:59,4630,480100株,2247百万円,-180,-3.74,4680.337円,996回,6806.10億円
4021,2019-11-15,4655,4720,10:13,4625,12:59,4630,484700株,2252百万円,0,0,4645.325円,943回,6806.10億円
4021,2019-11-18,4605,4650,12:30,4580,09:00,4630,492900株,2278百万円,0,0,4621.076円,976回,6806.10億円
4021,2019-11-19,4565,4575,09:02,4480,10:40,4485,494200株,2230百万円,-145,-3.13,4511.973円,1195回,6592.95億円
4021,2019-11-20,4460,4490,09:25,4325,14:59,4335,715100株,3134百万円,-150,-3.34,4382.735円,1562回,6372.45億円
4021,2019-11-21,4320,4340,09:00,4185,11:02,4255,808300株,3435百万円,-80,-1.85,4250.137円,1695回,6254.85億円
4021,2019-11-22,4260,4320,14:05,4225,09:22,4305,606100株,2598百万円,+50,+1.18,4286.651円,1614回,6328.35億円
4021,2019-11-25,4355,4380,10:24,4310,13:28,4330,461600株,2005百万円,+25,+0.58,4343.794円,1261回,6365.10億円
4021,2019-11-26,4350,4425,10:47,4335,09:11,4415,1023800株,4508百万円,+85,+1.96,4403.203円,1452回,6490.05億円
4021,2019-11-27,4425,4465,09:27,4395,15:00,4395,461500株,2037百万円,-20,-0.45,4414.802円,910回,6460.65億円
4021,2019-11-28,4395,4420,09:19,4370,09:33,4385,332000株,1458百万円,-10,-0.23,4390.908円,1134回,6445.95億円
4021,2019-11-29,4400,4420,09:27,4325,14:29,4335,417500株,1818百万円,-50,-1.14,4355.174円,742回,6372.45億円
4021,2019-12-02,4395,4475,09:58,4380,09:00,4440,373500株,1660百万円,+105,+2.42,4445.25円,767回,6526.80億円
4021,2019-12-03,4375,4420,10:16,4360,09:20,4405,432700株,1902百万円,-35,-0.79,4394.807円,890回,6475.35億円
4021,2019-12-05,4455,4515,14:41,4445,09:00,4505,380000株,1705百万円,+100,+2.27,4487.316円,789回,6622.35億円
4021,2019-12-06,4565,4580,09:00,4515,09:09,4545,446300株,2030百万円,+40,+0.89,4548.378円,930回,6681.15億円
4021,2019-12-09,4590,4610,09:00,4530,09:39,4550,362200株,1653百万円,+5,+0.11,4562.955円,555回,6688.50億円
4021,2019-12-10,4485,4540,09:14,4470,09:00,4480,362400株,1629百万円,-70,-1.54,4495.033円,580回,6585.60億円
4021,2019-12-13,4695,4805,12:55,4685,09:05,4795,1351200株,6408百万円,+240,+5.27,4742.436円,1715回,7048.65億円
4021,2019-12-16,4795,4835,10:30,4750,13:59,4755,567800株,2712百万円,-40,-0.83,4776.227円,1085回,6989.85億円
4021,2019-12-17,4825,4835,09:12,4755,14:37,4775,463900株,2219百万円,+20,+0.42,4782.847円,872回,7019.25億円
4021,2019-12-18,4815,4850,09:00,4760,12:44,4795,434500株,2083百万円,+20,+0.42,4794.286円,853回,7048.65億円
4021,2019-12-19,4780,4795,09:00,4705,10:32,4775,406100株,1932百万円,-20,-0.42,4756.226円,864回,7019.25億円
4021,2019-12-20,4790,4830,09:23,4760,10:35,4770,526600株,2517百万円,-5,-0.10,4780.297円,709回,7011.90億円
4021,2019-12-23,4800,4805,09:01,4710,09:38,4735,317700株,1506百万円,-35,-0.73,4741.648円,629回,6960.45億円
4021,2019-12-24,4730,4745,09:01,4700,09:29,4725,171200株,808百万円,-10,-0.21,4722.512円,379回,6945.75億円
4021,2019-12-25,4730,4730,09:00,4665,12:30,4685,170700株,800百万円,-40,-0.85,4688.978円,360回,6886.95億円
4021,2019-12-26,4660,4735,10:35,4660,09:00,4730,199800株,943百万円,+45,+0.96,4721.276円,383回,6953.10億円
4021,2019-12-27,4760,4775,09:00,4700,10:46,4720,268600株,1270百万円,-10,-0.21,4727.649円,638回,6938.40億円
4021,2019-12-30,4650,4670,10:37,4585,14:40,4595,376300株,1734百万円,-125,-2.65,4608.704円,681回,6754.65億円
4021,2020-01-06,4475,4530,10:35,4460,14:17,4470,484100株,2168百万円,-125,-2.72,4478.597円,726回,6570.90億円
4021,2020-01-07,4495,4610,11:11,4495,09:00,4585,449000株,2051百万円,+115,+2.57,4568.97円,684回,6739.95億円
4021,2020-01-08,4445,4500,14:15,4405,09:25,4480,586200株,2616百万円,-105,-2.29,4462.058円,1332回,6585.60億円
4021,2020-01-09,4610,4620,09:03,4520,12:30,4580,493900株,2262百万円,+100,+2.23,4579.219円,1034回,6732.60億円
4021,2020-01-10,4645,4685,11:12,4605,09:12,4670,503900株,2345百万円,+90,+1.97,4654.166円,736回,6864.90億円
4021,2020-01-14,4735,4780,11:00,4715,12:33,4730,427300株,2026百万円,+60,+1.28,4740.829円,839回,6953.10億円
4021,2020-01-15,4685,4725,09:22,4630,13:36,4645,330900株,1543百万円,-85,-1.80,4662.644円,724回,6828.15億円
4021,2020-01-16,4715,4720,09:18,4635,12:34,4645,321600株,1499百万円,0,0,4662.046円,573回,6828.15億円
4021,2020-01-17,4655,4775,14:40,4655,09:00,4760,428900株,2028百万円,+115,+2.48,4727.856円,628回,6997.20億円
4021,2020-01-20,4755,4760,09:00,4695,09:51,4735,204900株,970百万円,-25,-0.53,4736.406円,473回,6960.45億円
4021,2020-01-21,4765,4770,09:00,4650,10:33,4695,468400株,2198百万円,-40,-0.84,4693.523円,725回,6901.65億円
4021,2020-01-22,4700,4750,12:30,4690,09:00,4725,324100株,1530百万円,+30,+0.64,4721.64円,525回,6945.75億円
4021,2020-01-23,4630,4660,09:03,4565,09:30,4605,468500株,2158百万円,-120,-2.54,4606.614円,878回,6769.35億円
4021,2020-01-24,4660,4735,14:07,4645,09:00,4725,496000株,2336百万円,+120,+2.61,4709.303円,963回,6945.75億円
4021,2020-01-27,4630,4645,09:03,4515,11:18,4525,666900株,3035百万円,-200,-4.23,4551.346円,1382回,6651.75億円
4021,2020-01-28,4485,4550,14:47,4445,09:14,4545,456600株,2061百万円,+20,+0.44,4514.616円,728回,6681.15億円
4021,2020-01-29,4550,4600,10:43,4540,09:02,4570,409700株,1873百万円,+25,+0.55,4572.508円,703回,6718億円
4021,2020-01-30,4550,4580,09:15,4520,12:53,4555,587000株,2673百万円,-15,-0.33,4553.6円,1150回,6696億円
4021,2020-01-31,4565,4660,10:15,4545,09:19,4585,518200株,2384百万円,+30,+0.66,4600.177円,1021回,6740億円
4021,2020-02-03,4520,4595,09:44,4485,09:00,4535,452400株,2057百万円,-50,-1.09,4545.938円,961回,6666億円
4021,2020-02-04,4545,4575,13:34,4505,09:04,4565,479900株,2186百万円,+30,+0.66,4555.28円,812回,6711億円
4021,2020-02-05,4635,4705,14:06,4625,09:01,4660,422400株,1970百万円,+95,+2.08,4664.244円,871回,6850億円
4021,2020-02-06,4755,4895,13:30,4740,09:03,4865,903100株,4375百万円,+205,+4.40,4844.336円,1445回,7152億円
4021,2020-02-07,4825,4860,10:02,4795,09:02,4840,517600株,2502百万円,-25,-0.51,4834.646円,968回,7115億円
4021,2020-02-10,4980,5090,09:09,4910,10:07,5010,910600株,4555百万円,+170,+3.51,5002.671円,1599回,7365億円
4021,2020-02-10,5130,5140,09:03,5030,09:12,5070,623600株,3165百万円,+60,+1.20,5074.66円,897回,7453億円
4021,2020-02-13,5100,5150,10:23,5080,09:01,5130,580800株,2974百万円,+60,+1.18,5120.534円,810回,7541億円
4021,2020-02-14,5090,5150,12:51,5020,09:18,5140,408700株,2090百万円,+10,+0.19,5114.734円,518回,7556億円
4021,2020-02-17,5130,5150,10:43,5060,09:02,5120,312400株,1597百万円,-20,-0.39,5112.199円,585回,7526億円
4021,2020-02-17,5120,5120,09:00,5030,12:47,5090,425300株,2158百万円,-30,-0.59,5072.944円,750回,7482億円
4021,2020-02-18,5050,5060,09:00,4970,12:33,5010,604600株,3029百万円,-80,-1.57,5010.207円,866回,7365億円
4021,2020-02-20,5030,5070,09:06,5000,12:33,5050,431200株,2174百万円,+40,+0.80,5041.586円,848回,7424億円
4021,2020-02-21,5000,5090,10:37,4975,09:01,5010,386000株,1938百万円,-40,-0.79,5020.626円,703回,7365億円
4021,2020-02-25,4790,4860,09:06,4760,13:10,4780,646800株,3101百万円,-230,-4.59,4793.708円,1327回,7027億円
4021,2020-02-26,4710,4770,12:30,4675,10:44,4750,727800株,3451百万円,-30,-0.63,4742.203円,1358回,6983億円
4021,2020-02-27,4720,4750,10:25,4670,09:13,4725,688200株,3251百万円,-25,-0.53,4723.468円,1623回,6946億円
4021,2020-02-28,4560,4610,11:13,4515,14:42,4565,1089600株,4967百万円,-160,-3.39,4558.38円,1693回,6665億円
4021,2020-03-02,4500,4610,12:38,4430,09:01,4570,710600株,3236百万円,+5,+0.11,4553.334円,1542回,6672億円
4021,2020-03-03,4610,4680,09:52,4540,13:35,4545,722400株,3315百万円,-25,-0.55,4588.227円,1578回,6636億円
4021,2020-03-04,4500,4620,09:55,4465,09:00,4565,438400株,2002百万円,+20,+0.44,4567.394円,939回,6665億円
4021,2020-03-05,4640,4660,09:19,4565,13:18,4605,713900株,3289百万円,+40,+0.88,4607.125円,1309回,6723億円
4021,2020-03-06,4475,4505,09:03,4355,12:54,4400,874400株,3849百万円,-205,-4.45,4402.103円,1356回,6424億円
4021,2020-03-06,4200,4255,09:08,4060,11:30,4205,896900株,3738百万円,-195,-4.43,4167.533円,1755回,6139億円
4021,2020-03-10,4100,4220,14:32,3935,09:37,4215,833500株,3456百万円,+10,+0.24,4145.85円,1909回,6154億円
4021,2020-03-11,4160,4215,09:13,4020,14:54,4030,834200株,3398百万円,-185,-4.39,4073.195円,1782回,5884億円
4021,2020-03-12,3960,4015,09:02,3785,11:30,3840,828200株,3205百万円,-190,-4.71,3869.658円,1849回,5606億円
4021,2020-03-13,3420,3695,14:18,3395,10:40,3565,1624200株,5672百万円,-275,-7.16,3492.118円,2287回,5205億円
4021,2020-03-16,3615,3655,09:00,3365,14:59,3390,762300株,2636百万円,-175,-4.91,3457.422円,1843回,4949億円
4021,2020-03-17,3280,3390,10:34,3125,13:34,3180,1402700株,4502百万円,-210,-6.19,3209.696円,3052回,4643億円
4021,2020-03-18,3240,3265,09:00,2929,14:40,2951,1275500株,3915百万円,-229,-7.20,3069.097円,3764回,4308億円
4021,2020-03-19,3205,3205,09:09,2701,14:06,2770,1697500株,4856百万円,-181,-6.13,2860.863円,4372回,4044億円
4021,2020-03-23,2920,3105,12:58,2821,09:14,3005,1308700株,3919百万円,+235,+8.48,2994.68円,4088回,4387億円
4021,2020-03-24,3070,3450,11:08,3055,09:10,3360,1275900株,4178百万円,+355,+11.81,3274.892円,2977回,4906億円
4021,2020-03-25,3500,3650,14:58,3365,12:31,3620,946200株,3345百万円,+260,+7.74,3535.57円,2070回,5285億円
4021,2020-03-26,3675,3835,13:11,3670,09:00,3710,1004600株,3743百万円,+90,+2.49,3726.208円,2443回,5417億円
4021,2020-03-27,3850,3985,15:00,3635,10:25,3985,1423600株,5519百万円,+275,+7.41,3876.856円,3205回,5818億円
4021,2020-03-30,3910,4010,09:13,3835,13:35,4005,1051700株,4144百万円,+20,+0.50,3940.317円,2501回,5847億円
4021,2020-03-31,3990,4075,10:11,3870,09:15,3980,424600株,1680百万円,-25,-0.62,3956.841円,1635回,5811億円
4021,2020-04-01,3900,3970,10:25,3610,14:49,3650,853600株,3211百万円,-290,-7.36,3761.146円,1960回,5329億円
4021,2020-04-02,3525,3635,12:47,3445,10:10,3555,800000株,2835百万円,-95,-2.60,3543.792円,1867回,5190億円
4021,2020-04-03,3570,3690,09:00,3455,14:13,3505,684000株,2408百万円,-50,-1.41,3520.259円,1525回,5117億円
4021,2020-04-06,3480,3735,14:52,3460,09:00,3695,585500株,2128百万円,+190,+5.42,3634.126円,1488回,5395億円
