4027,2019-08-30,1819,1879,12:38,1819,09:00,1870,44800株,83百万円,+62,+3.43,1856.473円,194回
4027,2019-09-02,1860,1861,09:09,1835,10:22,1847,12500株,23百万円,-23,-1.23,1846.056円,76回
4027,2019-09-03,1847,1900,12:48,1844,09:00,1869,25300株,48百万円,+22,+1.19,1877.953円,180回
4027,2019-09-03,1856,1866,11:06,1830,09:35,1836,26000株,48百万円,-33,-1.77,1845.723円,146回
4027,2019-09-05,1849,1918,12:30,1849,09:00,1905,27300株,52百万円,+69,+3.76,1899.582円,165回
4027,2019-09-05,1927,1935,09:04,1870,14:58,1873,20000株,38百万円,-32,-1.68,1894.845円,122回
4027,2019-09-07,1894,1899,09:38,1876,09:09,1891,25400株,48百万円,+18,+0.96,1889.941円,129回
4027,2019-09-10,1907,1924,15:00,1872,10:19,1924,34200株,65百万円,+33,+1.75,1902.716円,208回
4027,2019-09-11,1930,1964,14:43,1910,10:38,1962,34400株,67百万円,+38,+1.98,1946.535円,196回
4027,2019-09-12,1993,1996,14:37,1958,09:14,1984,55900株,111百万円,+22,+1.12,1981.386円,301回
4027,2019-09-13,1995,2003,13:51,1970,09:01,1993,74600株,149百万円,+9,+0.45,1992.204円,286回
4027,2019-09-17,1993,1993,09:00,1929,12:36,1949,45700株,89百万円,-44,-2.21,1955.129円,262回
4027,2019-09-17,1954,1957,09:01,1899,14:55,1909,45500株,87百万円,-40,-2.05,1915.862円,292回,490.89億円
4027,2019-09-19,1919,1977,14:54,1917,09:01,1973,47500株,93百万円,+64,+3.35,1959.272円,276回,507.35億円
4027,2019-09-20,1978,1978,09:00,1945,09:04,1965,41400株,81百万円,-8,-0.41,1956.816円,239回,505.29億円
4027,2019-09-24,1966,2013,14:34,1955,09:02,2007,31600株,63百万円,+42,+2.14,1996.025円,184回,516.09億円
4027,2019-09-25,1998,2022,13:00,1972,09:46,2002,42200株,84百万円,-5,-0.25,1996.919円,268回,514.80億円
4027,2019-09-26,2024,2057,12:38,2009,14:51,2031,62100株,127百万円,+29,+1.45,2038.599円,332回,522.26億円
4027,2019-09-27,2008,2026,09:02,1980,10:10,2011,63500株,127百万円,-20,-0.98,2000.367円,407回,517.12億円
4027,2019-09-30,1983,1989,09:12,1916,11:20,1955,69500株,135百万円,-56,-2.78,1948.571円,437回,502.72億円
4027,2019-10-01,1971,2043,14:25,1971,09:00,2027,49700株,101百万円,+72,+3.68,2022.4円,313回,521.23億円
4027,2019-10-02,2002,2002,09:00,1951,11:22,1987,47400株,94百万円,-40,-1.97,1974.16円,299回,510.95億円
4027,2019-10-03,1947,1957,14:56,1926,09:02,1957,35500株,69百万円,-30,-1.51,1940.89円,221回,503.23億円
4027,2019-10-04,1957,1977,14:42,1937,09:00,1969,21700株,43百万円,+12,+0.61,1960.719円,110回,506.32億円
4027,2019-10-07,1967,2002,14:58,1962,10:04,1993,26000株,52百万円,+24,+1.22,1981.804円,152回,512.49億円
4027,2019-10-08,1983,2000,11:08,1973,13:24,1987,31300株,62百万円,-6,-0.30,1986.035円,182回,510.95億円
4027,2019-10-09,1953,1968,14:54,1932,09:01,1966,35600株,70百万円,-21,-1.06,1955.433円,224回,505.55億円
4027,2019-10-10,1974,1981,09:01,1926,13:21,1942,39700株,77百万円,-24,-1.22,1942.536円,273回,499.37億円
4027,2019-10-11,1960,1962,09:03,1930,12:30,1941,39700株,77百万円,-1,-0.05,1943.018円,228回,499.12億円
4027,2019-10-15,1981,2059,14:39,1979,09:03,2055,76400株,156百万円,+114,+5.87,2039.289円,434回,528.43億円
4027,2019-10-16,2097,2121,09:06,2071,10:25,2089,34700株,73百万円,+34,+1.65,2089.378円,189回,537.17億円
4027,2019-10-17,2101,2101,09:00,2070,09:39,2072,32500株,68百万円,-17,-0.81,2079.062円,190回,532.80億円
4027,2019-10-18,2078,2094,09:20,2046,14:32,2062,32600株,67百万円,-10,-0.48,2065.169円,221回,530.23億円
4027,2019-10-21,2068,2072,14:48,2051,09:21,2071,25700株,53百万円,+9,+0.44,2065.389円,162回,532.55億円
4027,2019-10-23,2072,2082,14:59,2048,09:19,2081,20000株,41百万円,+10,+0.48,2063.67円,121回,535.12億円
4027,2019-10-24,2098,2100,09:00,2066,10:33,2082,31500株,66百万円,+1,+0.05,2083.651円,208回,535.37億円
4027,2019-10-25,2082,2120,15:00,2077,09:07,2120,36800株,77百万円,+38,+1.83,2102.495円,227回,545.15億円
4027,2019-10-28,2120,2126,09:13,2082,10:14,2109,27400株,58百万円,-11,-0.52,2102.69円,188回,542.32億円
4027,2019-10-29,2126,2144,09:07,2097,10:28,2114,35900株,76百万円,+5,+0.24,2117.067円,202回,543.60億円
4027,2019-10-30,2106,2164,14:56,2084,10:05,2162,78500株,168百万円,+48,+2.27,2144.866円,315回,555.95億円
4027,2019-10-31,2164,2169,09:00,2111,11:15,2150,31700株,68百万円,-12,-0.56,2146.372円,222回,552.86億円
4027,2019-11-01,2149,2152,13:02,2113,09:33,2142,28500株,61百万円,-8,-0.37,2135.256円,190回,550.80億円
4027,2019-11-05,2186,2195,15:00,2166,10:33,2195,32800株,72百万円,+53,+2.47,2185.463円,201回,564.43億円
4027,2019-11-07,2207,2210,09:01,2114,11:28,2144,33400株,72百万円,-50,-2.28,2149.841円,189回,551.32億円
4027,2019-11-08,2169,2177,09:22,2115,14:49,2123,34100株,73百万円,-21,-0.98,2137.161円,199回,545.92億円
4027,2019-11-11,2123,2149,09:09,2052,12:30,2075,35900株,75百万円,-48,-2.26,2082.187円,237回,533.57億円
4027,2019-11-12,2059,2069,09:08,2039,10:17,2058,44600株,92百万円,-17,-0.82,2052.7円,250回,529.20億円
4027,2019-11-13,2059,2059,09:00,2006,13:57,2017,27100株,55百万円,-41,-1.99,2022.085円,163回,518.66億円
4027,2019-11-14,2017,2017,09:00,1965,13:08,1969,26200株,52百万円,-48,-2.38,1981.863円,159回,506.32億円
4027,2019-11-15,1984,2018,10:16,1969,14:50,1977,37400株,74百万円,+8,+0.41,1987.08円,250回,508.37億円
4027,2019-11-18,1992,2031,10:00,1992,09:00,2017,29400株,59百万円,+40,+2.02,2014.775円,157回,518.66億円
4027,2019-11-19,2031,2031,09:00,1959,13:55,1962,27400株,54百万円,-55,-2.73,1973.766円,180回,504.52億円
4027,2019-11-20,1962,1976,09:43,1930,14:43,1931,16700株,32百万円,-31,-1.58,1941.796円,108回,496.55億円
4027,2019-11-21,1912,1926,09:02,1877,10:56,1911,34300株,65百万円,-20,-1.04,1898.912円,206回,491.40億円
4027,2019-11-22,1911,1944,10:54,1911,09:00,1919,24300株,47百万円,+8,+0.42,1925.321円,134回,493.46億円
4027,2019-11-25,1933,1960,09:04,1927,13:32,1940,15600株,30百万円,+21,+1.09,1939.846円,105回,498.86億円
4027,2019-11-26,1961,1967,09:00,1910,14:59,1920,49000株,94百万円,-20,-1.03,1927.871円,249回,493.72億円
4027,2019-11-27,1937,1945,14:59,1928,10:10,1943,13000株,25百万円,+23,+1.20,1937.7円,100回,499.63億円
4027,2019-11-28,1970,1984,09:00,1929,14:50,1930,20700株,40百万円,-13,-0.67,1941.217円,105回,496.29億円
4027,2019-11-29,1930,1997,13:43,1930,09:00,1979,33300株,66百万円,+49,+2.54,1974.844円,239回,508.89億円
4027,2019-12-02,2001,2001,09:00,1949,14:26,1954,33000株,65百万円,-25,-1.26,1962.758円,200回,502.46億円
4027,2019-12-03,1949,1949,09:00,1915,09:03,1936,30800株,60百万円,-18,-0.92,1934.201円,212回,497.83億円
4027,2019-12-05,1950,1968,09:18,1948,14:55,1952,14700株,29百万円,+9,+0.46,1955.66円,89回,501.95億円
4027,2019-12-06,1952,1970,09:57,1940,14:38,1950,26400株,51百万円,-2,-0.10,1949.386円,162回,501.43億円
4027,2019-12-09,1972,1988,09:03,1963,13:11,1967,20800株,41百万円,+17,+0.87,1971.284円,124回,505.80億円
4027,2019-12-10,1969,1978,09:11,1938,11:09,1947,29000株,57百万円,-20,-1.02,1949.497円,188回,500.66億円
4027,2019-12-13,1938,1947,09:00,1898,13:43,1912,66300株,127百万円,+6,+0.31,1918.581円,374回,491.66億円
4027,2019-12-16,1912,1949,14:50,1912,09:00,1938,63200株,122百万円,+26,+1.36,1927.861円,322回,498.35億円
4027,2019-12-17,1958,1958,09:00,1905,11:30,1918,37700株,73百万円,-20,-1.03,1929.119円,166回,493.20億円
4027,2019-12-18,1919,1919,09:00,1872,14:15,1884,27500株,52百万円,-34,-1.77,1889.647円,145回,484.46億円
4027,2019-12-19,1884,1972,14:59,1884,09:00,1972,33600株,65百万円,+88,+4.67,1941.167円,220回,507.09億円
4027,2019-12-20,1992,2075,12:35,1985,09:00,2037,66400株,135百万円,+65,+3.30,2033.501円,411回,523.80億円
4027,2019-12-23,2059,2060,09:00,1946,14:59,1947,25900株,51百万円,-90,-4.42,1976.9円,161回,500.66億円
4027,2019-12-24,1966,2006,14:38,1965,09:46,2004,25400株,50百万円,+57,+2.93,1987.362円,147回,515.32億円
4027,2019-12-25,2024,2025,09:02,1949,12:36,1954,23300株,46百万円,-50,-2.50,1979.648円,137回,502.46億円
4027,2019-12-26,1954,1954,09:00,1925,09:23,1953,22000株,43百万円,-1,-0.05,1943.268円,126回,502.20億円
4027,2019-12-27,1961,1993,13:25,1952,11:27,1986,21900株,43百万円,+33,+1.69,1975.721円,116回,510.69億円
4027,2019-12-30,1988,1988,09:00,1934,14:50,1937,30400株,59百万円,-49,-2.47,1950.359円,156回,498.09億円
4027,2020-01-06,1926,2008,14:49,1919,09:02,1993,74500株,147百万円,+56,+2.89,1970.395円,439回,512.49億円
4027,2020-01-07,2005,2060,10:35,2005,09:00,2040,50900株,104百万円,+47,+2.36,2042.705円,335回,524.57億円
4027,2020-01-08,2000,2000,09:00,1926,09:34,1938,51300株,100百万円,-102,-5.00,1945.074円,360回,498.35億円
4027,2020-01-09,1978,2032,14:01,1978,09:02,2012,35200株,71百万円,+74,+3.82,2012.33円,273回,517.37億円
4027,2020-01-10,2023,2026,09:01,1961,10:55,1976,45400株,90百万円,-36,-1.79,1980.705円,266回,508.12億円
4027,2020-01-14,2002,2029,09:06,1983,10:09,2012,39900株,80百万円,+36,+1.82,2004.03円,273回,517.37億円
4027,2020-01-15,2011,2031,09:28,1990,12:35,2021,40000株,81百万円,+9,+0.45,2016.158円,253回,519.69億円
4027,2020-01-16,2020,2040,10:57,2003,09:29,2028,34500株,70百万円,+7,+0.35,2023.122円,204回,521.49億円
4027,2020-01-17,2029,2084,10:19,2029,09:00,2050,56100株,115百万円,+22,+1.08,2054.399円,322回,527.15億円
4027,2020-01-20,2036,2054,09:48,2018,15:00,2018,20300株,41百万円,-32,-1.56,2034.453円,139回,518.92億円
4027,2020-01-21,2027,2057,09:10,1984,14:40,1994,23500株,47百万円,-24,-1.19,2011.323円,155回,512.75億円
4027,2020-01-22,1991,1996,12:31,1971,14:51,1971,14900株,29百万円,-23,-1.15,1979.04円,90回,506.83億円
4027,2020-01-23,1970,1996,09:59,1970,09:00,1982,30400株,60百万円,+11,+0.56,1983.217円,214回,509.66億円
4027,2020-01-24,1989,2003,14:10,1970,10:06,1983,20300株,40百万円,+1,+0.05,1986.419円,139回,509.92億円
4027,2020-01-27,1972,1972,09:00,1917,09:32,1922,30700株,59百万円,-61,-3.08,1935.625円,163回,494.23億円
4027,2020-01-28,1901,1904,09:04,1874,11:05,1887,38600株,73百万円,-35,-1.82,1887.088円,206回,485.23億円
4027,2020-01-29,1893,1907,09:04,1866,09:39,1893,32700株,62百万円,+6,+0.32,1884.566円,177回,487億円
4027,2020-01-30,1875,1885,09:03,1833,14:40,1836,27500株,51百万円,-57,-3.01,1850.531円,160回,472億円
4027,2020-01-31,1850,1916,14:54,1850,09:00,1912,37100株,70百万円,+76,+4.14,1897.545円,224回,492億円
4027,2020-02-03,1858,1888,09:46,1852,10:23,1852,40100株,75百万円,-60,-3.14,1862.259円,253回,476億円
4027,2020-02-04,1850,1884,14:59,1832,10:05,1884,52100株,97百万円,+32,+1.73,1854.804円,336回,484億円
4027,2020-02-05,1893,1935,13:45,1882,09:04,1921,24400株,47百万円,+37,+1.96,1917.037円,150回,494億円
4027,2020-02-06,1949,2026,13:22,1944,09:02,1997,52200株,104百万円,+76,+3.96,1991.674円,273回,514億円
4027,2020-02-07,1977,1977,09:00,1900,14:02,1916,28900株,56百万円,-81,-4.06,1922.605円,200回,493億円
4027,2020-02-10,1910,1917,09:43,1873,13:38,1876,27400株,52百万円,-40,-2.09,1888.719円,161回,482億円
4027,2020-02-12,1876,1892,09:18,1846,10:11,1868,37800株,70百万円,-8,-0.43,1862.95円,240回,480億円
4027,2020-02-13,1871,1882,09:02,1826,14:59,1834,38300株,71百万円,-34,-1.82,1843.794円,229回,472億円
4027,2020-02-14,1827,1827,09:00,1781,13:35,1794,29500株,53百万円,-40,-2.18,1801.556円,181回,461億円
4027,2020-02-17,1790,1790,09:00,1719,09:22,1723,43400株,75百万円,-71,-3.96,1734.318円,286回,443億円
4027,2020-02-17,1699,1702,09:00,1656,12:41,1670,39100株,65百万円,-53,-3.08,1674.317円,194回,429億円
4027,2020-02-18,1662,1682,09:11,1654,14:59,1654,29500株,49百万円,-16,-0.96,1668.498円,168回,425億円
4027,2020-02-20,1662,1675,09:05,1630,14:59,1631,31200株,51百万円,-23,-1.39,1650.558円,189回,419億円
4027,2020-02-21,1626,1671,12:30,1626,09:00,1659,28600株,47百万円,+28,+1.72,1649.018円,184回,427億円
4027,2020-02-25,1561,1592,10:18,1543,14:59,1551,64900株,102百万円,-108,-6.51,1565.595円,334回,399億円
4027,2020-02-26,1529,1562,14:56,1511,10:42,1557,41800株,64百万円,+6,+0.39,1539.538円,256回,400億円
4027,2020-02-27,1550,1561,09:07,1530,13:59,1542,50000株,77百万円,-15,-0.96,1544.824円,272回,397億円
4027,2020-02-28,1502,1530,09:46,1462,14:52,1469,50600株,75百万円,-73,-4.73,1486.707円,251回,378億円
4027,2020-03-02,1469,1561,12:35,1461,09:00,1541,42700株,65百万円,+72,+4.90,1532.684円,266回,396億円
4027,2020-03-03,1561,1601,09:05,1495,13:37,1499,50200株,77百万円,-42,-2.73,1524.5円,247回,385億円
4027,2020-03-04,1478,1518,12:30,1463,09:06,1495,27500株,41百万円,-4,-0.27,1495.68円,155回,384億円
4027,2020-03-05,1526,1526,09:03,1496,13:18,1503,32000株,48百万円,+8,+0.54,1509円,166回,386億円
4027,2020-03-06,1485,1485,09:00,1430,14:14,1432,38100株,55百万円,-71,-4.72,1447.26円,190回,368億円
4027,2020-03-06,1342,1399,09:10,1330,11:11,1344,76300株,103百万円,-88,-6.15,1351.6円,380回,346億円
4027,2020-03-10,1284,1402,14:26,1264,09:38,1392,61500株,82百万円,+48,+3.57,1338.894円,342回,358億円
4027,2020-03-11,1400,1416,09:12,1336,15:00,1336,35500株,49百万円,-56,-4.02,1368.197円,195回,344億円
4027,2020-03-12,1317,1337,09:07,1266,12:58,1278,73100株,94百万円,-58,-4.34,1291.451円,383回,329億円
4027,2020-03-13,1180,1249,14:19,1145,11:16,1205,75600株,89百万円,-73,-5.71,1180.205円,357回,310億円
4027,2020-03-16,1235,1300,09:11,1235,09:00,1240,27200株,35百万円,+35,+2.90,1268.573円,190回,319億円
4027,2020-03-17,1213,1336,14:58,1170,09:09,1325,66000株,84百万円,+85,+6.85,1272.646円,353回,341億円
4027,2020-03-18,1332,1366,12:30,1268,14:59,1268,30600株,40百万円,-57,-4.30,1317.585円,182回,326億円
4027,2020-03-19,1298,1377,09:47,1273,12:59,1305,39700株,52百万円,+37,+2.92,1315.889円,213回,336億円
4027,2020-03-23,1335,1416,12:37,1287,09:33,1384,50800株,70百万円,+79,+6.05,1374.081円,287回,356億円
4027,2020-03-24,1385,1437,09:03,1304,13:36,1363,50500株,68百万円,-21,-1.52,1352.97円,232回,350億円
4027,2020-03-25,1450,1460,09:06,1357,12:43,1419,50200株,71百万円,+56,+4.11,1406.972円,253回,365億円
4027,2020-03-26,1420,1466,14:47,1365,09:33,1460,53300株,77百万円,+41,+2.89,1438.381円,288回,375億円
4027,2020-03-27,1520,1617,15:00,1476,10:12,1617,65100株,101百万円,+157,+10.75,1551.922円,295回,416億円
4027,2020-03-30,1577,1587,09:00,1510,10:09,1580,44500株,69百万円,-37,-2.29,1548.589円,203回,406億円
4027,2020-03-31,1554,1557,09:08,1422,14:58,1437,34500株,51百万円,-143,-9.05,1469.487円,183回,370億円
4027,2020-04-01,1458,1493,12:56,1400,14:46,1405,31300株,45百万円,-32,-2.23,1444.78円,130回,361億円
4027,2020-04-02,1375,1415,09:02,1327,10:18,1348,26600株,36百万円,-57,-4.06,1347.071円,141回,347億円
4027,2020-04-03,1361,1419,09:11,1341,14:33,1360,21000株,29百万円,+12,+0.89,1374.757円,117回,350億円
4027,2020-04-06,1352,1452,14:55,1332,09:08,1450,36300株,51百万円,+90,+6.62,1406.105円,177回,373億円
