4028,2019-08-30,824,871,14:55,824,09:00,867,446300株,381百万円,+57,+7.04,852.769円,1082回
4028,2019-09-02,860,868,09:00,855,09:21,861,151300株,130百万円,-6,-0.69,860.973円,428回
4028,2019-09-03,851,870,13:37,851,09:00,864,218900株,189百万円,+3,+0.35,863.522円,656回
4028,2019-09-03,857,865,11:06,847,09:20,853,191600株,164百万円,-11,-1.27,855.427円,582回
4028,2019-09-05,858,886,12:42,851,09:01,877,263900株,230百万円,+24,+2.81,873.075円,774回
4028,2019-09-05,892,895,09:00,855,11:29,863,289400株,251百万円,-14,-1.60,867.387円,996回
4028,2019-09-07,867,884,14:59,860,09:24,881,246900株,216百万円,+18,+2.09,874.445円,659回
4028,2019-09-10,895,928,14:25,893,09:04,922,363000株,333百万円,+41,+4.65,916.326円,1029回
4028,2019-09-11,925,952,14:15,920,09:02,944,318400株,299百万円,+22,+2.39,939.747円,901回
4028,2019-09-12,959,968,09:05,945,09:37,957,278000株,267百万円,+13,+1.38,959.298円,822回
4028,2019-09-13,972,973,09:00,941,09:16,959,533800株,513百万円,+2,+0.21,961.446円,1412回
4028,2019-09-17,950,966,14:18,941,09:09,960,317800株,305百万円,+1,+0.10,958.517円,1049回
4028,2019-09-17,952,953,09:00,921,12:40,931,322100株,300百万円,-29,-3.02,932.467円,965回,375.97億円
4028,2019-09-19,923,948,09:31,923,09:00,931,256900株,239百万円,0,0,930.155円,732回,375.97億円
4028,2019-09-20,937,940,10:35,919,11:24,928,426100株,396百万円,-3,-0.32,928.349円,919回,374.76億円
4028,2019-09-24,927,938,10:16,918,09:03,937,218000株,204百万円,+9,+0.97,933.664円,707回,378.40億円
4028,2019-09-25,929,929,09:00,910,09:32,927,203700株,187百万円,-10,-1.07,920.406円,669回,374.36億円
4028,2019-09-26,942,962,09:25,937,14:51,939,286000株,271百万円,+12,+1.29,948.306円,776回,379.21億円
4028,2019-09-27,964,972,09:04,949,09:39,963,378000株,364百万円,+24,+2.56,962.939円,1252回,388.90億円
4028,2019-09-30,957,983,14:44,953,09:00,974,335100株,326百万円,+11,+1.14,971.713円,1017回,393.34億円
4028,2019-10-01,980,1008,13:18,980,09:00,1005,276100株,276百万円,+31,+3.18,1000.425円,795回,405.86億円
4028,2019-10-02,994,995,09:14,971,13:52,976,306500株,301百万円,-29,-2.89,981.955円,851回,394.15億円
4028,2019-10-03,950,951,09:13,933,10:06,942,311400株,294百万円,-34,-3.48,942.615円,980回,380.42億円
4028,2019-10-04,935,950,14:43,932,09:00,946,207700株,196百万円,+4,+0.42,941.899円,641回,382.03億円
4028,2019-10-07,959,981,09:45,955,09:00,968,250200株,242百万円,+22,+2.33,967.363円,773回,390.92億円
4028,2019-10-08,972,1008,13:11,971,09:00,1002,384200株,383百万円,+34,+3.51,996.176円,1111回,404.65億円
4028,2019-10-09,974,989,14:52,961,09:22,986,315800株,308百万円,-16,-1.60,975.423円,1110回,398.19億円
4028,2019-10-10,984,984,09:00,961,09:38,972,269500株,262百万円,-14,-1.42,970.635円,737回,392.53億円
4028,2019-10-11,983,1000,14:11,974,09:04,998,258300株,257百万円,+26,+2.67,993.254円,699回,403.03億円
4028,2019-10-15,1002,1050,14:44,1002,09:00,1044,383100株,396百万円,+46,+4.61,1032.854円,1081回,421.61億円
4028,2019-10-16,1069,1073,09:02,1041,13:13,1048,267600株,282百万円,+4,+0.38,1053.526円,977回,423.22億円
4028,2019-10-17,1054,1071,09:26,1036,09:04,1053,279700株,296百万円,+5,+0.48,1058.729円,983回,425.24億円
4028,2019-10-18,1061,1105,10:30,1061,09:00,1094,482100株,526百万円,+41,+3.89,1090.841円,1448回,441.80億円
4028,2019-10-21,1082,1096,10:27,1069,09:21,1094,254600株,277百万円,0,0,1086.401円,922回,441.80億円
4028,2019-10-23,1087,1097,14:54,1070,09:22,1096,222800株,242百万円,+2,+0.18,1084.401円,736回,442.61億円
4028,2019-10-24,1112,1123,12:36,1107,09:10,1117,288200株,322百万円,+21,+1.92,1115.93円,1039回,451.09億円
4028,2019-10-25,1128,1128,09:00,1114,09:30,1125,204200株,229百万円,+8,+0.72,1122.321円,884回,454.32億円
4028,2019-10-28,1143,1148,09:09,1132,09:31,1137,201400株,229百万円,+12,+1.07,1137.757円,623回,459.17億円
4028,2019-10-29,1134,1147,09:03,1126,12:45,1128,363300株,412百万円,-9,-0.79,1133.077円,1041回,455.53億円
4028,2019-10-30,1121,1133,09:03,1105,12:30,1124,472800株,530百万円,-4,-0.35,1120.351円,1294回,453.92億円
4028,2019-10-31,1118,1138,09:07,1117,10:31,1129,258100株,291百万円,+5,+0.44,1126.855円,985回,455.93億円
4028,2019-11-01,1126,1135,11:23,1115,09:15,1125,243300株,274百万円,-4,-0.35,1126.394円,900回,454.32億円
4028,2019-11-05,1148,1185,14:44,1148,09:00,1180,376500株,442百万円,+55,+4.89,1173.326円,997回,476.53億円
4028,2019-11-07,1244,1255,09:05,1234,11:29,1250,380200株,473百万円,+17,+1.38,1243.934円,1252回,504.80億円
4028,2019-11-08,1251,1309,12:42,1240,09:32,1281,783300株,1001百万円,+31,+2.48,1277.865円,2577回,517.32億円
4028,2019-11-11,1191,1224,09:28,1149,09:06,1191,1082600株,1297百万円,-90,-7.03,1198.11円,2800回,480.97億円
4028,2019-11-12,1230,1249,09:03,1211,14:41,1216,516400株,634百万円,+25,+2.10,1227.129円,1709回,491.07億円
4028,2019-11-13,1207,1207,09:00,1166,11:14,1169,592800株,698百万円,-47,-3.87,1178.146円,2072回,472.09億円
4028,2019-11-14,1162,1168,09:02,1136,13:33,1144,389800株,448百万円,-25,-2.14,1149.107円,1429回,461.99億円
4028,2019-11-15,1153,1192,14:05,1141,09:00,1183,355500株,417百万円,+39,+3.41,1173.048円,1235回,477.74億円
4028,2019-11-18,1189,1203,10:14,1180,09:16,1200,315700株,377百万円,+17,+1.44,1192.713円,1230回,484.61億円
4028,2019-11-19,1187,1201,09:23,1185,09:00,1193,185300株,221百万円,-7,-0.58,1194.58円,856回,481.78億円
4028,2019-11-20,1174,1182,09:15,1153,12:30,1161,261200株,304百万円,-32,-2.68,1164.987円,1033回,468.86億円
4028,2019-11-21,1150,1172,09:09,1131,10:55,1146,293200株,337百万円,-15,-1.29,1147.853円,1281回,462.80億円
4028,2019-11-22,1150,1170,11:04,1148,09:00,1150,181300株,210百万円,+4,+0.35,1157.153円,785回,464.42億円
4028,2019-11-25,1168,1201,12:47,1168,09:00,1185,223600株,266百万円,+35,+3.04,1189.971円,820回,478.55億円
4028,2019-11-26,1195,1211,10:27,1174,12:59,1179,320500株,381百万円,-6,-0.51,1189.979円,1006回,476.13億円
4028,2019-11-27,1181,1210,13:57,1178,09:04,1202,217000株,260百万円,+23,+1.95,1197.499円,850回,485.41億円
4028,2019-11-28,1199,1199,09:00,1167,14:36,1171,258000株,304百万円,-31,-2.58,1177.483円,752回,472.90億円
4028,2019-11-29,1173,1181,09:53,1169,09:03,1173,158700株,186百万円,+2,+0.17,1174.476円,692回,473.70億円
4028,2019-12-02,1167,1199,09:09,1167,09:00,1184,199300株,236百万円,+11,+0.94,1183.148円,744回,478.15億円
4028,2019-12-03,1148,1155,10:06,1124,09:06,1136,431300株,492百万円,-48,-4.05,1141.66円,1209回,458.76億円
4028,2019-12-05,1135,1149,09:09,1128,14:49,1128,151800株,172百万円,-2,-0.18,1135.75円,627回,455.53億円
4028,2019-12-06,1129,1141,10:19,1122,09:08,1135,201800株,229百万円,+7,+0.62,1133.836円,881回,458.36億円
4028,2019-12-09,1151,1159,10:31,1143,13:35,1151,201200株,231百万円,+16,+1.41,1150.121円,695回,464.82億円
4028,2019-12-10,1151,1162,09:15,1149,09:00,1151,154800株,179百万円,0,0,1154.604円,574回,464.82億円
4028,2019-12-13,1163,1173,09:22,1150,14:53,1152,332000株,386百万円,+25,+2.22,1161.42円,977回,465.22億円
4028,2019-12-16,1143,1146,09:43,1125,14:59,1127,200800株,228百万円,-25,-2.17,1133.373円,788回,455.13億円
4028,2019-12-17,1119,1130,09:03,1110,11:23,1121,214800株,240百万円,-6,-0.53,1117.53円,642回,452.70億円
4028,2019-12-18,1108,1111,09:02,1086,14:10,1093,212400株,233百万円,-28,-2.50,1098.431円,813回,441.40億円
4028,2019-12-19,1070,1101,09:43,1070,09:00,1086,265900株,288百万円,-7,-0.64,1083.061円,916回,438.57億円
4028,2019-12-20,1076,1094,09:20,1072,14:59,1075,302300株,326百万円,-11,-1.01,1079.87円,791回,434.13億円
4028,2019-12-23,1062,1068,09:04,1039,12:36,1050,249400株,262百万円,-25,-2.33,1048.935円,752回,424.03億円
4028,2019-12-24,1050,1065,09:08,1030,14:54,1037,178200株,186百万円,-13,-1.24,1043.674円,415回,418.78億円
4028,2019-12-25,1037,1041,09:01,1023,09:33,1035,169100株,175百万円,-2,-0.19,1032.146円,486回,417.97億円
4028,2019-12-26,1040,1059,09:18,1038,09:00,1054,134000株,141百万円,+19,+1.84,1050.737円,415回,425.65億円
4028,2019-12-27,1061,1064,09:00,1052,09:14,1057,108100株,114百万円,+3,+0.28,1058.182円,317回,426.86億円
4028,2019-12-30,1054,1063,09:30,1034,09:10,1046,150000株,157百万円,-11,-1.04,1047.26円,405回,422.42億円
4028,2020-01-06,1033,1033,09:00,999,11:00,1006,266700株,269百万円,-40,-3.82,1008.145円,786回,406.26億円
4028,2020-01-07,1017,1033,09:03,1016,09:14,1023,190600株,195百万円,+17,+1.69,1023.614円,626回,413.13億円
4028,2020-01-08,998,998,09:00,972,10:37,988,291600株,287百万円,-35,-3.42,985.715円,936回,398.99億円
4028,2020-01-09,1017,1032,09:03,1004,09:23,1011,154300株,156百万円,+23,+2.33,1013.418円,466回,408.28億円
4028,2020-01-10,1006,1007,09:02,991,10:29,998,144400株,144百万円,-13,-1.29,998.527円,516回,403.03億円
4028,2020-01-14,1005,1031,09:02,1003,09:00,1009,362400株,368百万円,+11,+1.10,1015.071円,1056回,407.47億円
4028,2020-01-15,1005,1029,09:24,1002,09:00,1023,180300株,184百万円,+14,+1.39,1019.517円,580回,413.13億円
4028,2020-01-16,1032,1036,09:03,1015,15:00,1015,148200株,152百万円,-8,-0.78,1022.384円,555回,409.90億円
4028,2020-01-17,1017,1039,12:39,1017,09:00,1038,152500株,158百万円,+23,+2.27,1033.786円,462回,419.19億円
4028,2020-01-20,1047,1066,10:07,1047,09:00,1052,292700株,309百万円,+14,+1.35,1056.865円,1000回,424.84億円
4028,2020-01-21,1060,1060,09:00,1027,13:35,1033,131200株,136百万円,-19,-1.81,1037.332円,452回,417.17億円
4028,2020-01-22,1016,1040,12:32,1010,09:00,1036,117500株,121百万円,+3,+0.29,1031.35円,394回,418.38億円
4028,2020-01-23,1018,1025,09:03,1000,15:00,1000,144100株,145百万円,-36,-3.47,1008.713円,538回,403.84億円
4028,2020-01-24,992,997,09:03,977,14:59,977,234000株,230百万円,-23,-2.30,984.347円,772回,394.55億円
4028,2020-01-27,947,949,10:04,935,09:32,939,275600株,259百万円,-38,-3.89,940.856円,913回,379.21億円
4028,2020-01-28,918,936,14:47,912,09:11,930,319000株,295百万円,-9,-0.96,925.026円,887回,375.57億円
4028,2020-01-29,937,956,12:50,926,09:29,951,197900株,187百万円,+21,+2.26,944.236円,600回,384億円
4028,2020-01-30,941,947,09:03,919,12:57,928,204100株,190百万円,-23,-2.42,930.982円,568回,375億円
4028,2020-01-31,936,951,10:04,933,09:28,939,122600株,115百万円,+11,+1.19,940.121円,450回,379億円
4028,2020-02-03,901,931,14:30,900,09:06,923,231400株,213百万円,-16,-1.70,919.997円,677回,373億円
4028,2020-02-04,912,935,10:51,912,09:00,931,135800株,126百万円,+8,+0.87,927.806円,520回,376億円
4028,2020-02-05,955,955,09:03,939,14:59,939,141500株,134百万円,+8,+0.86,945.031円,487回,379億円
4028,2020-02-06,961,984,13:38,961,09:03,975,190600株,186百万円,+36,+3.83,975.923円,550回,394億円
4028,2020-02-07,976,976,09:00,957,12:30,967,165000株,159百万円,-8,-0.82,964.635円,559回,391億円
4028,2020-02-10,937,967,12:54,937,09:03,957,201300株,192百万円,-10,-1.03,953.791円,793回,386億円
4028,2020-02-12,950,961,11:05,947,09:47,953,119600株,114百万円,-4,-0.42,953.175円,400回,385億円
4028,2020-02-13,893,897,09:12,867,09:29,884,575700株,507百万円,-69,-7.24,881.125円,1356回,357億円
4028,2020-02-14,866,868,09:03,839,09:45,861,462400株,394百万円,-23,-2.60,852.606円,1104回,348億円
4028,2020-02-17,859,859,09:00,835,09:14,839,222300株,187百万円,-22,-2.56,841.367円,666回,339億円
4028,2020-02-17,838,838,09:00,818,12:38,824,170000株,141百万円,-15,-1.79,826.941円,594回,333億円
4028,2020-02-18,828,833,09:02,813,10:17,823,220700株,181百万円,-1,-0.12,821.414円,660回,332億円
4028,2020-02-20,839,843,09:04,823,14:50,823,186600株,155百万円,0,0,830.373円,539回,332億円
4028,2020-02-21,822,832,09:16,816,09:55,819,201300株,165百万円,-4,-0.49,821.188円,736回,331億円
4028,2020-02-25,780,790,10:22,770,13:10,773,337000株,262百万円,-46,-5.62,778.068円,858回,312億円
4028,2020-02-26,767,779,09:46,754,11:07,775,317800株,244百万円,+2,+0.26,769.24円,955回,313億円
4028,2020-02-27,775,775,09:00,738,13:59,747,309000株,233百万円,-28,-3.61,752.498円,788回,302億円
4028,2020-02-28,710,731,09:35,707,12:45,716,287500株,206百万円,-31,-4.15,714.959円,807回,289億円
4028,2020-03-02,701,755,12:41,701,09:00,736,319800株,235百万円,+20,+2.79,735.918円,1105回,297億円
4028,2020-03-03,764,765,09:04,719,14:59,720,314600株,231百万円,-16,-2.17,735.71円,1136回,291億円
4028,2020-03-04,705,734,12:33,702,09:03,716,193400株,139百万円,-4,-0.56,718.614円,644回,289億円
4028,2020-03-05,731,733,09:02,698,13:14,707,262200株,186百万円,-9,-1.26,707.963円,918回,286億円
4028,2020-03-06,692,698,09:03,659,11:30,669,342500株,230百万円,-38,-5.37,672.206円,1014回,270億円
4028,2020-03-06,647,647,09:06,602,11:00,608,269700株,167百万円,-61,-9.12,617.412円,873回,246億円
4028,2020-03-10,572,617,14:19,557,09:09,612,465300株,275百万円,+4,+0.66,592.077円,1122回,247億円
4028,2020-03-11,607,625,10:08,591,14:59,591,413100株,250百万円,-21,-3.43,606.04円,1120回,239億円
4028,2020-03-12,571,588,09:56,545,11:30,551,371600株,208百万円,-40,-6.77,558.987円,1227回,223億円
4028,2020-03-13,491,526,14:19,491,09:15,509,456700株,230百万円,-42,-7.62,504.14円,1109回,206億円
4028,2020-03-16,529,535,14:10,501,09:19,514,450200株,233百万円,+5,+0.98,517.579円,1341回,208億円
4028,2020-03-17,500,536,14:58,483,09:09,532,482800株,249百万円,+18,+3.50,515.057円,1661回,215億円
4028,2020-03-18,532,564,12:30,524,14:59,524,380500株,207百万円,-8,-1.50,543.63円,1478回,212億円
4028,2020-03-19,521,538,09:00,488,13:49,501,452600株,230百万円,-23,-4.39,508.12円,1439回,202億円
4028,2020-03-23,500,517,14:50,483,10:25,511,425200株,214百万円,+10,+2.00,502.779円,1363回,206億円
4028,2020-03-24,531,549,15:00,517,13:13,549,330100株,176百万円,+38,+7.44,532.004円,1031回,222億円
4028,2020-03-25,586,586,09:09,541,12:43,560,456900株,254百万円,+11,+2.00,556.672円,1354回,226億円
4028,2020-03-26,561,565,11:29,544,09:01,552,359000株,200百万円,-8,-1.43,556.147円,1307回,223億円
4028,2020-03-27,562,579,15:00,537,10:52,579,450200株,251百万円,+27,+4.89,557.741円,1322回,234億円
4028,2020-03-30,550,572,14:59,530,10:14,571,300300株,166百万円,-8,-1.38,551.99円,858回,231億円
4028,2020-03-31,581,582,09:00,542,14:04,552,205600株,115百万円,-19,-3.33,559.259円,649回,223億円
4028,2020-04-01,550,564,10:50,528,14:49,535,205300株,113百万円,-17,-3.08,548.775円,642回,216億円
4028,2020-04-02,525,537,10:00,517,14:46,521,249900株,131百万円,-14,-2.62,525.923円,850回,210億円
4028,2020-04-03,519,533,09:02,504,13:38,515,227900株,118百万円,-6,-1.15,516.396円,738回,208億円
4028,2020-04-06,512,554,14:46,502,09:08,549,239000株,128百万円,+34,+6.60,534.314円,834回,222億円
4028,2020-04-07,565,566,09:03,539,12:50,562,212900株,118百万円,+13,+2.37,555.21円,734回,227億円
4028,2020-04-08,563,572,14:21,544,09:33,568,252100株,141百万円,+6,+1.07,560.236円,904回,229億円
4028,2020-04-09,575,584,09:10,564,13:24,574,337900株,193百万円,+6,+1.06,571.549円,1092回,232億円
4028,2020-04-10,580,584,13:51,561,10:12,581,157200株,91百万円,+7,+1.22,576.396円,540回,235億円
4028,2020-04-13,578,578,09:00,561,14:36,564,143000株,81百万円,-17,-2.93,568.445円,477回,228億円
4028,2020-04-14,560,578,13:23,555,09:10,573,193700株,110百万円,+9,+1.60,569.74円,569回,231億円
4028,2020-04-15,574,575,09:00,546,14:55,550,269500株,150百万円,-23,-4.01,557.006円,747回,222億円
4028,2020-04-16,540,552,15:00,535,09:41,552,187300株,102百万円,+2,+0.36,544.704円,647回,223億円
4028,2020-04-17,558,570,09:40,552,09:20,568,288700株,162百万円,+16,+2.90,560.826円,751回,229億円
4028,2020-04-20,568,572,13:40,563,10:42,571,163000株,93百万円,+3,+0.53,568.426円,418回,231億円
4028,2020-04-21,565,571,09:48,560,12:48,565,142600株,81百万円,-6,-1.05,565.544円,426回,228億円
4028,2020-04-22,558,560,09:00,540,14:43,543,274400株,151百万円,-22,-3.89,548.736円,527回,219億円
4028,2020-04-23,547,576,14:32,547,09:00,576,193900株,110百万円,+33,+6.08,567.251円,433回,233億円
4028,2020-04-24,569,577,13:00,568,09:37,572,125600株,72百万円,-4,-0.69,572.195円,338回,231億円
4028,2020-04-27,587,598,14:49,582,09:03,596,218700株,129百万円,+24,+4.20,590.588円,561回,241億円
4028,2020-04-28,597,636,14:44,596,09:00,630,428200株,267百万円,+34,+5.70,622.409円,1275回,254億円
4028,2020-04-30,640,658,09:53,640,09:02,648,345400株,225百万円,+18,+2.86,650.466円,1099回,262億円
4028,2020-05-01,652,653,09:00,633,09:10,634,192700株,123百万円,-14,-2.16,639.287円,595回,256億円
4028,2020-05-07,626,633,09:34,619,09:06,627,207500株,130百万円,-7,-1.10,624.986円,591回,253億円
4028,2020-05-08,632,665,09:43,630,09:00,652,357300株,233百万円,+25,+3.99,651.923円,873回,263億円
4028,2020-05-11,658,684,14:56,658,09:00,681,304700株,206百万円,+29,+4.45,675.399円,559回,275億円,04/24,62.9,573.9,9.12
4028,2020-05-12,712,752,13:57,712,09:06,737,831300株,613百万円,+56,+8.22,737.059円,2299回,298億円,05/01,51.0,528.1,10.35
4028,2020-05-13,715,739,10:10,711,09:03,732,361400株,264百万円,-5,-0.68,729.739円,1099回,296億円,05/01,51.0,528.1,10.35
4028,2020-05-14,729,731,09:04,706,14:12,706,294100株,211百万円,-26,-3.55,716.967円,832回,285億円,05/01,51.0,528.1,10.35
4028,2020-05-15,727,728,09:03,691,11:23,706,223300株,158百万円,0,0,706.065円,739回,285億円,05/01,51.0,528.1,10.35
4028,2020-05-18,711,711,09:00,692,09:54,707,146800株,103百万円,+1,+0.14,702.388円,445回,286億円,05/01,51.0,528.1,10.35
4028,2020-05-19,721,728,09:13,710,10:41,721,155000株,112百万円,+14,+1.98,719.898円,533回,291億円,05/01,51.0,528.1,10.35
4028,2020-05-20,715,724,13:35,707,09:23,722,140300株,101百万円,+1,+0.14,718.582円,412回,292億円,05/01,51.0,528.1,10.35
4028,2020-05-21,733,747,10:19,732,09:02,745,285700株,212百万円,+23,+3.19,740.807円,714回,301億円,05/15,63.1,485.3,7.69
4028,2020-05-22,741,742,09:01,710,14:23,712,219300株,158百万円,-33,-4.43,722.722円,654回,288億円,05/15,63.1,485.3,7.69
