4183,2019-08-06,2353,2359,09:00,2284,12:30,2314,1018300株,2357百万円,-79,-3.30,2314.793円,2354回
4183,2019-08-06,2219,2307,13:08,2207,09:03,2292,1440600株,3269百万円,-22,-0.95,2269.308円,4005回
4183,2019-08-07,2279,2324,10:04,2277,09:00,2294,820400株,1886百万円,+2,+0.09,2299.29円,2206回
4183,2019-08-08,2275,2291,10:58,2256,09:34,2263,878800株,1994百万円,-31,-1.35,2269.019円,2285回
4183,2019-08-09,2287,2290,09:00,2251,09:08,2272,578200株,1313百万円,+9,+0.40,2271.547円,1549回
4183,2019-08-13,2235,2253,14:32,2220,10:59,2246,671300株,1503百万円,-26,-1.14,2239.277円,1882回
4183,2019-08-14,2289,2303,13:49,2271,09:36,2299,1040300株,2385百万円,+53,+2.36,2292.401円,2849回
4183,2019-08-15,2230,2281,14:58,2227,09:03,2279,610800株,1383百万円,-20,-0.87,2263.711円,1430回
4183,2019-08-16,2259,2271,14:27,2244,09:10,2265,503200株,1138百万円,-14,-0.61,2262.147円,1288回
4183,2019-08-19,2293,2311,10:00,2281,09:00,2293,770800株,1772百万円,+28,+1.24,2299.357円,1639回
4183,2019-08-20,2298,2318,14:59,2289,09:05,2317,839500株,1936百万円,+24,+1.05,2305.94円,2012回
4183,2019-08-21,2279,2294,10:54,2269,09:01,2288,682000株,1559百万円,-29,-1.25,2285.948円,2207回
4183,2019-08-22,2303,2315,09:02,2275,14:46,2280,629700株,1442百万円,-8,-0.35,2290.358円,1716回
4183,2019-08-23,2271,2292,10:06,2265,09:06,2275,603800株,1377百万円,-5,-0.22,2280.252円,1561回
4183,2019-08-26,2191,2215,14:56,2184,09:23,2209,1161700株,2555百万円,-66,-2.90,2198.981円,2828回
4183,2019-08-26,2216,2234,10:52,2211,09:17,2223,898700株,1998百万円,+14,+0.63,2223.15円,2169回
4183,2019-08-28,2220,2243,10:30,2216,14:29,2223,733600株,1633百万円,0,0,2226.488円,1852回
4183,2019-08-29,2234,2249,09:43,2222,11:24,2233,689300株,1541百万円,+10,+0.45,2235.109円,1782回
4183,2019-08-30,2273,2286,09:00,2253,10:08,2271,1015200株,2306百万円,+38,+1.70,2271.039円,2182回
4183,2019-09-02,2261,2270,11:09,2246,10:02,2253,512700株,1157百万円,-18,-0.79,2257.232円,1444回
4183,2019-09-03,2249,2286,12:30,2245,09:00,2268,379800株,863百万円,+15,+0.67,2271.876円,851回
4183,2019-09-03,2247,2247,09:00,2207,09:40,2230,782800株,1743百万円,-38,-1.68,2226.418円,2136回
4183,2019-09-05,2250,2321,10:53,2248,09:00,2288,898400株,2058百万円,+58,+2.60,2291.13円,2281回
4183,2019-09-05,2294,2310,11:08,2290,09:06,2301,803100株,1848百万円,+13,+0.57,2301.371円,2115回
4183,2019-09-07,2290,2306,14:40,2279,09:07,2304,502900株,1155百万円,+3,+0.13,2295.754円,1187回
4183,2019-09-10,2335,2384,14:59,2335,09:00,2383,963400株,2278百万円,+79,+3.43,2364.367円,2603回
4183,2019-09-11,2420,2498,14:16,2420,09:00,2488,1555600株,3842百万円,+105,+4.41,2470.048円,3922回
4183,2019-09-12,2533,2550,09:05,2515,09:25,2515,1263600株,3191百万円,+27,+1.09,2525.676円,3083回
4183,2019-09-13,2547,2547,09:00,2509,09:27,2532,1201900株,3045百万円,+17,+0.68,2533.134円,1756回
4183,2019-09-17,2496,2497,09:00,2456,11:15,2478,1219700株,3016百万円,-54,-2.13,2473.091円,2674回
4183,2019-09-17,2488,2512,13:17,2467,10:06,2501,825800株,2061百万円,+23,+0.93,2495.407円,1865回,5116.55億円
4183,2019-09-19,2538,2554,11:15,2522,14:47,2525,865500株,2195百万円,+24,+0.96,2536.038円,2069回,5165.65億円
4183,2019-09-20,2524,2536,10:32,2490,14:39,2501,868200株,2175百万円,-24,-0.95,2505.608円,1695回,5116.55億円
4183,2019-09-24,2506,2540,12:31,2497,09:03,2522,630100株,1590百万円,+21,+0.84,2523.944円,1484回,5159.51億円
4183,2019-09-25,2472,2502,14:58,2452,09:02,2498,567600株,1411百万円,-24,-0.95,2485.941円,1631回,5110.41億円
4183,2019-09-26,2541,2550,09:02,2487,14:59,2492,1019200株,2560百万円,-6,-0.24,2512.079円,2058回,5098.14億円
4183,2019-09-27,2440,2449,09:03,2391,11:08,2419,1149400株,2773百万円,-73,-2.93,2412.811円,2648回,4948.79億円
4183,2019-09-30,2398,2438,09:31,2387,09:01,2416,777600株,1878百万円,-3,-0.12,2415.22円,1733回,4942.66億円
4183,2019-10-01,2438,2500,12:43,2428,09:00,2496,935200株,2324百万円,+80,+3.31,2485.435円,2165回,5106.32億円
4183,2019-10-02,2458,2500,14:35,2451,09:00,2496,851800株,2113百万円,0,0,2480.414円,2047回,5106.32億円
4183,2019-10-03,2430,2446,09:31,2416,13:33,2427,778800株,1892百万円,-69,-2.76,2428.834円,2162回,4965.16億円
4183,2019-10-04,2426,2428,09:00,2375,11:12,2402,1055600株,2529百万円,-25,-1.03,2395.417円,2658回,4914.01億円
4183,2019-10-07,2423,2424,09:00,2377,11:17,2392,652500株,1561百万円,-10,-0.42,2392.425円,1710回,4893.56億円
4183,2019-10-08,2410,2428,09:06,2393,14:27,2396,818400株,1967百万円,+4,+0.17,2403.567円,1971回,4901.74億円
4183,2019-10-09,2373,2396,12:36,2354,09:06,2380,610800株,1452百万円,-16,-0.67,2377.066円,1619回,4869.01億円
4183,2019-10-10,2390,2406,09:01,2360,09:30,2404,604100株,1445百万円,+24,+1.01,2391.171円,1578回,4918.11億円
4183,2019-10-11,2442,2468,13:22,2419,09:04,2452,884100株,2164百万円,+48,+2.00,2447.366円,2322回,5016.30億円
4183,2019-10-15,2502,2557,14:57,2500,09:00,2551,1317700株,3348百万円,+99,+4.04,2540.761円,2869回,5218.84億円
4183,2019-10-16,2599,2618,09:00,2538,14:42,2544,872700株,2239百万円,-7,-0.27,2565.152円,2419回,5204.52億円
4183,2019-10-17,2569,2599,09:22,2548,14:50,2553,778900株,1998百万円,+9,+0.35,2564.929円,2219回,5222.93億円
4183,2019-10-18,2561,2599,09:17,2561,09:00,2582,751900株,1943百万円,+29,+1.14,2584.239円,2307回,5282.26億円
4183,2019-10-21,2590,2605,10:11,2578,14:59,2579,611500株,1582百万円,-3,-0.12,2587.559円,1848回,5276.12億円
4183,2019-10-23,2610,2628,09:00,2560,13:33,2566,1452100株,3751百万円,-13,-0.50,2583.369円,3965回,5249.53億円
4183,2019-10-24,2596,2605,14:01,2578,09:08,2599,1298600株,3371百万円,+33,+1.29,2595.983円,4102回,5317.04億円
4183,2019-10-25,2602,2612,09:00,2565,10:47,2578,805900株,2079百万円,-21,-0.81,2579.847円,3144回,5274.08億円
4183,2019-10-28,2605,2612,09:09,2576,13:14,2581,704100株,1822百万円,+3,+0.12,2587.317円,2061回,5280.21億円
4183,2019-10-29,2619,2638,12:30,2607,09:10,2628,971900株,2552百万円,+47,+1.82,2625.917円,2284回,5376.37億円
4183,2019-10-30,2641,2653,10:05,2607,14:50,2608,767400株,2017百万円,-20,-0.76,2627.802円,3036回,5335.45億円
4183,2019-10-31,2620,2624,09:00,2579,11:17,2603,868500株,2261百万円,-10,-0.38,2602.908円,2488回,5325.22億円
4183,2019-11-01,2533,2560,11:24,2531,09:03,2551,1123200株,2865百万円,-52,-2.00,2550.648円,2892回,5218.84億円
4183,2019-11-05,2574,2633,14:16,2558,09:02,2624,1463200株,3813百万円,+73,+2.86,2605.929円,3483回,5368.18億円
4183,2019-11-06,2636,2700,14:54,2532,13:08,2691,3082700株,8185百万円,+67,+2.55,2654.984円,8571回,5505.25億円
4183,2019-11-07,2665,2728,14:59,2593,09:11,2728,2138800株,5750百万円,+37,+1.37,2688.488円,5443回,5580.95億円
4183,2019-11-08,2789,2821,09:18,2766,14:04,2776,1647600株,4591百万円,+48,+1.76,2786.295円,3940回,5679.14億円
4183,2019-11-11,2800,2817,09:00,2788,09:26,2801,777200株,2178百万円,+25,+0.90,2802.469円,2195回,5730.29億円
4183,2019-11-12,2776,2792,14:53,2733,10:32,2788,1038000株,2873百万円,-13,-0.46,2767.742円,2781回,5703.69億円
4183,2019-11-13,2788,2791,09:00,2735,12:52,2748,644900株,1772百万円,-40,-1.43,2747.437円,2095回,5621.86億円
4183,2019-11-14,2713,2718,09:08,2637,14:19,2652,1061600株,2830百万円,-88,-3.21,2666.198円,2914回,5425.46億円
4183,2019-11-15,2691,2732,10:18,2677,09:04,2700,1048600株,2835百万円,+48,+1.81,2703.353円,3247回,5523.66億円
4183,2019-11-18,2687,2689,09:00,2661,09:34,2679,672800株,1800百万円,-21,-0.78,2675.286円,1938回,5480.70億円
4183,2019-11-19,2645,2667,14:12,2631,09:51,2660,495300株,1314百万円,-19,-0.71,2652.831円,1492回,5441.83億円
4183,2019-11-20,2635,2664,09:25,2624,10:54,2637,791900株,2089百万円,-23,-0.86,2637.907円,1847回,5394.78億円
4183,2019-11-21,2609,2634,14:59,2586,10:53,2633,975800株,2552百万円,-4,-0.15,2615.291円,2830回,5386.59億円
4183,2019-11-22,2645,2683,10:02,2645,09:00,2651,825600株,2196百万円,+18,+0.68,2659.326円,2266回,5423.42億円
4183,2019-11-25,2690,2700,09:00,2664,09:26,2674,742700株,1989百万円,+23,+0.87,2677.463円,1987回,5470.47億円
4183,2019-11-26,2714,2717,09:05,2660,14:34,2664,1906700株,5099百万円,-10,-0.37,2674.358円,3073回,5450.01億円
4183,2019-11-27,2667,2681,09:05,2642,14:22,2648,1177100株,3125百万円,-16,-0.60,2655.096円,3177回,5417.28億円
4183,2019-11-28,2634,2654,10:06,2625,13:48,2637,539700株,1425百万円,-11,-0.42,2639.596円,1509回,5394.78億円
4183,2019-11-29,2645,2659,09:00,2622,14:41,2623,718200株,1893百万円,-14,-0.53,2635.321円,1899回,5366.14億円
4183,2019-12-02,2625,2658,13:27,2625,09:00,2650,722700株,1913百万円,+27,+1.03,2646.595円,2162回,5421.37億円
4183,2019-12-03,2605,2630,14:20,2591,09:03,2628,754800株,1976百万円,-22,-0.83,2617.697円,2090回,5376.37億円
4183,2019-12-05,2649,2654,09:04,2624,12:33,2638,915600株,2416百万円,+36,+1.38,2639.093円,2399回,5396.82億円
4183,2019-12-06,2625,2633,09:58,2606,12:47,2619,768800株,2013百万円,-19,-0.72,2617.834円,2112回,5357.95億円
4183,2019-12-09,2672,2677,09:03,2646,10:08,2669,796700株,2124百万円,+50,+1.91,2666.614円,1904回,5460.24億円
4183,2019-12-10,2669,2682,13:53,2653,09:00,2671,657300株,1756百万円,+2,+0.07,2670.976円,1700回,5464.33億円
4183,2019-12-13,2790,2806,12:30,2767,09:44,2776,1569300株,4370百万円,+86,+3.20,2784.659円,3924回,5679.14億円
4183,2019-12-16,2771,2796,09:05,2754,15:00,2754,700300株,1940百万円,-22,-0.79,2769.819円,1695回,5634.14億円
4183,2019-12-17,2795,2812,09:13,2778,14:11,2785,838400株,2339百万円,+31,+1.13,2789.868円,1923回,5697.56億円
4183,2019-12-18,2751,2751,09:00,2712,09:06,2729,931200株,2546百万円,-56,-2.01,2733.754円,1872回,5582.99億円
4183,2019-12-19,2709,2713,09:00,2691,11:30,2701,552600株,1492百万円,-28,-1.03,2699.568円,1422回,5525.71億円
4183,2019-12-20,2713,2722,09:00,2688,14:29,2696,779400株,2105百万円,-5,-0.19,2701.233円,1894回,5515.48億円
4183,2019-12-23,2702,2716,10:41,2692,09:19,2702,405200株,1095百万円,+6,+0.22,2703円,1080回,5527.75億円
4183,2019-12-24,2721,2725,09:00,2710,09:37,2714,415900株,1130百万円,+12,+0.44,2716.01円,1147回,5552.30億円
4183,2019-12-25,2730,2733,09:01,2684,12:49,2688,387100株,1045百万円,-26,-0.96,2698.51円,947回,5499.11億円
4183,2019-12-26,2682,2723,09:19,2682,09:00,2720,385300株,1045百万円,+32,+1.19,2713.273円,1082回,5564.58億円
4183,2019-12-27,2728,2733,09:10,2704,14:19,2716,462700株,1256百万円,-4,-0.15,2715.415円,1200回,5556.40億円
4183,2019-12-30,2691,2703,09:28,2675,09:09,2680,640700株,1720百万円,-36,-1.33,2684.086円,1121回,5482.75億円
4183,2020-01-06,2602,2626,14:52,2601,10:47,2623,795400株,2080百万円,-57,-2.13,2614.784円,1904回,5366.14億円
4183,2020-01-07,2623,2644,09:45,2621,10:29,2634,602700株,1586百万円,+11,+0.42,2632.221円,1322回,5388.64億円
4183,2020-01-08,2589,2591,09:04,2540,10:38,2557,1065900株,2730百万円,-77,-2.92,2561.649円,2947回,5231.11億円
4183,2020-01-09,2599,2606,09:01,2576,11:12,2588,847500株,2195百万円,+31,+1.21,2589.94円,2029回,5294.53億円
4183,2020-01-10,2606,2625,09:05,2578,10:40,2581,773400株,2004百万円,-7,-0.27,2591.191円,1704回,5280.21億円
4183,2020-01-14,2606,2630,15:00,2597,10:07,2630,770900株,2020百万円,+49,+1.90,2620.58円,1482回,5380.46億円
4183,2020-01-15,2614,2646,09:06,2603,09:00,2636,649500株,1711百万円,+6,+0.23,2634.516円,1661回,5392.73億円
4183,2020-01-16,2649,2665,09:01,2614,14:58,2617,610200株,1603百万円,-19,-0.72,2627.047円,1750回,5353.86億円
4183,2020-01-17,2632,2645,09:00,2625,09:06,2643,652200株,1720百万円,+26,+0.99,2637.766円,1380回,5407.05億円
4183,2020-01-20,2654,2665,09:00,2652,09:29,2655,366200株,973百万円,+12,+0.45,2657.479円,956回,5431.60億円
4183,2020-01-21,2644,2649,09:01,2607,14:54,2607,672700株,1760百万円,-48,-1.81,2616.961円,1420回,5333.40億円
4183,2020-01-22,2568,2594,14:37,2550,09:10,2590,784600株,2024百万円,-17,-0.65,2580.141円,1839回,5298.62億円
4183,2020-01-23,2550,2559,09:44,2526,12:30,2533,832500株,2114百万円,-57,-2.20,2539.001円,2047回,5182.01億円
4183,2020-01-24,2534,2543,09:07,2515,14:59,2521,750400株,1895百万円,-12,-0.47,2525.887円,1983回,5157.46億円
4183,2020-01-27,2461,2470,10:03,2448,14:58,2454,836400株,2056百万円,-67,-2.66,2457.792円,1900回,5020.40億円
4183,2020-01-28,2442,2448,09:00,2408,13:10,2429,1131600株,2742百万円,-25,-1.02,2423.392円,2486回,4969.25億円
4183,2020-01-29,2453,2465,12:30,2426,09:34,2462,742400株,1822百万円,+33,+1.36,2454.155円,1959回,5037億円
4183,2020-01-30,2412,2445,09:15,2410,09:01,2427,1030800株,2501百万円,-35,-1.42,2426.661円,2648回,4965億円
4183,2020-01-31,2445,2485,10:04,2444,09:00,2455,851800株,2093百万円,+28,+1.15,2457.581円,1920回,5022億円
4183,2020-02-03,2394,2450,09:39,2388,09:04,2426,947600株,2300百万円,-29,-1.18,2427.396円,2534回,4963億円
4183,2020-02-04,2411,2451,14:20,2404,09:00,2450,663100株,1618百万円,+24,+0.99,2439.421円,1822回,5012億円
4183,2020-02-05,2493,2605,13:26,2486,09:09,2561,2158400株,5488百万円,+111,+4.53,2542.704円,5787回,5239億円
4183,2020-02-06,2630,2703,11:13,2625,09:03,2668,1931600株,5165百万円,+107,+4.18,2673.769円,5136回,5458億円
4183,2020-02-07,2640,2659,10:06,2613,12:40,2634,1103700株,2909百万円,-34,-1.27,2635.25円,3038回,5389億円
4183,2020-02-10,2580,2607,09:44,2572,09:03,2590,855900株,2220百万円,-44,-1.67,2593.738円,1934回,5299億円
4183,2020-02-10,2623,2623,09:00,2568,09:48,2614,792700株,2065百万円,+24,+0.93,2604.596円,1982回,5348億円
4183,2020-02-13,2597,2614,11:23,2580,09:17,2601,826400株,2148百万円,-13,-0.50,2598.904円,1836回,5321億円
4183,2020-02-14,2569,2587,12:46,2558,09:00,2581,976900株,2515百万円,-20,-0.77,2574.772円,2142回,5280億円
4183,2020-02-17,2570,2593,14:25,2548,09:15,2586,684300株,1761百万円,+5,+0.19,2573.799円,1716回,5290億円
4183,2020-02-17,2587,2608,09:35,2576,09:08,2583,734600株,1900百万円,-3,-0.12,2586.465円,2057回,5284億円
4183,2020-02-18,2575,2576,09:04,2537,15:00,2537,809800株,2066百万円,-46,-1.78,2550.889円,1990回,5190億円
4183,2020-02-20,2560,2577,09:02,2524,13:01,2541,970700株,2474百万円,+4,+0.16,2549.035円,2576回,5198億円
4183,2020-02-21,2542,2569,09:09,2542,09:00,2546,753800株,1925百万円,+5,+0.20,2554.214円,2216回,5209億円
4183,2020-02-25,2400,2465,11:18,2380,09:06,2450,1161600株,2834百万円,-96,-3.77,2439.538円,2849回,5012億円
4183,2020-02-26,2431,2467,12:30,2417,09:03,2458,982000株,2405百万円,+8,+0.33,2449.08円,2394回,5029億円
4183,2020-02-27,2456,2462,09:15,2410,13:56,2424,1014100株,2464百万円,-34,-1.38,2429.978円,2457回,4959億円
4183,2020-02-28,2350,2377,09:05,2319,14:29,2339,1697800株,3969百万円,-85,-3.51,2337.555円,4045回,4785億円
4183,2020-03-02,2276,2344,12:56,2232,09:11,2318,2238200株,5147百万円,-21,-0.90,2299.407円,6226回,4742億円
4183,2020-03-03,2366,2380,09:06,2307,13:35,2308,1096100株,2553百万円,-10,-0.43,2328.727円,3075回,4722億円
4183,2020-03-04,2266,2301,12:30,2258,09:01,2286,1269200株,2898百万円,-22,-0.95,2283.451円,3395回,4677億円
4183,2020-03-05,2323,2327,10:22,2284,13:17,2294,1075500株,2476百万円,+8,+0.35,2301.773円,2733回,4693億円
4183,2020-03-06,2250,2270,09:17,2235,11:29,2253,1588800株,3578百万円,-41,-1.79,2251.902円,3766回,4609億円
4183,2020-03-06,2184,2223,09:03,2141,11:14,2206,2485200株,5447百万円,-47,-2.09,2191.972円,7223回,4513億円
4183,2020-03-10,2157,2273,14:23,2143,09:37,2261,2296500株,5102百万円,+55,+2.49,2221.8円,7774回,4626億円
4183,2020-03-11,2264,2307,10:09,2239,14:59,2243,1659100株,3753百万円,-18,-0.80,2261.83円,3812回,4589億円
4183,2020-03-12,2186,2207,09:56,2131,12:59,2159,1623000株,3512百万円,-84,-3.74,2163.608円,4747回,4417億円
4183,2020-03-13,1992,2112,14:23,1942,10:40,2031,2372600株,4772百万円,-128,-5.93,2011.462円,6281回,4155億円
4183,2020-03-16,2032,2093,09:01,1974,14:58,1983,1810700株,3632百万円,-48,-2.36,2005.731円,5288回,4057億円
4183,2020-03-17,1940,2044,10:34,1887,09:08,2022,2074300株,4144百万円,+39,+1.97,1997.841円,6195回,4137億円
4183,2020-03-18,2033,2218,14:00,2020,09:01,2121,2084000株,4439百万円,+99,+4.90,2130.199円,6615回,4339億円
4183,2020-03-19,2171,2262,10:53,2100,14:13,2116,2211400株,4755百万円,-5,-0.24,2150.194円,6246回,4329億円
4183,2020-03-23,2132,2183,09:00,1996,14:32,2010,2176200株,4486百万円,-106,-5.01,2061.409円,6775回,4112億円
4183,2020-03-24,2027,2041,09:08,1946,13:11,2028,2032900株,4076百万円,+18,+0.90,2004.997円,5323回,4149億円
4183,2020-03-25,2089,2175,14:59,2054,09:10,2172,1823100株,3888百万円,+144,+7.10,2132.608円,5204回,4443億円
4183,2020-03-26,2142,2147,09:00,2057,10:30,2073,1368500株,2856百万円,-99,-4.56,2086.832円,4008回,4241億円
4183,2020-03-27,2194,2197,09:06,2076,11:16,2154,1522800株,3251百万円,+81,+3.91,2135.126円,4384回,4407億円
4183,2020-03-30,2066,2108,14:59,1983,09:42,2105,1014700株,2090百万円,-49,-2.27,2059.238円,2938回,4306億円
4183,2020-03-31,2119,2137,09:06,2051,14:05,2077,659600株,1382百万円,-28,-1.33,2095.744円,2542回,4249億円
4183,2020-04-01,2007,2055,09:51,1952,14:50,1974,1234600株,2473百万円,-77,-3.75,2003.264円,3731回,4038億円
4183,2020-04-02,1959,1973,09:00,1903,14:12,1909,1178200株,2270百万円,-65,-3.29,1926.457円,3456回,3905億円
4183,2020-04-03,1900,1935,10:14,1835,14:59,1845,1375000株,2568百万円,-64,-3.35,1867.989円,3656回,3775億円
4183,2020-04-06,1772,1889,14:52,1762,09:03,1870,1830900株,3343百万円,+25,+1.36,1825.908円,5091回,3826億円
