4427,2019-08-06,5080,5080,09:00,4855,12:57,4975,16600株,82百万円,-105,-2.07,4942.139円,136回
4427,2019-08-06,4935,5180,14:59,4850,09:00,5180,19900株,100百万円,+205,+4.12,5045.05円,134回
4427,2019-08-07,5180,5230,09:00,5050,11:09,5110,13200株,67百万円,-70,-1.35,5108.561円,107回
4427,2019-08-08,5180,5380,14:59,5120,09:15,5350,22300株,118百万円,+240,+4.70,5277.085円,185回
4427,2019-08-09,5250,5380,14:31,5160,09:29,5300,36200株,192百万円,-50,-0.93,5301.713円,238回
4427,2019-08-13,5100,5320,10:52,4900,09:06,5120,63100株,323百万円,-180,-3.40,5125.412円,458回
4427,2019-08-14,5200,5230,09:00,5060,10:25,5160,15700株,81百万円,+40,+0.78,5133.567円,126回
4427,2019-08-15,5010,5060,09:03,4885,09:17,4955,38000株,188百万円,-205,-3.97,4953.618円,236回
4427,2019-08-16,4990,5120,12:55,4920,09:05,4985,9500株,47百万円,+30,+0.61,4998.632円,76回
4427,2019-08-19,4990,4995,09:19,4895,13:22,4900,11500株,57百万円,-85,-1.71,4932.957円,83回
4427,2019-08-20,4905,5030,14:57,4905,09:00,4985,10700株,53百万円,+85,+1.73,4968.551円,84回
4427,2019-08-21,4980,5050,12:40,4900,10:02,4935,13500株,67百万円,-50,-1.00,4949.185円,123回
4427,2019-08-22,4945,5040,09:36,4735,14:53,4745,22300株,109百万円,-190,-3.85,4873.431円,162回
4427,2019-08-23,4715,4780,09:00,4615,11:29,4675,29500株,138百万円,-70,-1.48,4691.39円,228回
4427,2019-08-26,4530,4680,14:18,4500,09:09,4585,12700株,58百万円,-90,-1.93,4557.284円,81回
4427,2019-08-26,4600,4680,11:17,4520,14:07,4575,17500株,81百万円,-10,-0.22,4606.429円,139回
4427,2019-08-28,4575,4690,10:36,4460,14:10,4505,15900株,72百万円,-70,-1.53,4542.484円,127回
4427,2019-08-29,4535,4570,14:52,4415,12:37,4500,42200株,190百万円,-5,-0.11,4509.834円,347回
4427,2019-08-30,4555,4910,14:29,4555,09:00,4885,39300株,188百万円,+385,+8.56,4776.832円,314回
4427,2019-09-02,4885,4885,09:00,4645,14:59,4655,17100株,81百万円,-230,-4.71,4748.041円,128回
4427,2019-09-03,4680,4790,09:34,4665,12:30,4685,8500株,40百万円,+30,+0.64,4711.765円,72回
4427,2019-09-03,4685,4790,14:37,4670,09:38,4770,5400株,26百万円,+85,+1.81,4743.519円,41回
4427,2019-09-05,4785,4915,09:25,4785,09:00,4830,18700株,91百万円,+60,+1.26,4843.369円,132回
4427,2019-09-05,4840,4880,09:37,4690,14:55,4715,11300株,54百万円,-115,-2.38,4791.416円,85回
4427,2019-09-07,4715,4770,09:02,4685,10:03,4695,9900株,47百万円,-20,-0.42,4716.768円,66回
4427,2019-09-10,4725,4775,09:30,4590,14:23,4610,10800株,51百万円,-85,-1.81,4680.648円,92回
4427,2019-09-11,4615,4650,09:13,4555,13:30,4600,10400株,48百万円,-10,-0.22,4608.51円,46回
4427,2019-09-12,4625,4725,09:53,4605,09:03,4670,10000株,47百万円,+70,+1.52,4656.1円,71回
4427,2019-09-13,4775,4850,14:59,4690,09:18,4820,14700株,70百万円,+150,+3.21,4762.245円,94回
4427,2019-09-17,4820,4820,09:00,4660,14:51,4695,10200株,48百万円,-125,-2.59,4714.461円,89回
4427,2019-09-17,4975,5140,09:12,4695,14:54,4720,62000株,304百万円,+25,+0.53,4901.605円,433回,412.15億円
4427,2019-09-19,4720,4840,09:27,4720,09:00,4805,10500株,50百万円,+85,+1.80,4776.952円,72回,419.57億円
4427,2019-09-20,4735,4930,14:59,4730,09:55,4910,13500株,65百万円,+105,+2.19,4811.926円,84回,430.67億円
4427,2019-09-24,5050,5320,12:30,4960,09:28,5150,54800株,281百万円,+240,+4.89,5132.427円,323回,451.72億円
4427,2019-09-25,5140,5440,13:51,5060,09:11,5410,40900株,216百万円,+260,+5.05,5287.09円,274回,474.52億円
4427,2019-09-26,5430,5550,09:31,5150,14:51,5240,45700株,247百万円,-170,-3.14,5404.157円,275回,459.61億円
4427,2019-09-27,5340,5440,14:31,5240,09:19,5420,18500株,99百万円,+180,+3.44,5355.405円,135回,475.40億円
4427,2019-09-30,5400,5520,10:43,5380,13:59,5500,19200株,105百万円,+80,+1.48,5456.667円,139回,482.42億円
4427,2019-10-01,5560,5650,09:17,5500,09:21,5620,33300株,186百万円,+120,+2.18,5589.189円,204回,492.94億円
4427,2019-10-02,5530,5650,09:49,5530,09:00,5630,24400株,137百万円,+10,+0.18,5610.492円,159回,493.82億円
4427,2019-10-03,5650,5730,09:42,5540,09:00,5600,30800株,174百万円,-30,-0.53,5650.26円,200回,491.19億円
4427,2019-10-04,5650,6240,13:12,5650,09:00,5950,139700株,836百万円,+350,+6.25,5981.038円,884回,521.89億円
4427,2019-10-07,5850,6160,09:54,5770,09:02,6010,44800株,270百万円,+60,+1.01,6022.656円,314回,527.15億円
4427,2019-10-08,6040,6200,11:08,5950,09:08,6190,35500株,217百万円,+180,+3.00,6123.465円,238回,542.94億円
4427,2019-10-09,6150,6330,09:44,6110,09:03,6240,52800株,329百万円,+50,+0.81,6239.261円,356回,547.32億円
4427,2019-10-10,6300,6320,09:03,6160,14:25,6240,32100株,201百万円,0,0,6248.318円,202回,547.32億円
4427,2019-10-11,6200,6310,09:21,6050,13:10,6100,26000株,160百万円,-140,-2.24,6163.423円,196回,535.04億円
4427,2019-10-15,6000,6140,14:51,5900,12:30,6140,29000株,175百万円,+40,+0.66,6017.759円,189回,538.55億円
4427,2019-10-16,6200,6200,09:00,6070,11:30,6120,15700株,96百万円,-20,-0.33,6122.42円,116回,536.80億円
4427,2019-10-17,6020,6320,11:29,6010,09:00,6180,34300株,213百万円,+60,+0.98,6210.816円,251回,542.06億円
4427,2019-10-18,6270,6450,15:00,6180,09:27,6450,32000株,203百万円,+270,+4.37,6356.75円,213回,566.31億円
4427,2019-10-21,6480,6730,10:23,6460,09:45,6530,37600株,248百万円,+80,+1.24,6588.511円,231回,573.33億円
4427,2019-10-23,6520,6550,09:30,6340,12:41,6420,15200株,98百万円,-110,-1.68,6442.105円,101回,563.68億円
4427,2019-10-24,6520,6540,09:06,6310,14:44,6310,7800株,50百万円,-110,-1.71,6379.359円,58回,554.02億円
4427,2019-10-25,6300,6330,14:59,6200,09:00,6320,8100株,51百万円,+10,+0.16,6259.012円,61回,554.90億円
4427,2019-10-28,6220,6220,09:00,6070,14:54,6070,10400株,64百万円,-250,-3.96,6120.577円,84回,532.95億円
4427,2019-10-29,6070,6070,09:00,5870,12:58,5950,24400株,145百万円,-120,-1.98,5950円,174回,522.41億円
4427,2019-10-30,5960,6140,12:35,5750,14:42,5800,20300株,120百万円,-150,-2.52,5910.394円,157回,509.24億円
4427,2019-10-31,5720,5980,09:20,5720,09:00,5890,15100株,89百万円,+90,+1.55,5870.993円,107回,517.14億円
4427,2019-11-01,5590,5660,09:11,4890,10:22,4890,99100株,505百万円,-1000,-16.98,5097.24円,423回,429.34億円
4427,2019-11-05,4800,4865,09:03,4190,13:43,4190,204900株,902百万円,-700,-14.31,4402.714円,1241回,367.88億円
4427,2019-11-07,4030,4060,09:00,3815,14:39,3905,143800株,561百万円,-125,-3.10,3903.268円,804回,342.86億円
4427,2019-11-08,3880,4060,12:48,3880,09:00,4020,103500株,413百万円,+115,+2.94,3988.894円,601回,352.96億円
4427,2019-11-11,4720,4720,15:00,4720,15:00,4720,17400株,82百万円,+700,+17.41,4720円,1回,414.42億円
4427,2019-11-12,5050,5160,09:12,4610,14:59,4625,311800株,1529百万円,-95,-2.01,4903.513円,1499回,406.07億円
4427,2019-11-13,4555,4605,09:03,4285,11:12,4470,130500株,577百万円,-155,-3.35,4423.571円,774回,392.47億円
4427,2019-11-14,4420,4635,14:59,4360,09:04,4635,102000株,462百万円,+165,+3.69,4531.716円,676回,406.95億円
4427,2019-11-15,4705,5020,14:58,4665,09:04,4995,201700株,985百万円,+360,+7.77,4884.792円,1221回,438.56億円
4427,2019-11-18,5070,5470,12:42,5060,09:00,5450,141300株,749百万円,+455,+9.11,5301.946円,895回,478.51億円
4427,2019-11-19,5460,5710,09:05,5200,14:00,5240,123000株,659百万円,-210,-3.85,5357.545円,862回,460.07億円
4427,2019-11-20,5220,5380,09:39,5120,14:15,5190,66300株,346百万円,-50,-0.95,5224.465円,445回,457.60億円
4427,2019-11-21,5200,5200,09:00,4995,10:54,5050,39200株,199百万円,-140,-2.70,5073.839円,251回,445.26億円
4427,2019-11-22,5040,5140,14:23,4995,09:04,5100,21600株,110百万円,+50,+0.99,5079.468円,144回,449.67億円
4427,2019-11-25,5200,5410,10:54,5150,09:02,5240,56600株,300百万円,+140,+2.75,5297.473円,340回,462.01億円
4427,2019-11-26,5270,5270,09:00,5080,09:06,5100,44900株,231百万円,-140,-2.67,5151.314円,319回,449.67億円
4427,2019-11-27,5110,5180,09:08,5070,09:06,5170,22900株,118百万円,+70,+1.37,5135.851円,160回,455.84億円
4427,2019-11-28,5110,5170,09:07,4835,14:49,4850,70200株,347百万円,-320,-6.19,4942.144円,395回,427.62億円
4427,2019-11-29,4750,4850,09:20,4480,14:24,4535,137200株,635百万円,-315,-6.49,4627.311円,796回,399.85億円
4427,2019-12-02,4580,4635,09:29,4485,14:53,4490,69200株,314百万円,-45,-0.99,4539.444円,419回,395.88億円
4427,2019-12-03,4420,4495,13:39,4375,09:02,4465,51800株,229百万円,-25,-0.56,4430.232円,339回,393.68億円
4427,2019-12-05,4365,4365,09:00,4195,12:34,4215,59300株,253百万円,-110,-2.54,4259.089円,358回,371.64億円
4427,2019-12-06,4220,4310,14:00,4170,09:16,4300,43500株,185百万円,+85,+2.02,4262.448円,284回,379.13億円
4427,2019-12-09,4370,4375,09:00,4270,09:10,4320,26700株,115百万円,+20,+0.47,4321.76円,171回,380.89億円
4427,2019-12-10,4300,4355,12:49,4210,09:27,4325,27100株,116百万円,+5,+0.12,4296.273円,194回,381.34億円
4427,2019-12-13,4250,4380,12:47,4215,09:07,4350,29200株,126百万円,+130,+3.08,4315.103円,172回,383.54億円
