4431,2019-09-18,2652,2666,09:00,2535,14:37,2558,234700株,606百万円,-103,-3.87,2583.285円,1134回,240.99億円
4431,2019-09-19,2608,2649,09:29,2602,09:07,2635,116700株,306百万円,+77,+3.01,2623.456円,601回,248.24億円
4431,2019-09-20,2638,2676,14:30,2635,09:12,2667,86200株,229百万円,+32,+1.21,2653.665円,481回,251.59億円
4431,2019-09-24,2688,2693,09:02,2651,10:45,2690,71500株,191百万円,+23,+0.86,2673.133円,373回,253.76億円
4431,2019-09-25,2675,2775,14:40,2669,09:06,2768,130400株,357百万円,+78,+2.90,2739.382円,659回,261.12億円
4431,2019-09-26,2770,2774,09:00,2694,14:51,2708,113900株,310百万円,-60,-2.17,2723.715円,624回,255.46億円
4431,2019-09-27,2700,2716,09:06,2638,13:47,2650,82700株,221百万円,-58,-2.14,2668.065円,418回,249.99億円
4431,2019-09-30,2658,2692,09:09,2615,13:50,2626,59300株,157百万円,-24,-0.91,2647.275円,363回,247.72億円
4431,2019-10-01,2632,2661,09:11,2601,11:25,2614,64600株,169百万円,-12,-0.46,2620.89円,303回,246.59億円
4431,2019-10-02,2597,2662,12:53,2580,09:00,2652,59000株,155百万円,+38,+1.45,2625.327円,296回,250.17億円
4431,2019-10-03,2605,2653,09:40,2600,09:06,2625,48400株,127百万円,-27,-1.02,2620.12円,243回,247.63億円
4431,2019-10-04,2620,2657,14:15,2615,09:26,2650,47100株,124百万円,+25,+0.95,2638.412円,254回,249.99億円
4431,2019-10-07,2654,2769,10:07,2640,09:25,2742,154200株,421百万円,+92,+3.47,2732.094円,847回,258.66億円
4431,2019-10-08,2721,2773,10:00,2704,09:05,2706,94100株,257百万円,-36,-1.31,2734.589円,553回,255.27億円
4431,2019-10-09,2700,2748,12:59,2676,09:00,2734,55900株,152百万円,+28,+1.03,2718.794円,261回,257.91億円
4431,2019-10-10,2715,2773,10:18,2710,09:20,2725,49200株,135百万円,-9,-0.33,2742.9円,290回,257.06億円
4431,2019-10-11,2716,2736,09:17,2632,15:00,2632,68600株,183百万円,-93,-3.41,2673.668円,355回,248.29億円
4431,2019-10-15,2638,2689,09:10,2638,09:00,2646,30700株,82百万円,+14,+0.53,2658.511円,180回,249.61億円
4431,2019-10-16,2671,2686,09:08,2590,14:18,2594,79100株,207百万円,-52,-1.97,2620.161円,393回,244.70億円
4431,2019-10-17,2600,2602,10:54,2555,14:15,2559,74100株,191百万円,-35,-1.35,2575.22円,396回,241.40億円
4431,2019-10-18,2575,2615,09:25,2556,13:37,2573,51000株,132百万円,+14,+0.55,2584.12円,264回,242.72億円
4431,2019-10-21,2610,2649,11:04,2595,09:03,2648,60300株,159百万円,+75,+2.91,2628.711円,333回,249.80億円
4431,2019-10-23,2630,2645,10:06,2593,13:51,2605,63200株,165百万円,-43,-1.62,2613.413円,326回,245.74億円
4431,2019-10-24,2597,2620,09:53,2577,14:43,2577,72700株,189百万円,-28,-1.07,2593.275円,330回,243.10億円
4431,2019-10-25,2590,2598,15:00,2566,10:34,2598,36400株,94百万円,+21,+0.81,2580.805円,196回,245.08億円
4431,2019-10-28,2598,2623,09:10,2595,14:38,2610,45400株,118百万円,+12,+0.46,2608.745円,238回,246.21億円
4431,2019-10-29,2610,2630,09:03,2599,14:30,2605,38400株,100百万円,-5,-0.19,2609.706円,210回,245.74億円
4431,2019-10-30,2600,2611,09:24,2585,10:36,2600,39300株,102百万円,-5,-0.19,2598.046円,242回,245.27億円
4431,2019-10-31,2601,2684,09:26,2601,09:00,2603,62800株,166百万円,+3,+0.12,2636.027円,424回,245.55億円
4431,2019-11-01,2598,2614,14:56,2583,09:08,2610,34400株,89百万円,+7,+0.27,2597.241円,198回,246.21億円
4431,2019-11-05,2610,2672,10:02,2610,09:00,2613,91400株,241百万円,+3,+0.11,2636.922円,470回,246.49億円
4431,2019-11-07,2583,2603,09:40,2570,09:11,2595,46400株,120百万円,+7,+0.27,2587.448円,204回,244.80億円
4431,2019-11-08,2582,2612,09:12,2557,14:35,2562,60200株,155百万円,-33,-1.27,2575.241円,269回,241.68億円
4431,2019-11-11,2576,2606,09:40,2570,10:40,2589,56500株,146百万円,+27,+1.05,2590.35円,249回,244.23億円
4431,2019-11-12,2595,2606,09:00,2558,14:44,2563,63700株,164百万円,-26,-1.00,2572.587円,289回,241.78億円
4431,2019-11-13,2563,2575,09:19,2480,11:02,2498,117300株,295百万円,-65,-2.54,2511.439円,595回,235.65億円
4431,2019-11-14,2480,2480,09:00,2399,14:15,2399,165300株,400百万円,-99,-3.96,2420.398円,768回,226.31億円
4431,2019-11-15,2368,2377,09:00,2320,12:35,2335,147100株,344百万円,-64,-2.67,2339.377円,592回,220.27億円
4431,2019-11-18,2335,2419,09:23,2335,09:00,2384,93800株,224百万円,+49,+2.10,2385.797円,536回,224.89億円
4431,2019-11-19,2412,2428,09:01,2362,13:51,2387,70100株,168百万円,+3,+0.13,2392.889円,375回,225.18億円
4431,2019-11-20,2388,2422,11:30,2388,09:00,2422,58200株,140百万円,+35,+1.47,2410.277円,315回,228.48億円
4431,2019-11-21,2418,2422,09:00,2349,10:55,2420,67300株,161百万円,-2,-0.08,2386.927円,426回,228.29億円
4431,2019-11-22,2420,2424,14:32,2383,09:23,2422,48600株,117百万円,+2,+0.08,2411.926円,253回,228.48億円
4431,2019-11-25,2430,2467,09:22,2430,09:00,2464,57000株,140百万円,+42,+1.73,2453.958円,302回,232.44億円
4431,2019-11-26,2490,2576,14:46,2467,12:38,2568,137000株,345百万円,+104,+4.22,2518.174円,631回,242.25億円
4431,2019-11-27,2580,2699,14:41,2571,09:04,2692,226800株,598百万円,+124,+4.83,2634.77円,1050回,253.95億円
4431,2019-11-28,2728,2776,13:40,2642,09:36,2747,278300株,760百万円,+55,+2.04,2729.77円,1150回,259.14億円
4431,2019-11-29,2750,2761,09:02,2681,14:29,2700,148500株,403百万円,-47,-1.71,2713.468円,742回,254.70億円
4431,2019-12-02,2750,2887,14:56,2750,09:00,2870,426000株,1206百万円,+170,+6.30,2831.323円,1894回,270.74億円
4431,2019-12-03,2835,3065,14:33,2820,09:00,3005,526800株,1565百万円,+135,+4.70,2971.604円,1833回,283.47億円
4431,2019-12-05,3010,3060,09:04,2907,12:36,2977,227200株,674百万円,-63,-2.07,2966.128円,1113回,280.83億円
4431,2019-12-06,2953,3030,10:17,2930,09:15,2990,140700株,420百万円,+13,+0.44,2985.617円,654回,282.06億円
4431,2019-12-09,3035,3035,09:00,2941,09:53,3000,109500株,327百万円,+10,+0.33,2986.476円,479回,283.00億円
4431,2019-12-10,2986,3050,12:58,2980,09:03,3030,109600株,331百万円,+30,+1.00,3015.976円,403回,285.83億円
4431,2019-12-13,2977,3020,09:36,2920,14:19,2944,180600株,536百万円,-3,-0.10,2965.558円,893回,277.72億円
4431,2019-12-16,3220,3435,09:13,3205,09:57,3380,1299600株,4324百万円,+436,+14.81,3327.174円,4911回,318.85億円
4431,2019-12-17,3360,3480,09:10,3125,11:15,3180,607900株,1989百万円,-200,-5.92,3271.741円,2560回,299.98億円
4431,2019-12-18,3195,3210,09:00,2997,12:35,3000,386800株,1185百万円,-180,-5.66,3062.91円,1595回,283.00億円
4431,2019-12-19,2994,3170,11:27,2990,09:00,3075,219400株,678百万円,+75,+2.50,3089.442円,922回,290.08億円
4431,2019-12-20,3060,3150,14:46,3020,10:36,3140,135500株,420百万円,+65,+2.11,3097.668円,591回,296.21億円
4431,2019-12-23,3175,3290,10:30,3150,09:03,3260,221100株,715百万円,+120,+3.82,3233.324円,868回,307.53億円
4431,2019-12-24,3280,3300,09:02,3170,10:37,3255,156300株,504百万円,-5,-0.15,3226.795円,623回,307.06億円
4431,2019-12-25,3250,3300,09:56,3190,14:50,3190,112400株,364百万円,-65,-2.00,3238.946円,484回,300.93億円
4431,2019-12-26,3180,3330,13:28,3155,09:00,3270,202200株,660百万円,+80,+2.51,3265.915円,752回,308.47億円
4431,2019-12-27,3330,3525,14:36,3325,09:01,3505,448200株,1547百万円,+235,+7.19,3452.035円,1582回,330.64億円
4431,2019-12-30,3515,3575,09:01,3430,12:42,3475,281300株,984百万円,-30,-0.86,3497.591円,1090回,327.81億円
4431,2020-01-06,3390,3450,10:57,3265,09:08,3320,293500株,982百万円,-155,-4.46,3346.25円,1161回,313.19億円
4431,2020-01-07,3315,3420,14:50,3305,10:06,3400,128500株,432百万円,+80,+2.41,3360.802円,548回,320.74億円
4431,2020-01-08,3370,3405,09:01,3180,09:40,3230,212500株,689百万円,-170,-5.00,3244.026円,970回,304.70億円
4431,2020-01-09,3345,3365,10:17,3280,13:45,3295,141800株,472百万円,+65,+2.01,3325.328円,488回,310.83億円
4431,2020-01-10,3280,3315,09:02,3210,10:42,3255,100800株,327百万円,-40,-1.21,3243.78円,430回,307.06億円
4431,2020-01-14,3285,3310,10:40,3205,09:57,3270,85300株,278百万円,+15,+0.46,3256.729円,354回,308.47億円
4431,2020-01-15,3300,3370,12:56,3245,09:04,3335,87100株,289百万円,+65,+1.99,3318.972円,365回,314.60億円
4431,2020-01-16,3365,3425,10:47,3325,09:08,3350,99000株,334百万円,+15,+0.45,3374.152円,391回,316.02億円
4431,2020-01-17,3375,3375,09:00,3190,14:48,3225,140100株,456百万円,-125,-3.73,3253.779円,484回,304.23億円
4431,2020-01-20,3305,3380,12:49,3255,09:52,3270,189400株,628百万円,+45,+1.40,3316.486円,615回,308.47億円
4431,2020-01-21,3290,3345,09:34,3235,10:33,3255,138800株,454百万円,-15,-0.46,3273.808円,600回,307.06億円
4431,2020-01-22,3230,3390,13:36,3225,09:00,3380,199500株,669百万円,+125,+3.84,3354.739円,682回,318.85億円
4431,2020-01-23,3395,3460,12:46,3335,09:15,3430,166800株,570百万円,+50,+1.48,3415.881円,734回,323.57億円
4431,2020-01-24,3420,3460,10:33,3370,09:28,3420,111500株,382百万円,-10,-0.29,3423.637円,438回,322.62億円
4431,2020-01-27,3330,3390,13:53,3305,09:03,3345,159800株,534百万円,-75,-2.19,3343.633円,554回,315.55億円
4431,2020-01-28,3310,3530,10:05,3310,09:00,3500,182900株,633百万円,+155,+4.63,3461.826円,648回,330.17億円
4431,2020-01-29,3465,3575,09:24,3455,09:01,3500,168700株,593百万円,0,0,3514.152円,619回,330億円
4431,2020-01-30,3510,3545,09:04,3410,12:45,3470,169200株,587百万円,-30,-0.86,3469.879円,745回,327億円
4431,2020-01-31,3510,3635,09:49,3475,09:00,3505,188700株,671百万円,+35,+1.01,3556.63円,798回,331億円
4431,2020-02-03,3450,3600,12:30,3415,09:00,3590,135500株,478百万円,+85,+2.43,3530.199円,633回,339億円
4431,2020-02-04,3560,3765,11:06,3550,09:01,3575,214700株,784百万円,-15,-0.42,3649.751円,842回,337億円
4431,2020-02-05,3645,3655,09:16,3555,14:50,3555,100300株,361百万円,-20,-0.56,3594.616円,436回,335億円
4431,2020-02-06,3605,3630,10:15,3565,09:20,3590,80000株,287百万円,+35,+0.98,3591.281円,360回,339億円
4431,2020-02-07,3600,3665,09:03,3500,14:21,3510,130300株,467百万円,-80,-2.23,3582.475円,491回,331億円
4431,2020-02-10,3510,3655,09:44,3510,09:00,3590,113900株,409百万円,+80,+2.28,3589.087円,432回,339億円
4431,2020-02-12,3610,3725,14:13,3610,09:00,3715,111700株,410百万円,+125,+3.48,3672.708円,473回,350億円
4431,2020-02-13,3710,3750,12:33,3655,09:02,3730,117000株,434百万円,+15,+0.40,3707.218円,501回,352億円
4431,2020-02-14,3735,3880,10:39,3725,09:00,3815,254900株,973百万円,+85,+2.28,3815.471円,981回,360億円
4431,2020-02-17,3825,3895,11:06,3700,09:08,3850,253300株,964百万円,+35,+0.92,3803.972円,1050回,363億円
4431,2020-02-17,3900,4060,09:51,3790,14:35,3835,343300株,1351百万円,-15,-0.39,3934.72円,1436回,362億円
4431,2020-02-18,3855,4110,11:17,3855,09:00,4095,270900株,1093百万円,+260,+6.78,4035.28円,1114回,386億円
4431,2020-02-20,4100,4210,09:50,4050,09:07,4115,233700株,965百万円,+20,+0.49,4127.533円,968回,388億円
4431,2020-02-21,4125,4230,14:59,4125,09:00,4230,175800株,737百万円,+115,+2.79,4189.525円,740回,399億円
4431,2020-02-25,4020,4145,09:30,3935,09:08,4110,238200株,970百万円,-120,-2.84,4072.496円,995回,388億円
4431,2020-02-26,4045,4115,09:08,3835,11:06,4015,236200株,939百万円,-95,-2.31,3976.431円,1176回,379億円
4431,2020-02-27,4015,4120,09:36,3840,13:33,3950,242100株,968百万円,-65,-1.62,3996.448円,1085回,373億円
4431,2020-02-28,3740,3885,10:01,3650,14:29,3710,302800株,1141百万円,-240,-6.08,3769.521円,1349回,350億円
4431,2020-03-02,3710,4070,12:30,3710,09:00,3995,251200株,984百万円,+285,+7.68,3918.264円,1278回,377億円
4431,2020-03-03,4200,4200,09:06,3800,14:18,3820,254500株,995百万円,-175,-4.38,3910.829円,1223回,360億円
4431,2020-03-04,3775,3825,09:10,3700,10:08,3735,206100株,773百万円,-85,-2.23,3748.935円,1062回,352億円
4431,2020-03-05,3830,3860,09:03,3675,14:06,3745,142400株,535百万円,+10,+0.27,3754.322円,743回,353億円
4431,2020-03-06,3690,3740,09:03,3540,09:42,3580,196700株,705百万円,-165,-4.41,3585.684円,1036回,338億円
4431,2020-03-06,3335,3400,09:10,3125,14:36,3170,199100株,649百万円,-410,-11.45,3260.507円,933回,299億円
4431,2020-03-10,2938,3330,14:37,2700,09:12,3275,272900株,843百万円,+105,+3.31,3087.866円,1382回,309億円
4431,2020-03-11,3260,3340,09:13,3010,14:53,3015,151700株,478百万円,-260,-7.94,3148.105円,813回,284億円
4431,2020-03-12,2891,3065,10:02,2851,12:37,2864,154600株,453百万円,-151,-5.01,2927.349円,824回,270億円
4431,2020-03-13,2614,2759,09:20,2436,10:08,2535,203300株,521百万円,-329,-11.49,2564.82円,1046回,239億円
4431,2020-03-16,2651,2847,14:19,2550,09:11,2683,386500株,1048百万円,+148,+5.84,2710.239円,2018回,253億円
4431,2020-03-17,2633,3045,10:37,2622,09:01,2972,324200株,938百万円,+289,+10.77,2892.634円,1853回,280億円
4431,2020-03-18,3065,3200,09:03,2873,14:40,2885,337700株,1026百万円,-87,-2.93,3039.034円,1899回,272億円
4431,2020-03-19,3000,3005,09:08,2750,12:58,2813,159200株,456百万円,-72,-2.50,2863.459円,784回,265億円
4431,2020-03-23,2769,2900,14:02,2759,09:00,2860,68400株,194百万円,+47,+1.67,2831.251円,402回,270億円
4431,2020-03-24,2995,3095,09:37,2921,09:13,3030,74800株,225百万円,+170,+5.94,3005.981円,456回,286億円
4431,2020-03-25,3170,3195,09:04,3030,12:30,3085,138800株,430百万円,+55,+1.82,3095.133円,743回,291億円
4431,2020-03-26,2959,2965,09:05,2790,15:00,2790,147100株,421百万円,-295,-9.56,2859.214円,706回,263億円
4431,2020-03-27,2910,2910,09:06,2764,10:53,2768,74600株,209百万円,-22,-0.79,2804.135円,425回,261億円
4431,2020-03-30,2722,2827,09:29,2675,09:01,2756,64800株,179百万円,-12,-0.43,2756.144円,393回,260億円
4431,2020-03-31,2800,2821,09:11,2731,14:57,2737,74700株,208百万円,-19,-0.69,2778.558円,455回,258億円
4431,2020-04-01,2737,2740,09:00,2595,14:49,2617,89700株,239百万円,-120,-4.38,2661.029円,575回,247億円
4431,2020-04-02,2572,2618,09:52,2538,10:35,2578,47600株,122百万円,-39,-1.49,2570.332円,295回,243億円
4431,2020-04-03,2590,2611,09:10,2485,14:39,2498,78500株,198百万円,-80,-3.10,2523.187円,460回,236億円
4431,2020-04-06,2497,2610,14:59,2470,09:12,2605,70700株,181百万円,+107,+4.28,2557.877円,416回,246億円
