4506,2019-08-06,1927,1937,09:00,1856,12:45,1884,1399300株,2635百万円,-82,-4.17,1882.735円,2560回
4506,2019-08-06,1821,1884,14:59,1784,09:59,1884,1001500株,1851百万円,0,0,1848.258円,2166回
4506,2019-08-07,1875,1915,09:07,1867,09:29,1903,965700株,1827百万円,+19,+1.01,1891.975円,2191回
4506,2019-08-08,1900,1914,10:35,1870,09:32,1906,527600株,1004百万円,+3,+0.16,1902.077円,1263回
4506,2019-08-09,1945,1948,11:11,1915,14:54,1918,869900株,1681百万円,+12,+0.63,1931.933円,1172回
4506,2019-08-13,1898,1909,09:00,1858,09:49,1899,897600株,1696百万円,-19,-0.99,1889.665円,1800回
4506,2019-08-14,1902,1908,09:00,1861,12:38,1874,615400株,1155百万円,-25,-1.32,1876.541円,1338回
4506,2019-08-15,1820,1842,12:42,1813,09:28,1842,752800株,1379百万円,-32,-1.71,1832.123円,1456回
4506,2019-08-16,1828,1875,12:51,1826,09:04,1870,663400株,1232百万円,+28,+1.52,1856.762円,1480回
4506,2019-08-19,1866,1893,09:05,1858,11:17,1877,681100株,1274百万円,+7,+0.37,1869.967円,1520回
4506,2019-08-20,1896,1937,14:48,1876,09:07,1933,725000株,1391百万円,+56,+2.98,1918.539円,1267回
4506,2019-08-21,1912,1921,09:07,1881,11:26,1885,583600株,1104百万円,-48,-2.48,1891.826円,1476回
4506,2019-08-22,1885,1891,09:04,1863,14:33,1877,701200株,1316百万円,-8,-0.42,1876.265円,1592回
4506,2019-08-23,1877,1906,14:01,1867,09:06,1900,542000株,1026百万円,+23,+1.23,1892.928円,1281回
4506,2019-08-26,1837,1865,09:31,1822,14:24,1831,726800株,1335百万円,-69,-3.63,1837.021円,1343回
4506,2019-08-26,1853,1888,12:30,1853,09:00,1868,645100株,1207百万円,+37,+2.02,1870.846円,1208回
4506,2019-08-28,1852,1869,09:03,1835,14:19,1840,404700株,747百万円,-28,-1.50,1846.186円,797回
4506,2019-08-29,1847,1860,09:01,1815,14:59,1817,512000株,934百万円,-23,-1.25,1824.095円,1102回
4506,2019-08-30,1830,1859,14:38,1823,10:50,1856,640800株,1185百万円,+39,+2.15,1848.742円,1315回
4506,2019-09-02,1834,1839,09:00,1780,14:16,1782,818500株,1469百万円,-74,-3.99,1795.204円,1580回
4506,2019-09-03,1720,1754,09:30,1661,09:03,1718,1382400株,2376百万円,-64,-3.59,1718.835円,3155回
4506,2019-09-03,1726,1769,10:51,1718,09:21,1754,861200株,1506百万円,+36,+2.10,1748.275円,1843回
4506,2019-09-05,1754,1785,14:08,1741,09:01,1770,902000株,1598百万円,+16,+0.91,1771.953円,1523回
4506,2019-09-05,1790,1806,13:13,1764,09:18,1800,1277000株,2290百万円,+30,+1.69,1792.898円,2105回
4506,2019-09-07,1830,1851,14:46,1801,09:04,1850,1045300株,1915百万円,+50,+2.78,1831.986円,1835回
4506,2019-09-10,1850,1859,09:01,1824,09:27,1826,1256400株,2307百万円,-24,-1.30,1836.358円,2540回
4506,2019-09-11,1849,1871,12:54,1836,09:02,1851,1041300株,1933百万円,+25,+1.37,1856.367円,2107回
4506,2019-09-12,1885,1914,13:15,1873,09:02,1895,906900株,1718百万円,+44,+2.38,1893.935円,1368回
4506,2019-09-13,1914,1915,09:00,1852,14:39,1861,1871300株,3525百万円,-34,-1.79,1883.529円,2215回
4506,2019-09-17,1872,1906,14:59,1852,09:02,1906,858500株,1626百万円,+45,+2.42,1893.862円,1256回
4506,2019-09-17,1906,1917,14:22,1888,12:51,1907,731300株,1394百万円,+1,+0.05,1906.579円,1345回,7587.96億円
4506,2019-09-19,1910,1924,09:08,1845,14:32,1851,1059600株,1983百万円,-56,-2.94,1871.055円,1849回,7365.13億円
4506,2019-09-20,1891,1910,09:09,1862,14:38,1871,1266600株,2379百万円,+20,+1.08,1878.014円,1976回,7444.71億円
4506,2019-09-24,1828,1851,09:53,1808,14:39,1809,1040200株,1895百万円,-62,-3.31,1821.387円,2090回,7198.01億円
4506,2019-09-25,1843,1903,09:24,1827,09:00,1876,1308400株,2453百万円,+67,+3.70,1875.082円,2677回,7464.61億円
4506,2019-09-26,1857,1866,09:01,1839,09:34,1850,934700株,1730百万円,-26,-1.39,1850.86円,1765回,7361.15億円
4506,2019-09-27,1836,1844,09:00,1789,12:31,1809,1093000株,1972百万円,-41,-2.22,1804.154円,1826回,7198.01億円
4506,2019-09-30,1804,1813,09:01,1767,12:35,1775,1212800株,2157百万円,-34,-1.88,1778.207円,1884回,7062.73億円
4506,2019-10-01,1793,1840,14:53,1786,09:26,1839,795200株,1453百万円,+64,+3.61,1827.83円,1499回,7317.38億円
4506,2019-10-02,1818,1833,12:30,1803,14:59,1804,1007400株,1825百万円,-35,-1.90,1812.075円,2013回,7178.12億円
4506,2019-10-03,1770,1772,09:00,1711,14:36,1715,1400600株,2414百万円,-89,-4.93,1723.518円,2670回,6823.99億円
4506,2019-10-04,1714,1729,09:09,1698,10:52,1710,1027500株,1757百万円,-5,-0.29,1709.871円,1854回,6804.09億円
4506,2019-10-07,1699,1706,09:16,1672,10:19,1699,720500株,1220百万円,-11,-0.64,1692.641円,1377回,6760.32億円
4506,2019-10-08,1714,1743,14:54,1714,09:00,1741,1259800株,2183百万円,+42,+2.47,1733.036円,1996回,6927.44億円
4506,2019-10-09,1728,1758,14:24,1726,09:01,1758,797100株,1395百万円,+17,+0.98,1750.283円,1558回,6995.08億円
4506,2019-10-10,1741,1766,10:40,1727,09:28,1764,659700株,1158百万円,+6,+0.34,1755.568円,1434回,7018.96億円
4506,2019-10-11,1790,1795,09:00,1776,12:51,1781,938900株,1677百万円,+17,+0.96,1785.838円,1295回,7086.60億円
4506,2019-10-15,1813,1819,10:42,1797,10:01,1813,762700株,1383百万円,+32,+1.80,1812.761円,1394回,7213.93億円
4506,2019-10-16,1829,1837,09:06,1798,09:41,1817,916400株,1666百万円,+4,+0.22,1817.592円,1749回,7229.85億円
4506,2019-10-17,1830,1835,10:17,1811,12:45,1812,657200株,1196百万円,-5,-0.28,1819.892円,1180回,7209.95億円
4506,2019-10-18,1827,1832,09:10,1778,12:48,1785,781900株,1404百万円,-27,-1.49,1795.942円,1268回,7102.52億円
4506,2019-10-21,1785,1790,09:00,1749,14:59,1750,568300株,1001百万円,-35,-1.96,1760.774円,1170回,6963.25億円
4506,2019-10-23,1830,1830,09:03,1761,09:11,1797,1794100株,3217百万円,+47,+2.69,1793.047円,3970回,7150.27億円
4506,2019-10-24,1803,1818,09:19,1794,10:02,1805,1212200株,2187百万円,+8,+0.45,1804.109円,2196回,7182.10億円
4506,2019-10-25,1802,1820,09:00,1789,10:40,1808,1181300株,2131百万円,+3,+0.17,1803.535円,2293回,7194.03億円
4506,2019-10-28,1827,1832,09:00,1785,10:20,1812,1021500株,1847百万円,+4,+0.22,1807.959円,2466回,7209.95億円
4506,2019-10-29,1813,1902,11:26,1795,09:03,1889,2288600株,4272百万円,+77,+4.25,1866.436円,4728回,7516.33億円
4506,2019-10-30,1904,1951,11:01,1889,09:05,1926,1414800株,2721百万円,+37,+1.96,1923.185円,3672回,7663.56億円
4506,2019-10-31,1924,1929,09:00,1895,09:28,1902,1274100株,2429百万円,-26,-1.35,1906.269円,2258回,7568.06億円
4506,2019-11-01,1888,1890,09:00,1800,14:38,1805,1512000株,2766百万円,-97,-5.10,1829.505円,3532回,7182.10億円
4506,2019-11-05,1839,1868,13:04,1813,09:34,1851,1787400株,3298百万円,+46,+2.55,1845.274円,3266回,7365.13億円
4506,2019-11-06,1855,1861,09:00,1827,09:31,1833,980000株,1800百万円,-18,-0.97,1837.171円,2118回,7293.51億円
4506,2019-11-07,1846,1893,10:20,1846,09:00,1864,1009800株,1887百万円,+31,+1.69,1869.08円,2334回,7416.86億円
4506,2019-11-08,1888,1888,09:00,1844,13:19,1864,1316600株,2459百万円,0,0,1867.414円,1945回,7416.86億円
4506,2019-11-11,1873,1891,09:19,1862,11:26,1878,697000株,1307百万円,+14,+0.75,1875.017円,1328回,7472.56億円
4506,2019-11-12,1890,1907,09:00,1855,09:19,1894,872100株,1642百万円,+16,+0.85,1883.119円,2245回,7536.23億円
4506,2019-11-13,1890,1890,09:00,1834,10:46,1845,732200株,1353百万円,-49,-2.59,1847.265円,1918回,7341.26億円
4506,2019-11-14,1851,1874,10:49,1845,13:05,1858,670400株,1246百万円,+13,+0.70,1859.193円,1552回,7392.98億円
4506,2019-11-15,1856,1871,09:02,1840,12:44,1855,1025200株,1899百万円,-3,-0.16,1852.379円,2061回,7381.05億円
4506,2019-11-18,1885,1904,09:13,1846,13:57,1864,1068500株,1996百万円,+9,+0.49,1868.416円,2023回,7416.86億円
4506,2019-11-19,1895,2002,14:59,1893,09:00,2001,2338500株,4586百万円,+137,+7.35,1961.12円,4796回,7961.98億円
4506,2019-11-20,2101,2219,09:07,2070,09:56,2140,4146300株,8804百万円,+139,+6.95,2123.27円,10943回,8515.06億円
4506,2019-11-21,2120,2124,09:08,2054,10:42,2070,2359300株,4907百万円,-70,-3.27,2079.755円,5925回,8236.53億円
4506,2019-11-22,2056,2061,13:53,2018,09:27,2044,1086500株,2221百万円,-26,-1.26,2044.45円,2395回,8133.08億円
4506,2019-11-25,2075,2080,09:00,1991,11:07,2018,1090400株,2196百万円,-26,-1.27,2014.366円,3154回,8029.63億円
4506,2019-11-26,2040,2074,14:59,2005,09:18,2071,2040700株,4198百万円,+53,+2.63,2057.339円,3309回,8240.51億円
4506,2019-11-27,2115,2125,09:00,2067,09:36,2087,1653400株,3464百万円,+16,+0.77,2095.316円,3514回,8304.18億円
4506,2019-11-28,2088,2089,09:00,2040,09:33,2047,747200株,1533百万円,-40,-1.92,2051.854円,1787回,8145.02億円
4506,2019-11-29,2070,2094,12:30,2049,09:01,2067,979400株,2030百万円,+20,+0.98,2072.22円,2032回,8224.60億円
4506,2019-12-02,2094,2135,12:30,2076,09:01,2123,1089100株,2307百万円,+56,+2.71,2118.047円,2484回,8447.42億円
4506,2019-12-03,2080,2099,12:35,2060,09:09,2096,1029900株,2147百万円,-27,-1.27,2084.547円,2242回,8339.99億円
4506,2019-12-05,2110,2161,13:45,2103,09:00,2151,1073900株,2306百万円,+65,+3.12,2147.575円,2681回,8558.83億円
4506,2019-12-06,2150,2196,14:07,2135,09:00,2185,1255200株,2740百万円,+34,+1.58,2182.975円,2552回,8694.12億円
4506,2019-12-09,2174,2178,09:01,2127,13:35,2137,1044800株,2242百万円,-48,-2.20,2145.605円,2464回,8503.13億円
4506,2019-12-10,2137,2167,12:30,2133,09:00,2155,966700株,2083百万円,+18,+0.84,2155.142円,1872回,8574.75億円
4506,2019-12-13,2160,2187,12:31,2140,09:09,2170,1687900株,3657百万円,+74,+3.53,2166.722円,2622回,8634.43億円
4506,2019-12-16,2140,2142,09:05,2098,11:05,2100,1430700株,3018百万円,-70,-3.23,2109.212円,3006回,8355.90億円
4506,2019-12-17,2139,2188,12:56,2129,09:27,2176,1163600株,2517百万円,+76,+3.62,2162.923円,2056回,8658.31億円
4506,2019-12-18,2165,2170,09:00,2111,13:44,2122,875800株,1861百万円,-54,-2.48,2124.97円,1951回,8443.44億円
4506,2019-12-19,2115,2131,09:04,2102,14:28,2105,674400株,1423百万円,-17,-0.80,2109.375円,1559回,8375.80億円
4506,2019-12-20,2132,2138,12:30,2108,14:59,2109,1210000株,2562百万円,+4,+0.19,2117.167円,1793回,8391.71億円
4506,2019-12-23,2120,2152,10:44,2117,09:19,2136,507600株,1084百万円,+27,+1.28,2136.347円,1082回,8499.15億円
4506,2019-12-24,2140,2147,09:00,2117,14:04,2127,506200株,1077百万円,-9,-0.42,2127.401円,1065回,8463.34億円
4506,2019-12-25,2125,2146,11:30,2122,09:00,2133,339800株,726百万円,+6,+0.28,2135.898円,737回,8487.21億円
4506,2019-12-26,2122,2157,13:54,2114,09:01,2153,464200株,995百万円,+20,+0.94,2144.533円,1039回,8566.79億円
4506,2019-12-27,2130,2173,12:41,2124,09:00,2156,478400株,1032百万円,+3,+0.14,2156.885円,1308回,8578.73億円
4506,2019-12-30,2149,2155,09:00,2124,09:09,2130,560600株,1197百万円,-26,-1.21,2135.687円,1169回,8475.27億円
4506,2020-01-06,2080,2101,09:57,2061,09:00,2090,1456900株,3043百万円,-40,-1.88,2089.015円,3295回,8316.11億円
4506,2020-01-07,2095,2123,14:29,2088,09:29,2120,889000株,1879百万円,+30,+1.44,2113.331円,1704回,8435.48億円
4506,2020-01-08,2094,2109,09:02,2037,10:37,2070,1061200株,2196百万円,-50,-2.36,2069.206円,2558回,8236.53億円
4506,2020-01-09,2111,2139,09:09,2104,10:03,2129,805700株,1713百万円,+59,+2.85,2125.599円,1688回,8471.29億円
4506,2020-01-10,2149,2175,15:00,2140,09:00,2175,847100株,1832百万円,+46,+2.16,2162.743円,1527回,8654.33億円
4506,2020-01-14,2180,2191,09:13,2155,12:30,2166,687400株,1491百万円,-9,-0.41,2169.341円,1355回,8618.52億円
4506,2020-01-15,2176,2181,09:02,2121,14:26,2136,813800株,1747百万円,-30,-1.39,2147.3円,1779回,8499.15億円
4506,2020-01-16,2168,2181,09:19,2129,14:21,2133,835400株,1793百万円,-3,-0.14,2145.815円,2113回,8487.21億円
4506,2020-01-17,2141,2166,13:48,2123,09:07,2157,721700株,1554百万円,+24,+1.13,2152.691円,1437回,8582.71億円
4506,2020-01-20,2153,2162,10:42,2144,09:01,2160,405300株,874百万円,+3,+0.14,2157.451円,1020回,8594.64億円
4506,2020-01-21,2154,2171,13:22,2138,10:20,2167,785900株,1699百万円,+7,+0.32,2161.36円,1739回,8622.50億円
4506,2020-01-22,2165,2170,09:07,2149,13:53,2152,599500株,1292百万円,-15,-0.69,2155.602円,1296回,8562.81億円
4506,2020-01-23,2130,2133,09:00,2105,14:27,2109,607800株,1285百万円,-43,-2.00,2114.705円,1287回,8391.71億円
4506,2020-01-24,2111,2114,09:00,2078,14:22,2080,659500株,1377百万円,-29,-1.38,2087.462円,1367回,8276.32億円
4506,2020-01-27,2049,2060,09:01,2009,09:38,2023,753700株,1529百万円,-57,-2.74,2028.896円,1413回,8049.52億円
4506,2020-01-28,1993,2007,09:01,1980,10:20,2002,1145100株,2286百万円,-21,-1.04,1996.406円,2246回,7965.96億円
4506,2020-01-29,2000,2005,09:17,1982,11:11,1995,834300株,1663百万円,-7,-0.35,1993.124円,1536回,7938億円
4506,2020-01-30,1995,2015,09:20,1968,12:57,1979,857600株,1703百万円,-16,-0.80,1986.146円,2059回,7874億円
4506,2020-01-31,1782,1914,14:29,1781,09:12,1903,2903800株,5407百万円,-76,-3.84,1861.965円,6569回,7572億円
4506,2020-02-03,1878,1879,09:00,1814,10:21,1823,1713500株,3131百万円,-80,-4.20,1827.17円,3318回,7254億円
4506,2020-02-04,1800,1825,09:22,1793,09:00,1804,1915400株,3457百万円,-19,-1.04,1804.991円,3254回,7178億円
4506,2020-02-05,1821,1836,14:58,1801,09:00,1836,1572500株,2865百万円,+32,+1.77,1822.07円,2168回,7305億円
4506,2020-02-06,1864,1905,14:47,1858,10:36,1901,1532700株,2895百万円,+65,+3.54,1888.825円,2673回,7564億円
4506,2020-02-07,1908,1934,09:02,1897,09:40,1917,926400株,1774百万円,+16,+0.84,1915.161円,1746回,7628億円
4506,2020-02-10,1898,1898,09:00,1871,09:19,1886,844700株,1593百万円,-31,-1.62,1885.723円,1522回,7504億円
4506,2020-02-10,1892,1892,09:00,1828,14:41,1839,1624700株,2993百万円,-47,-2.49,1841.949円,2590回,7317億円
4506,2020-02-13,1840,1841,09:00,1812,14:33,1819,737800株,1345百万円,-20,-1.09,1822.5円,1363回,7238億円
4506,2020-02-14,1808,1819,12:33,1797,09:09,1808,836800株,1513百万円,-11,-0.60,1808.029円,1280回,7194億円
