4519,2019-08-06,7610,7630,09:01,7520,12:30,7600,890900株,6754百万円,-40,-0.52,7580.894円,1394回
4519,2019-08-06,7450,7570,13:31,7400,09:08,7550,792900株,5949百万円,-50,-0.66,7503.404円,1406回
4519,2019-08-07,7510,7560,14:37,7460,09:22,7530,660900株,4965百万円,-20,-0.26,7512.233円,1226回
4519,2019-08-08,7530,7560,14:57,7460,10:00,7540,471100株,3545百万円,+10,+0.13,7524.651円,872回
4519,2019-08-09,7600,7600,09:00,7500,14:59,7510,774500株,5854百万円,-30,-0.40,7558.834円,885回
4519,2019-08-13,7470,7500,09:00,7380,13:11,7410,734500株,5452百万円,-100,-1.33,7423.025円,1145回
4519,2019-08-14,7450,7460,09:17,7360,11:22,7410,494400株,3663百万円,0,0,7408.532円,923回
4519,2019-08-15,7320,7340,10:50,7280,09:04,7340,588700株,4311百万円,-70,-0.94,7323.275円,1040回
4519,2019-08-16,7300,7430,12:30,7290,09:01,7390,536000株,3950百万円,+50,+0.68,7368.867円,1039回
4519,2019-08-19,7540,7550,09:00,7380,11:22,7430,500500株,3726百万円,+40,+0.54,7445.319円,1203回
4519,2019-08-20,7400,7490,14:43,7380,09:01,7470,411700株,3069百万円,+40,+0.54,7454.098円,623回
4519,2019-08-21,7410,7510,14:58,7390,09:00,7500,436500株,3262百万円,+30,+0.40,7474.22円,802回
4519,2019-08-22,7510,7510,09:00,7400,12:54,7480,401900株,2998百万円,-20,-0.27,7460.162円,740回
4519,2019-08-23,7380,7480,14:22,7380,09:00,7460,306600株,2281百万円,-20,-0.27,7438.777円,545回
4519,2019-08-26,7290,7400,10:05,7290,09:03,7360,678300株,4986百万円,-100,-1.34,7350.569円,924回
4519,2019-08-26,7440,7480,12:30,7400,09:16,7440,518400株,3859百万円,+80,+1.09,7443.804円,696回
4519,2019-08-28,7460,7580,10:16,7450,09:00,7480,482000株,3618百万円,+40,+0.54,7507.259円,867回
4519,2019-08-29,7540,7590,09:03,7490,10:22,7560,483600株,3652百万円,+80,+1.07,7551.76円,969回
4519,2019-08-30,7630,7670,09:13,7600,10:45,7600,693800株,5284百万円,+40,+0.53,7616.377円,969回
4519,2019-09-02,7660,7690,09:04,7530,14:17,7540,454600株,3453百万円,-60,-0.79,7596.267円,906回
4519,2019-09-03,7480,7510,12:30,7460,09:07,7500,326500株,2446百万円,-40,-0.53,7491.424円,617回
4519,2019-09-03,7490,7700,14:59,7490,09:00,7680,564900株,4315百万円,+180,+2.40,7639.251円,905回
4519,2019-09-05,7700,7820,11:10,7680,09:18,7770,794600株,6178百万円,+90,+1.17,7775.52円,1281回
4519,2019-09-05,7790,7800,13:34,7670,09:40,7780,659200株,5116百万円,+10,+0.13,7761.232円,929回
4519,2019-09-07,7800,7860,13:42,7780,09:01,7840,493200株,3864百万円,+60,+0.77,7834.015円,622回
4519,2019-09-10,7800,7800,09:00,7650,14:41,7670,649100株,4998百万円,-170,-2.17,7699.572円,1008回
4519,2019-09-11,7630,7630,09:00,7370,09:22,7410,1247700株,9263百万円,-260,-3.39,7423.716円,2057回
4519,2019-09-12,7400,7450,09:59,7350,14:03,7370,853200株,6299百万円,-40,-0.54,7382.652円,904回
4519,2019-09-13,7470,7520,09:39,7410,09:01,7500,1661500株,12432百万円,+130,+1.76,7482.634円,1395回
4519,2019-09-17,7520,7650,14:51,7480,09:01,7640,844700株,6412百万円,+140,+1.87,7591.44円,1176回
4519,2019-09-17,7620,7780,09:34,7600,09:00,7720,717300株,5546百万円,+80,+1.05,7731.083円,1068回,43207.75億円
4519,2019-09-19,7800,8050,11:28,7780,09:00,8020,970900株,7760百万円,+300,+3.89,7992.304円,1593回,44886.81億円
4519,2019-09-20,8100,8260,12:30,8100,09:00,8160,815700株,6668百万円,+140,+1.75,8174.219円,1086回,45670.37億円
4519,2019-09-24,8220,8320,09:11,8180,09:37,8220,740600株,6097百万円,+60,+0.74,8232.282円,1284回,46006.18億円
4519,2019-09-25,8320,8450,10:26,8310,09:00,8410,959900株,8052百万円,+190,+2.31,8388.622円,1682回,47069.58億円
4519,2019-09-26,8340,8410,10:26,8200,09:06,8390,967000株,8082百万円,-20,-0.24,8357.473円,1408回,46957.65億円
4519,2019-09-27,8440,8470,09:23,8290,12:32,8360,879700株,7362百万円,-30,-0.36,8368.967円,1401回,46789.74億円
4519,2019-09-30,8310,8440,13:33,8300,09:00,8400,729000株,6119百万円,+40,+0.48,8393.763円,844回,47013.61億円
4519,2019-10-01,8400,8410,09:00,8250,14:55,8260,579800株,4809百万円,-140,-1.67,8294.821円,1058回,46230.05億円
4519,2019-10-02,8180,8240,10:13,8090,09:02,8200,727400株,5963百万円,-60,-0.73,8197.315円,1316回,45894.24億円
4519,2019-10-03,8090,8110,09:18,8030,09:02,8090,649200株,5243百万円,-110,-1.34,8075.729円,1199回,45278.59億円
4519,2019-10-04,8080,8170,13:38,8040,09:01,8150,486600株,3957百万円,+60,+0.74,8130.914円,824回,45614.40億円
4519,2019-10-07,8160,8180,14:51,8100,09:07,8170,473000株,3858百万円,+20,+0.25,8155.706円,945回,45726.34億円
4519,2019-10-08,8200,8280,14:46,8170,09:01,8260,551600株,4548百万円,+90,+1.10,8245.877円,1195回,46230.05億円
4519,2019-10-09,8210,8220,09:00,8160,09:39,8200,512700株,4198百万円,-60,-0.73,8188.016円,1043回,45894.24億円
4519,2019-10-10,8200,8280,09:04,8120,13:27,8150,557300株,4551百万円,-50,-0.61,8166.28円,1078回,45614.40億円
4519,2019-10-11,8240,8250,09:00,8070,11:24,8100,728900株,5938百万円,-50,-0.61,8146.24円,1097回,45334.56億円
4519,2019-10-15,8170,8280,12:51,8150,09:09,8230,796300株,6545百万円,+130,+1.60,8219.009円,1192回,46062.15億円
4519,2019-10-16,8340,8520,13:26,8310,09:00,8430,1068800株,9020百万円,+200,+2.43,8439.764円,1485回,47181.52億円
4519,2019-10-17,8450,8490,09:02,8260,12:38,8310,636800株,5314百万円,-120,-1.42,8345.074円,1295回,46509.90億円
4519,2019-10-18,8360,8410,11:08,8320,15:00,8320,605800株,5057百万円,+10,+0.12,8347.062円,838回,46565.87億円
4519,2019-10-21,8310,8350,09:36,8290,10:01,8300,426600株,3546百万円,-20,-0.24,8311.217円,853回,46453.93億円
4519,2019-10-23,8380,8400,13:00,8270,09:11,8400,670300株,5613百万円,+100,+1.20,8373.855円,1260回,47013.61億円
4519,2019-10-24,8510,8530,09:00,8470,09:29,8490,621500株,5281百万円,+90,+1.07,8497.067円,969回,47517.33億円
4519,2019-10-25,9000,9010,09:09,8780,09:55,8790,1406600株,12443百万円,+300,+3.53,8846.031円,2635回,49196.39億円
4519,2019-10-28,8770,8990,14:23,8730,09:00,8970,773600株,6892百万円,+180,+2.05,8909.174円,1708回,50203.82億円
4519,2019-10-29,9020,9090,09:07,9010,09:01,9060,885500株,8018百万円,+90,+1.00,9054.28円,1271回,50707.54億円
4519,2019-10-30,9120,9250,09:15,9120,09:00,9170,650200株,5971百万円,+110,+1.21,9183.296円,1554回,51323.20億円
4519,2019-10-31,9106,9253,10:49,9072,09:00,9150,1053700株,9663百万円,-10,-0.11,9170.206円,3919回,51211.26億円
4519,2019-11-01,9100,9164,09:14,9071,10:26,9147,628100株,5730百万円,-3,-0.03,9122.818円,2797回,51194.47億円
4519,2019-11-05,9250,9265,09:01,9057,10:42,9101,950200株,8664百万円,-46,-0.50,9118.315円,3417回,50937.01億円
4519,2019-11-06,9141,9239,14:02,9107,09:05,9190,641600株,5895百万円,+89,+0.98,9187.77円,2230回,51435.13億円
4519,2019-11-07,9233,9336,14:59,9203,09:59,9326,625700株,5820百万円,+136,+1.48,9302.214円,2238回,52196.31億円
4519,2019-11-08,9344,9345,09:00,9078,12:35,9148,1051700株,9702百万円,-178,-1.91,9225.152円,2653回,51200.07億円
4519,2019-11-11,9186,9299,09:13,9161,09:00,9244,512400株,4737百万円,+96,+1.05,9244.124円,1907回,51737.36億円
4519,2019-11-12,9215,9280,14:50,9138,12:39,9257,473600株,4368百万円,+13,+0.14,9222.471円,1838回,51810.12億円
4519,2019-11-13,9270,9329,10:15,9205,09:17,9256,318800株,2952百万円,-1,-0.01,9260.27円,1629回,51804.53億円
4519,2019-11-14,9220,9280,09:13,9111,13:08,9186,547300株,5032百万円,-55,-0.60,9193.341円,2464回,51412.75億円
4519,2019-11-15,9151,9268,09:02,9126,09:34,9178,719300株,6606百万円,-8,-0.09,9184.153円,2593回,51367.97億円
4519,2019-11-18,9195,9261,09:03,9163,09:34,9208,507500株,4669百万円,+30,+0.33,9200.238円,2128回,51535.88億円
4519,2019-11-19,9216,9308,11:24,9213,09:00,9271,505100株,4684百万円,+63,+0.68,9272.92円,1919回,51888.48億円
4519,2019-11-20,9274,9426,14:53,9270,09:05,9422,696200株,6531百万円,+151,+1.63,9381.435円,2958回,52733.60億円
4519,2019-11-21,9500,9534,09:03,9236,11:18,9394,649200株,6092百万円,-28,-0.30,9383.229円,2574回,52576.89億円
4519,2019-11-22,9359,9498,10:54,9332,09:01,9448,435700株,4115百万円,+54,+0.57,9443.929円,1703回,52879.12億円
4519,2019-11-25,9500,9510,09:00,9345,09:14,9432,391200株,3689百万円,-16,-0.17,9428.713円,1632回,52789.57億円
4519,2019-11-26,9484,9612,10:47,9473,09:00,9540,828600株,7904百万円,+108,+1.15,9539.117円,2724回,53394.03億円
4519,2019-11-27,9480,9579,10:17,9452,09:00,9478,505300株,4806百万円,-62,-0.65,9511.002円,1933回,53047.03億円
4519,2019-11-28,9487,9648,13:10,9479,09:00,9612,420400株,4028百万円,+134,+1.41,9580.257円,1715回,53797.01億円
4519,2019-11-29,9631,9644,09:00,9526,14:47,9558,590000株,5644百万円,-54,-0.56,9566.547円,2156回,53494.78億円
4519,2019-12-02,9576,9848,14:59,9552,09:01,9813,681800株,6651百万円,+255,+2.67,9755.612円,2292回,54921.98億円
4519,2019-12-03,9675,9779,09:38,9673,09:00,9732,667600株,6494百万円,-81,-0.83,9727.6円,2628回,54468.63億円
4519,2019-12-05,9800,9872,14:19,9735,12:30,9857,601800株,5915百万円,+167,+1.72,9829.397円,2463回,55168.24億円
4519,2019-12-06,9801,9915,09:36,9778,09:00,9845,436600株,4299百万円,-12,-0.12,9847.328円,1640回,55101.08億円
4519,2019-12-09,9886,9905,09:00,9759,13:35,9790,388800株,3815百万円,-55,-0.56,9811.876円,1531回,54793.25億円
4519,2019-12-10,9835,9954,14:55,9835,09:00,9939,527300株,5233百万円,+149,+1.52,9924.033円,1739回,55627.18億円
4519,2019-12-13,10025,10155,09:25,9968,09:03,10040,1530400株,15376百万円,+199,+2.02,10047.16円,2338回,56192.46億円
4519,2019-12-16,9999,10080,10:05,9950,09:02,10045,408900株,4107百万円,+5,+0.05,10043.131円,972回,56220.45億円
4519,2019-12-17,10120,10145,09:02,10060,09:25,10070,587700株,5931百万円,+25,+0.25,10091.298円,1518回,56360.37億円
4519,2019-12-18,9980,10040,09:10,9680,09:00,10025,875800株,8740百万円,-45,-0.45,9979.654円,2646回,56108.51億円
4519,2019-12-19,9976,10060,09:09,9946,14:31,9972,416700株,4161百万円,-53,-0.53,9985.219円,1522回,55811.88億円
4519,2019-12-20,10000,10050,12:34,9960,14:59,9960,672700株,6715百万円,-12,-0.12,9982.138円,2005回,55744.71億円
4519,2019-12-23,10030,10095,10:02,10015,09:00,10030,380500株,3823百万円,+70,+0.70,10048.34円,992回,56136.49億円
4519,2019-12-24,9990,10055,11:10,9986,09:00,10050,247600株,2484百万円,+20,+0.20,10034.122円,643回,56248.43億円
4519,2019-12-25,10065,10120,09:51,10055,09:00,10110,206200株,2083百万円,+60,+0.60,10102.631円,649回,56584.24億円
4519,2019-12-26,10300,10350,09:00,10150,14:59,10160,510300株,5211百万円,+50,+0.49,10210.764円,1513回,56864.09億円
4519,2019-12-27,10070,10220,10:08,10040,09:06,10130,416700株,4225百万円,-30,-0.30,10139.61円,1129回,56696.18億円
4519,2019-12-30,10070,10150,09:05,10070,09:00,10080,487000株,4914百万円,-50,-0.49,10090.471円,958回,56416.34億円
4519,2020-01-06,10000,10060,09:00,9947,14:03,9997,930600株,9297百万円,-83,-0.82,9990.114円,3292回,55951.80億円
4519,2020-01-07,9960,10170,15:00,9920,09:04,10170,714600株,7232百万円,+173,+1.73,10120.807円,1553回,56920.05億円
4519,2020-01-08,9999,10190,12:56,9984,09:31,10140,853400株,8621百万円,-30,-0.29,10102.285円,2230回,56752.15億円
4519,2020-01-09,10225,10385,14:03,10215,09:00,10380,670700株,6938百万円,+240,+2.37,10343.936円,1671回,58095.40億円
4519,2020-01-10,10440,10550,09:38,10370,09:00,10450,987900株,10320百万円,+70,+0.67,10446.027円,1751回,58487.18億円
4519,2020-01-14,10430,10505,09:40,10360,11:09,10450,1007600株,10507百万円,0,0,10427.735円,2405回,58487.18億円
4519,2020-01-15,10430,10475,09:01,10380,14:32,10400,519300株,5405百万円,-50,-0.48,10408.714円,1361回,58207.33億円
4519,2020-01-16,10480,10610,09:35,10455,09:06,10540,703600株,7422百万円,+140,+1.35,10548.897円,1710回,58990.89億円
4519,2020-01-17,10585,10625,09:02,10515,10:32,10565,608400株,6426百万円,+25,+0.24,10562.699円,1469回,59130.81億円
4519,2020-01-20,10625,10695,14:49,10580,09:06,10675,439500株,4683百万円,+110,+1.04,10655.013円,1170回,59746.47億円
4519,2020-01-21,10670,10715,09:15,10585,11:29,10620,651700株,6928百万円,-55,-0.52,10630.103円,1506回,59438.64億円
4519,2020-01-22,10715,10735,09:00,10615,10:41,10625,687800株,7324百万円,+5,+0.05,10648.983円,1864回,59466.63億円
4519,2020-01-23,10545,10580,11:14,10475,09:31,10540,764400株,8046百万円,-85,-0.80,10525.603円,1838回,58990.89億円
4519,2020-01-24,10530,10685,13:09,10530,09:00,10665,583200株,6202百万円,+125,+1.19,10634.35円,1402回,59690.50億円
4519,2020-01-27,10515,10615,13:38,10465,09:00,10605,559000株,5907百万円,-60,-0.56,10566.507円,1461回,59354.69億円
4519,2020-01-28,10580,10675,13:03,10540,09:06,10635,569900株,6052百万円,+30,+0.28,10619.49円,1411回,59522.59億円
4519,2020-01-29,10585,10620,09:17,10535,10:58,10610,536300株,5681百万円,-25,-0.24,10592.495円,1607回,59383億円
4519,2020-01-30,10495,10585,09:20,10425,14:19,10465,622800株,6526百万円,-145,-1.37,10478.337円,1955回,58571億円
4519,2020-01-31,10850,11365,14:05,10745,09:04,11265,1569400株,17551百万円,+800,+7.64,11183.219円,5278回,63049億円
4519,2020-02-03,11565,11735,09:15,11400,10:28,11570,1644700株,19009百万円,+305,+2.71,11557.696円,5301回,64756億円
4519,2020-02-04,11410,11730,12:30,11355,09:00,11700,1054000株,12257百万円,+130,+1.12,11628.948円,2964回,65483億円
4519,2020-02-05,11700,11785,09:01,11655,14:49,11690,774900株,9074百万円,-10,-0.09,11709.952円,2106回,65427億円
4519,2020-02-06,11700,11945,13:30,11665,09:00,11880,991600株,11769百万円,+190,+1.63,11868.726円,2193回,66491億円
4519,2020-02-07,12070,12290,13:07,12040,09:00,12270,1143700株,13966百万円,+390,+3.28,12211.096円,3030回,68673億円
4519,2020-02-10,12200,12380,09:34,12165,09:00,12225,857500株,10514百万円,-45,-0.37,12261.584円,2617回,68422億円
4519,2020-02-10,12100,12220,09:12,11930,13:34,12055,958500株,11581百万円,-170,-1.39,12082.009円,2822回,67470億円
4519,2020-02-13,12070,12160,09:01,11935,10:49,12025,821000株,9866百万円,-30,-0.25,12017.616円,2074回,67302億円
4519,2020-02-14,11915,11980,13:14,11825,09:04,11900,759700株,9040百万円,-125,-1.04,11899.235円,2039回,66603億円
4519,2020-02-17,11855,11985,09:49,11810,09:00,11865,537400株,6386百万円,-35,-0.29,11883.268円,1459回,66407億円
4519,2020-02-17,11845,11855,09:02,11625,13:15,11735,566200株,6634百万円,-130,-1.10,11717.473円,1569回,65679億円
4519,2020-02-18,11890,12150,11:18,11790,09:00,12015,1028200株,12380百万円,+280,+2.39,12040.879円,2771回,67246億円
4519,2020-02-20,12140,12310,09:33,12060,14:29,12085,805800株,9786百万円,+70,+0.58,12144.444円,2450回,67638億円
4519,2020-02-21,12170,12375,14:03,12165,09:50,12255,931700株,11430百万円,+170,+1.41,12267.417円,2488回,68590億円
4519,2020-02-25,11885,12065,10:42,11825,09:03,11995,1061600株,12712百万円,-260,-2.12,11974.731円,2726回,67134億円
4519,2020-02-26,12045,12120,09:46,11880,10:49,11905,1727300株,20649百万円,-90,-0.75,11954.233円,3841回,66631億円
4519,2020-02-27,12020,12035,09:00,11765,14:52,11780,1255300株,14904百万円,-125,-1.05,11872.577円,3031回,65931億円
4519,2020-02-28,11585,11825,13:02,11475,14:43,11715,2279600株,26537百万円,-65,-0.55,11640.869円,4980回,65567億円
4519,2020-03-02,11300,11535,12:42,11110,09:47,11480,1652400株,18813百万円,-235,-2.01,11385.433円,4624回,64252億円
4519,2020-03-03,11710,11865,09:08,11405,15:00,11405,1458100株,16876百万円,-75,-0.65,11573.806円,4075回,63832億円
4519,2020-03-04,11350,11455,09:09,11265,09:29,11285,948500株,10745百万円,-120,-1.05,11328.011円,2859回,63161億円
4519,2020-03-05,11475,11630,10:02,11410,09:06,11460,1564900株,17996百万円,+175,+1.55,11499.915円,3385回,64140億円
4519,2020-03-06,11435,11465,09:00,11210,14:35,11310,1387700株,15709百万円,-150,-1.31,11320.397円,3059回,63300億円
4519,2020-03-06,11100,11175,09:02,10780,09:32,11020,1495700株,16415百万円,-290,-2.56,10974.961円,4052回,61677億円
4519,2020-03-10,11070,11305,14:39,10910,09:33,11225,1498000株,16676百万円,+205,+1.86,11132.499円,4389回,62825億円
4519,2020-03-11,11060,11155,09:13,10875,12:41,10955,1243700株,13652百万円,-270,-2.41,10977.321円,3237回,61314億円
4519,2020-03-12,10940,11125,09:16,10640,12:30,10750,1742800株,18871百万円,-205,-1.87,10828.005円,4811回,6兆166億円
4519,2020-03-13,9876,10580,14:19,9520,10:21,10205,2458700株,24588百万円,-545,-5.07,10000.436円,6057回,5兆7116億円
4519,2020-03-16,10375,10705,14:10,10240,14:49,10500,1457500株,15274百万円,+295,+2.89,10479.823円,3958回,5兆8767億円
4519,2020-03-17,10365,11350,10:34,10125,09:06,11055,2565600株,28094百万円,+555,+5.29,10950.399円,6910回,6兆1873億円
4519,2020-03-18,11300,11450,09:36,10665,14:58,10710,1950100株,21658百万円,-345,-3.12,11105.979円,5891回,5兆9942億円
4519,2020-03-19,11300,12035,14:45,11100,09:11,11960,2649500株,30741百万円,+1250,+11.67,11602.606円,6420回,6兆6938億円
