4564,2019-08-30,101,104,14:54,101,09:00,104,626400株,64百万円,+4,+4.00,102.179円,149回
4564,2019-09-02,103,104,09:05,101,14:32,101,339500株,35百万円,-3,-2.88,102.243円,93回
4564,2019-09-03,101,103,10:16,101,09:00,101,393900株,40百万円,0,0,101.836円,97回
4564,2019-09-03,101,103,09:38,101,09:00,102,408600株,42百万円,+1,+0.99,101.9円,150回
4564,2019-09-05,102,104,09:10,101,09:54,101,910800株,93百万円,-1,-0.98,102.046円,153回
4564,2019-09-05,102,104,13:12,101,09:16,102,645800株,66百万円,+1,+0.99,102.24円,162回
4564,2019-09-07,102,103,09:16,102,09:00,102,183300株,19百万円,0,0,102.346円,62回
4564,2019-09-10,102,103,09:01,100,13:45,102,962200株,98百万円,0,0,101.373円,200回
4564,2019-09-11,101,103,09:20,101,09:00,101,400500株,41百万円,-1,-0.98,101.795円,160回
4564,2019-09-12,102,103,09:00,101,09:27,103,559000株,57百万円,+2,+1.98,102.082円,130回
4564,2019-09-13,101,102,09:00,101,09:00,102,498200株,50百万円,-1,-0.97,101.287円,90回
4564,2019-09-17,101,102,09:21,101,09:00,101,444100株,45百万円,-1,-0.98,101.466円,102回
4564,2019-09-17,101,102,09:22,101,09:00,101,323100株,33百万円,0,0,101.111円,113回,160.55億円
4564,2019-09-19,101,102,09:03,100,12:45,100,615000株,62百万円,-1,-0.99,100.964円,141回,158.96億円
4564,2019-09-20,100,102,09:24,100,09:00,101,556200株,56百万円,+1,+1.00,100.789円,180回,161.71億円
4564,2019-09-24,101,102,09:18,100,09:07,101,320800株,32百万円,0,0,101.199円,104回,161.71億円
4564,2019-09-25,101,102,09:23,100,09:02,102,415000株,42百万円,+1,+0.99,101.046円,123回,163.31億円
4564,2019-09-26,102,102,09:00,100,09:29,101,592600株,60百万円,-1,-0.98,100.954円,181回,161.71億円
4564,2019-09-27,102,102,09:00,100,09:39,102,723500株,73百万円,+1,+0.99,101.133円,194回,163.31億円
4564,2019-09-30,102,102,09:00,100,09:59,100,441700株,45百万円,-2,-1.96,101.207円,110回,160.11億円
4564,2019-10-01,101,102,09:00,100,09:37,101,1080800株,109百万円,+1,+1.00,101.035円,232回,161.71億円
4564,2019-10-02,101,102,09:00,100,11:30,100,945400株,95百万円,-1,-0.99,100.952円,172回,160.11億円
4564,2019-10-03,100,101,09:01,98,09:10,101,1392700株,139百万円,+1,+1.00,99.779円,192回,161.71億円
4564,2019-10-04,101,101,09:00,100,09:08,101,488400株,49百万円,0,0,100.862円,69回,161.71億円
4564,2019-10-07,101,101,09:00,99,10:17,100,633900株,63百万円,-1,-0.99,100.158円,139回,160.11億円
4564,2019-10-08,100,100,09:00,99,09:05,99,956300株,95百万円,-1,-1.00,99.687円,174回,158.51億円
4564,2019-10-09,99,100,09:03,97,10:06,98,1284200株,126百万円,-1,-1.01,98.255円,258回,156.91億円
4564,2019-10-10,97,98,09:00,96,09:57,96,1420900株,137百万円,-2,-2.04,96.733円,245回,153.71億円
4564,2019-10-11,95,95,09:00,92,09:08,92,1632000株,153百万円,-4,-4.17,93.449円,380回,147.30億円
4564,2019-10-15,91,92,09:00,90,10:23,90,1060300株,96百万円,-2,-2.17,90.808円,229回,144.10億円
4564,2019-10-16,90,91,09:40,89,09:01,90,1525000株,137百万円,0,0,90.008円,300回,144.10億円
4564,2019-10-17,90,90,09:00,89,09:02,89,405600株,36百万円,-1,-1.11,89.512円,79回,142.50億円
4564,2019-10-18,89,91,10:49,89,09:00,90,943400株,85百万円,+1,+1.12,89.782円,155回,145.06億円
4564,2019-10-21,89,91,12:48,89,09:00,91,556300株,50百万円,+1,+1.11,90.078円,102回,146.68億円
4564,2019-10-23,92,93,11:28,91,09:04,92,642400株,59百万円,+1,+1.10,92.088円,136回,148.29億円
4564,2019-10-24,92,93,09:02,91,09:52,92,512500株,47百万円,0,0,92.069円,131回,148.29億円
4564,2019-10-25,92,93,13:34,91,09:12,93,508200株,47百万円,+1,+1.09,91.936円,195回,149.90億円
4564,2019-10-28,94,94,09:00,93,09:00,94,386500株,36百万円,+1,+1.08,93.612円,99回,151.51億円
4564,2019-10-29,94,94,09:00,93,09:00,94,518900株,49百万円,0,0,93.748円,94回,151.51億円
4564,2019-10-30,94,94,09:00,93,09:20,94,399600株,38百万円,0,0,93.95円,104回,151.51億円
4564,2019-10-31,94,94,09:00,93,09:05,94,164100株,15百万円,0,0,93.519円,69回,151.51億円
4564,2019-11-01,93,94,10:22,92,09:01,94,593300株,55百万円,0,0,93.098円,182回,151.51億円
4564,2019-11-05,93,94,09:05,93,09:00,93,404400株,38百万円,-1,-1.06,93.352円,70回,149.90億円
4564,2019-11-07,92,92,09:00,90,12:49,92,534700株,49百万円,0,0,91.196円,142回,148.29億円
4564,2019-11-08,91,92,09:00,90,14:44,90,559000株,51百万円,-2,-2.17,90.946円,160回,145.06億円
4564,2019-11-11,91,92,09:08,91,09:00,92,522200株,48百万円,+2,+2.22,91.276円,97回,148.29億円
4564,2019-11-12,92,92,09:00,90,09:44,91,582800株,53百万円,-1,-1.09,91.059円,129回,146.68億円
4564,2019-11-13,91,91,09:00,89,13:22,90,756600株,68百万円,-1,-1.10,90.024円,103回,145.06億円
4564,2019-11-14,89,90,09:02,89,09:00,89,417700株,37百万円,-1,-1.11,89.338円,73回,143.45億円
4564,2019-11-15,90,92,15:00,89,09:11,92,521500株,47百万円,+3,+3.37,90.309円,154回,148.29億円
4564,2019-11-18,92,92,09:00,90,09:05,91,381600株,35百万円,-1,-1.09,91.234円,141回,146.68億円
4564,2019-11-19,91,92,15:00,90,09:19,92,417600株,38百万円,+1,+1.10,91.011円,152回,148.29億円
4564,2019-11-20,92,92,09:00,90,10:12,90,290300株,26百万円,-2,-2.17,90.938円,92回,146.52億円
4564,2019-11-21,90,91,09:05,89,10:30,89,639400株,58百万円,-1,-1.11,89.959円,147回,144.89億円
4564,2019-11-22,90,91,13:15,89,09:05,91,410100株,37百万円,+2,+2.25,90.176円,119回,148.14億円
4564,2019-11-25,91,92,14:47,90,09:00,92,488800株,44百万円,+1,+1.10,90.886円,120回,149.77億円
4564,2019-11-26,92,92,09:00,90,09:31,91,507300株,46百万円,-1,-1.09,91.149円,168回,148.14億円
4564,2019-11-27,91,92,09:12,91,09:00,91,570500株,52百万円,0,0,91.424円,99回,148.14億円
4564,2019-11-28,91,92,09:00,90,09:18,92,819300株,74百万円,+1,+1.10,90.748円,228回,149.77億円
4564,2019-11-29,91,92,09:08,90,10:53,91,353000株,32百万円,-1,-1.09,91.117円,141回,148.14億円
4564,2019-12-02,91,92,14:35,90,09:05,92,489700株,45百万円,+1,+1.10,90.952円,284回,149.77億円
4564,2019-12-03,91,91,09:00,90,09:20,90,304300株,28百万円,-2,-2.17,90.828円,144回,146.52億円
4564,2019-12-05,90,91,09:00,90,09:00,90,572500株,52百万円,0,0,90.095円,136回,146.52億円
4564,2019-12-06,90,91,13:10,89,09:04,90,808900株,73百万円,0,0,89.985円,199回,146.52億円
4564,2019-12-09,90,91,09:05,89,09:17,91,788800株,71百万円,+1,+1.11,90.069円,127回,148.14億円
4564,2019-12-10,90,91,09:31,89,10:35,91,741800株,67百万円,0,0,90.022円,148回,148.14億円
4564,2019-12-13,89,89,09:00,87,09:02,89,2574600株,227百万円,0,0,88.304円,430回,144.89億円
4564,2019-12-16,88,89,09:00,87,09:06,88,753000株,66百万円,-1,-1.12,87.685円,212回,143.26億円
4564,2019-12-17,88,88,09:00,87,09:00,88,577600株,51百万円,0,0,87.867円,147回,143.26億円
4564,2019-12-18,87,88,09:01,87,09:00,87,512300株,45百万円,-1,-1.14,87.079円,94回,141.63億円
4564,2019-12-19,87,87,09:00,85,09:17,86,2282100株,197百万円,-1,-1.15,86.213円,669回,140.00億円
4564,2019-12-20,86,86,09:00,84,14:44,85,1301700株,111百万円,-1,-1.16,85.287円,354回,139.41億円
4564,2019-12-23,85,91,12:30,83,09:59,89,7724600株,676百万円,+4,+4.71,87.498円,1291回,145.97億円
4564,2019-12-24,89,89,09:00,84,13:09,85,2768200株,239百万円,-4,-4.49,86.442円,617回,139.41億円
4564,2019-12-25,85,86,09:00,83,13:16,83,2020300株,170百万円,-2,-2.35,84.049円,385回,136.13億円
4564,2019-12-26,83,84,09:00,83,09:00,84,1591900株,132百万円,+1,+1.20,83.195円,374回,137.77億円
4564,2019-12-27,84,86,13:25,83,09:05,86,1084700株,92百万円,+2,+2.38,84.899円,254回,141.05億円
4564,2019-12-30,85,86,09:06,85,09:00,85,510600株,43百万円,-1,-1.16,85.179円,117回,139.41億円
4564,2020-01-06,84,85,09:01,84,09:00,84,537700株,45百万円,-1,-1.18,84.16円,142回,137.77億円
4564,2020-01-07,83,85,14:22,83,09:00,85,340900株,29百万円,+1,+1.19,83.698円,179回,139.41億円
4564,2020-01-08,84,85,09:04,81,10:01,82,1898400株,156百万円,-3,-3.53,82.363円,391回,134.49億円
4564,2020-01-09,82,84,09:26,82,09:00,83,836800株,69百万円,+1,+1.22,82.752円,262回,136.13億円
4564,2020-01-10,83,84,11:08,82,09:12,84,822200株,68百万円,+1,+1.20,83.142円,154回,137.77億円
4564,2020-01-14,84,84,09:00,82,09:41,83,662100株,55百万円,-1,-1.19,83.212円,90回,136.13億円
4564,2020-01-15,82,83,09:01,81,11:02,83,786600株,64百万円,0,0,81.972円,139回,136.13億円
4564,2020-01-16,82,98,13:08,81,09:08,85,23368400株,2076百万円,+2,+2.41,88.821円,2629回,139.41億円
4564,2020-01-17,90,113,14:50,88,09:01,109,89714300株,9085百万円,+24,+28.24,101.266円,8585回,178.77億円
4564,2020-01-20,109,129,11:29,104,09:20,108,130009000株,15134百万円,-1,-0.92,116.41円,11241回,180.24億円
4564,2020-01-21,110,122,11:22,106,09:07,119,105113400株,12064百万円,+11,+10.19,114.775円,8224回,198.60億円
4564,2020-01-22,118,123,09:09,115,09:39,120,59017000株,7025百万円,+1,+0.84,119.028円,4524回,200.27億円
4564,2020-01-23,119,127,09:19,114,12:57,119,49890200株,5977百万円,-1,-0.83,119.812円,4364回,198.60億円
4564,2020-01-24,117,119,09:01,107,14:11,108,23056300株,2594百万円,-11,-9.24,112.499円,2618回,180.24億円
4564,2020-01-27,105,107,09:26,101,12:57,103,10826000株,1124百万円,-5,-4.63,103.781円,2009回,171.90億円
4564,2020-01-28,103,109,09:57,101,09:34,107,11613000株,1225百万円,+4,+3.88,105.488円,1414回,178.57億円
4564,2020-01-29,105,108,09:01,100,14:33,101,7649700株,791百万円,-6,-5.61,103.364円,967回,169億円
4564,2020-01-30,101,101,09:00,96,13:09,96,7348400株,724百万円,-5,-4.95,98.468円,1295回,160億円
4564,2020-01-31,97,101,10:32,96,09:20,96,4553100株,446百万円,0,0,97.931円,786回,160億円
4564,2020-02-03,93,96,09:37,93,09:00,94,3154400株,298百万円,-2,-2.08,94.45円,426回,157億円
4564,2020-02-04,95,99,09:36,94,13:08,95,3189600株,308百万円,+1,+1.06,96.455円,637回,159億円
4564,2020-02-05,97,97,09:00,94,13:38,94,2266400株,217百万円,-1,-1.05,95.601円,670回,157億円
4564,2020-02-06,95,96,09:07,92,12:44,94,3091200株,290百万円,0,0,93.783円,572回,157億円
4564,2020-02-07,95,95,09:00,91,09:58,92,2233000株,207百万円,-2,-2.13,92.533円,481回,154億円
4564,2020-02-10,93,93,09:00,90,09:00,91,2405000株,220百万円,-1,-1.09,91.373円,469回,152億円
4564,2020-02-12,92,94,09:06,91,09:08,92,1956400株,180百万円,+1,+1.10,92.086円,432回,154億円
4564,2020-02-13,93,93,09:00,90,14:43,90,1159400株,106百万円,-2,-2.17,91.428円,432回,150億円
4564,2020-02-14,90,91,09:01,85,14:34,86,3650400株,320百万円,-4,-4.44,87.713円,636回,144億円
4564,2020-02-17,84,86,09:35,82,13:17,84,4004400株,335百万円,-2,-2.33,83.639円,927回,140億円
4564,2020-02-17,83,84,09:00,77,14:12,79,7164300株,575百万円,-5,-5.95,80.291円,1138回,132億円
4564,2020-02-18,79,82,13:18,79,09:00,82,1833300株,147百万円,+3,+3.80,80.261円,524回,137億円
4564,2020-02-20,81,82,09:00,79,09:32,81,2336200株,187百万円,-1,-1.22,80.253円,361回,143億円
4564,2020-02-21,80,81,09:03,78,14:50,78,2378000株,189百万円,-3,-3.70,79.603円,297回,138億円
4564,2020-02-25,76,77,10:04,73,09:01,75,3021000株,228百万円,-3,-3.85,75.392円,693回,132億円
4564,2020-02-26,75,77,12:53,73,10:13,75,2919700株,219百万円,0,0,74.895円,903回,132億円
4564,2020-02-27,75,76,09:00,70,13:02,72,3038300株,220百万円,-3,-4.00,72.341円,540回,127億円
4564,2020-02-28,69,70,09:36,66,12:34,67,4491900株,304百万円,-5,-6.94,67.635円,894回,118億円
4564,2020-03-02,68,73,10:53,66,09:13,70,3870500株,270百万円,+3,+4.48,69.784円,916回,123億円
4564,2020-03-03,74,74,09:00,68,13:23,68,2439000株,173百万円,-2,-2.86,70.859円,409回,120億円
4564,2020-03-04,68,73,12:33,67,09:01,70,2121200株,149百万円,+2,+2.94,70.441円,511回,123億円
4564,2020-03-05,72,75,14:39,71,09:08,75,2150900株,157百万円,+5,+7.14,72.791円,425回,132億円
4564,2020-03-06,73,74,09:36,70,10:13,70,2512000株,179百万円,-5,-6.67,71.221円,489回,123億円
4564,2020-03-06,67,68,09:02,63,12:34,64,3942000株,258百万円,-6,-8.57,65.53円,706回,113億円
4564,2020-03-10,60,66,14:40,58,09:16,65,3656600株,226百万円,+1,+1.56,61.733円,599回,115億円
4564,2020-03-11,65,66,09:13,61,10:43,61,3003700株,189百万円,-4,-6.15,62.956円,418回,108億円
4564,2020-03-12,59,62,09:55,56,11:02,57,4149700株,242百万円,-4,-6.56,58.226円,595回,101億円
4564,2020-03-13,51,55,14:23,50,09:03,53,4099300株,211百万円,-4,-7.02,51.368円,747回,93.5億円
4564,2020-03-16,58,61,09:01,55,14:59,55,4617200株,269百万円,+2,+3.77,58.322円,1029回,97.0億円
4564,2020-03-17,52,63,14:47,52,09:00,63,4691000株,272百万円,+8,+14.55,57.937円,1096回,111億円
4564,2020-03-18,64,65,09:00,59,14:38,59,3199100株,198百万円,-4,-6.35,61.84円,1026回,104億円
4564,2020-03-19,61,63,10:26,59,09:19,62,2250500株,137百万円,+3,+5.08,61.091円,598回,109億円
4564,2020-03-23,59,61,09:23,58,10:00,60,1554500株,93百万円,-2,-3.23,59.567円,387回,106億円
4564,2020-03-24,61,63,10:33,60,09:40,61,1143200株,71百万円,+1,+1.67,61.811円,295回,108億円
4564,2020-03-25,63,65,09:02,62,09:25,64,1700800株,108百万円,+3,+4.92,63.324円,431回,113億円
4564,2020-03-26,64,64,09:00,62,09:03,63,1244900株,79百万円,-1,-1.56,63.15円,286回,111億円
4564,2020-03-27,64,64,09:00,61,11:27,62,1016500株,64百万円,-1,-1.59,62.478円,284回,109億円
4564,2020-03-30,60,65,09:36,60,09:00,62,1458700株,91百万円,0,0,62.655円,261回,109億円
4564,2020-03-31,63,64,09:53,62,09:08,62,911900株,58百万円,0,0,63.087円,264回,109億円
4564,2020-04-01,62,64,12:33,60,14:53,61,1039100株,65百万円,-1,-1.61,62.085円,185回,108億円
4564,2020-04-02,61,62,09:05,60,10:15,60,571300株,35百万円,-1,-1.64,60.881円,129回,106億円
4564,2020-04-03,61,61,09:00,59,09:01,60,1246100株,75百万円,0,0,60.212円,269回,106億円
4564,2020-04-06,60,62,14:51,59,09:05,61,675600株,41百万円,+1,+1.67,60.281円,179回,108億円
4564,2020-04-07,62,65,14:51,61,09:54,64,1616300株,101百万円,+3,+4.92,62.731円,636回,113億円
4564,2020-04-08,63,67,14:07,62,09:11,65,1590300株,102百万円,+1,+1.56,64.359円,303回,115億円
4564,2020-04-09,67,69,09:46,64,12:42,67,2109500株,140百万円,+2,+3.08,66.175円,427回,118億円
4564,2020-04-10,67,67,09:00,64,10:18,66,1325700株,87百万円,-1,-1.49,65.502円,248回,116億円
4564,2020-04-13,66,69,10:39,64,09:33,67,1530500株,103百万円,+1,+1.52,67.12円,271回,118億円
4564,2020-04-14,68,75,10:07,68,09:00,74,4719200株,343百万円,+7,+10.45,72.685円,1100回,130億円
4564,2020-04-15,75,76,09:08,72,10:09,73,2799800株,208百万円,-1,-1.35,74.315円,772回,129億円
4564,2020-04-16,73,74,09:02,70,09:24,70,1866900株,134百万円,-3,-4.11,71.65円,543回,123億円
4564,2020-04-17,71,74,09:19,71,09:00,72,1409300株,102百万円,+2,+2.86,72.065円,400回,127億円
4564,2020-04-20,72,75,09:19,70,14:33,72,1873200株,136百万円,0,0,72.588円,314回,127億円
4564,2020-04-21,71,72,09:11,68,14:50,69,2359100株,165百万円,-3,-4.17,69.765円,518回,122億円
4564,2020-04-22,68,69,09:00,66,09:01,67,1669600株,112百万円,-2,-2.90,67.152円,337回,118億円
4564,2020-04-23,67,71,14:41,67,09:00,70,1236900株,86百万円,+3,+4.48,69.216円,196回,123億円
4564,2020-04-24,70,71,09:22,69,10:16,70,599000株,42百万円,0,0,70.011円,140回,123億円
4564,2020-04-27,71,72,09:00,70,10:54,71,1230900株,88百万円,+1,+1.43,71.193円,277回,125億円
4564,2020-04-28,72,81,14:53,71,09:00,78,5586200株,425百万円,+7,+9.86,76.095円,963回,138億円
4564,2020-04-30,82,85,13:34,80,09:12,83,6023500株,499百万円,+5,+6.41,82.901円,1342回,146億円
4564,2020-05-01,82,82,09:00,77,09:33,82,3567500株,284百万円,-1,-1.20,79.681円,746回,145億円
4564,2020-05-07,83,96,14:49,83,09:00,96,8472200株,763百万円,+14,+17.07,90.057円,2221回,169億円
4564,2020-05-08,99,105,09:09,80,14:51,83,17814700株,1659百万円,-13,-13.54,93.122円,3099回,146億円
