4578,2019-08-06,3825,3846,09:01,3751,12:30,3815,1074200株,4078百万円,-21,-0.55,3795.992円,2891回
4578,2019-08-06,3669,3747,13:07,3636,10:00,3725,1143600株,4233百万円,-90,-2.36,3701.619円,2970回
4578,2019-08-07,3746,3832,14:41,3745,09:03,3824,1251100株,4757百万円,+99,+2.66,3802.422円,3647回
4578,2019-08-08,3863,4025,13:31,3836,09:16,4005,1806000株,7145百万円,+181,+4.73,3956.322円,5592回
4578,2019-08-09,4110,4234,12:40,4063,09:07,4178,2457300株,10217百万円,+173,+4.32,4157.663円,6199回
4578,2019-08-13,4150,4160,09:00,4067,09:17,4152,1415600株,5853百万円,-26,-0.62,4134.866円,3515回
4578,2019-08-14,4216,4258,14:47,4173,09:03,4249,1498500株,6349百万円,+97,+2.34,4236.622円,3808回
4578,2019-08-15,4161,4282,12:34,4146,09:04,4274,1608500株,6832百万円,+25,+0.59,4247.217円,3522回
4578,2019-08-16,4274,4329,14:54,4248,09:04,4323,1248400株,5375百万円,+49,+1.15,4305.759円,3392回
4578,2019-08-19,4349,4356,09:00,4261,12:30,4291,1228000株,5271百万円,-32,-0.74,4292.657円,3892回
4578,2019-08-20,4310,4360,14:59,4295,09:07,4360,1106600株,4798百万円,+69,+1.61,4336.21円,3398回
4578,2019-08-21,4309,4378,12:32,4281,09:00,4355,1189200株,5175百万円,-5,-0.11,4351.8円,3773回
4578,2019-08-22,4379,4406,10:05,4348,12:31,4389,899000株,3938百万円,+34,+0.78,4380.397円,2755回
4578,2019-08-23,4390,4401,09:00,4357,11:27,4378,816700株,3576百万円,-11,-0.25,4379.043円,2299回
4578,2019-08-26,4255,4348,12:30,4252,09:03,4321,1049600株,4529百万円,-57,-1.30,4314.988円,2475回
4578,2019-08-26,4357,4393,13:04,4352,14:53,4353,1117000株,4877百万円,+32,+0.74,4366.11円,2960回
4578,2019-08-28,4369,4378,09:00,4339,09:40,4373,751200株,3280百万円,+20,+0.46,4365.967円,1994回
4578,2019-08-29,4380,4410,09:00,4353,10:20,4371,704000株,3078百万円,-2,-0.05,4372.083円,2130回
4578,2019-08-30,4410,4410,09:00,4361,14:48,4369,1074800株,4704百万円,-2,-0.05,4376.441円,2579回
4578,2019-09-02,4362,4382,09:00,4327,10:52,4348,562600株,2448百万円,-21,-0.48,4350.502円,1629回
4578,2019-09-03,4320,4323,09:00,4285,09:19,4314,726900株,3133百万円,-34,-0.78,4309.965円,1789回
4578,2019-09-03,4302,4362,14:04,4273,09:05,4349,903700株,3910百万円,+35,+0.81,4326.531円,2809回
4578,2019-09-05,4338,4440,14:14,4329,09:00,4408,1065900株,4698百万円,+59,+1.36,4407.373円,2357回
4578,2019-09-05,4464,4470,09:00,4409,09:10,4429,1113400株,4935百万円,+21,+0.48,4432.721円,2524回
4578,2019-09-07,4476,4494,09:33,4464,09:03,4488,892900株,4003百万円,+59,+1.33,4483.107円,1679回
4578,2019-09-10,4458,4487,09:06,4422,12:35,4460,1484200株,6614百万円,-28,-0.62,4456.164円,3497回
4578,2019-09-11,4448,4534,15:00,4420,09:02,4534,1236000株,5571百万円,+74,+1.66,4507.042円,2549回
4578,2019-09-12,4558,4597,14:47,4515,09:34,4580,1381200株,6312百万円,+46,+1.01,4569.711円,2516回
4578,2019-09-13,4650,4720,12:30,4629,09:16,4702,2433000株,11371百万円,+122,+2.66,4673.822円,3323回
4578,2019-09-17,4676,4726,12:55,4623,09:01,4707,1144300株,5376百万円,+5,+0.11,4697.953円,3162回
4578,2019-09-17,4727,4764,10:04,4703,13:33,4714,1327700株,6272百万円,+7,+0.15,4723.914円,3312回,26296.37億円
4578,2019-09-19,4723,4795,09:47,4722,09:00,4747,1073300株,5102百万円,+33,+0.70,4753.304円,3078回,26480.46億円
4578,2019-09-20,4748,4770,09:25,4711,14:41,4732,1448900株,6858百万円,-15,-0.32,4733.304円,2886回,26396.78億円
4578,2019-09-24,4728,4809,13:51,4716,09:00,4787,1189000株,5680百万円,+55,+1.16,4777.048円,3341回,26703.59億円
4578,2019-09-25,4804,4831,09:01,4767,09:50,4818,919500株,4420百万円,+31,+0.65,4807.369円,2799回,26876.52億円
4578,2019-09-26,4837,4838,09:00,4782,09:06,4818,1651500株,7948百万円,0,0,4812.779円,3909回,26876.52億円
4578,2019-09-27,4850,4870,09:00,4629,13:54,4677,1601400株,7520百万円,-141,-2.93,4695.663円,4588回,26089.97億円
4578,2019-09-30,4051,4203,09:52,4000,14:30,4040,5057000株,20523百万円,-637,-13.62,4058.31円,12650回,22536.56億円
4578,2019-10-01,4040,4176,15:00,4012,09:01,4176,3420700株,14057百万円,+136,+3.37,4109.312円,8198回,23295.22億円
4578,2019-10-02,4176,4205,10:33,4102,09:07,4143,2238900株,9279百万円,-33,-0.79,4144.532円,5707回,23111.13億円
4578,2019-10-03,4047,4156,14:12,4044,09:03,4152,1600800株,6611百万円,+9,+0.22,4129.756円,3897回,23161.33億円
4578,2019-10-04,4100,4142,09:08,4062,10:33,4139,1523900株,6265百万円,-13,-0.31,4111.075円,3781回,23088.82億円
4578,2019-10-07,4120,4134,09:01,4042,09:58,4084,1234400株,5027百万円,-55,-1.33,4072.065円,3645回,22782.01億円
4578,2019-10-08,4101,4139,14:52,4080,10:46,4138,1369300株,5640百万円,+54,+1.32,4119.053円,3882回,23083.24億円
4578,2019-10-09,4068,4090,09:10,4035,10:49,4077,1719400株,6985百万円,-61,-1.47,4062.345円,4503回,22742.96億円
4578,2019-10-10,4097,4206,13:03,4093,09:00,4199,1569000株,6546百万円,+122,+2.99,4171.951円,4049回,23423.52億円
4578,2019-10-11,4256,4275,09:00,4199,11:03,4214,1575900株,6661百万円,+15,+0.36,4226.806円,3166回,23507.19億円
4578,2019-10-15,4260,4383,14:52,4250,09:00,4373,1689900株,7335百万円,+159,+3.77,4340.288円,4665回,24394.15億円
4578,2019-10-16,4414,4464,09:09,4374,14:34,4396,1658000株,7303百万円,+23,+0.53,4404.546円,4469回,24522.45億円
4578,2019-10-17,4400,4438,09:19,4372,12:35,4384,1106300株,4863百万円,-12,-0.27,4395.958円,2784回,24455.51億円
4578,2019-10-18,4405,4433,09:08,4338,12:30,4350,956300株,4181百万円,-34,-0.78,4372.296円,2923回,24265.85億円
4578,2019-10-21,4354,4376,09:15,4327,10:31,4345,791900株,3440百万円,-5,-0.11,4344.608円,1917回,24237.96億円
4578,2019-10-23,4400,4464,14:34,4363,09:20,4461,987100株,4377百万円,+116,+2.67,4434.015円,2575回,24885.05億円
4578,2019-10-24,4492,4527,09:42,4480,12:38,4501,910700株,4102百万円,+40,+0.90,4503.831円,2436回,25108.18億円
4578,2019-10-25,4545,4560,09:00,4496,10:25,4557,971400株,4410百万円,+56,+1.24,4539.449円,2243回,25420.57億円
4578,2019-10-28,4558,4580,13:47,4528,10:11,4563,641300株,2922百万円,+6,+0.13,4555.903円,2182回,25454.04億円
4578,2019-10-29,4593,4607,09:00,4550,14:18,4556,663600株,3030百万円,-7,-0.15,4565.736円,1799回,25414.99億円
4578,2019-10-30,4544,4592,11:19,4541,09:00,4569,753200株,3436百万円,+13,+0.29,4562.495円,2935回,25487.51億円
4578,2019-10-31,4563,4565,10:22,4513,09:26,4538,867200株,3938百万円,-26,-0.57,4541.448円,2306回,25314.58億円
4578,2019-11-01,4516,4520,09:00,4451,14:08,4462,1026500株,4588百万円,-76,-1.67,4469.608円,3052回,24890.63億円
4578,2019-11-05,4504,4510,09:00,4430,11:20,4455,1516600株,6762百万円,-7,-0.16,4458.619円,4407回,24851.58億円
4578,2019-11-06,4510,4510,09:00,4432,14:21,4449,1013600株,4515百万円,-6,-0.13,4454.91円,2966回,24818.11億円
4578,2019-11-07,4455,4532,13:06,4449,09:00,4515,1035800株,4666百万円,+66,+1.48,4504.498円,2694回,25186.28億円
4578,2019-11-08,4562,4572,09:00,4482,14:09,4516,1365000株,6180百万円,+1,+0.02,4527.71円,2806回,25191.86億円
4578,2019-11-11,4555,4563,09:00,4468,10:18,4493,945700株,4254百万円,-23,-0.51,4498.773円,3173回,25063.55億円
4578,2019-11-12,4492,4820,13:35,4437,09:05,4755,2751100株,12860百万円,+262,+5.83,4674.455円,10782回,26525.08億円
4578,2019-11-13,4702,4721,09:06,4652,14:29,4658,1055200株,4932百万円,-97,-2.04,4674.306円,3910回,25983.98億円
4578,2019-11-14,4640,4680,14:05,4589,09:01,4656,815300株,3790百万円,+3,+0.06,4648.264円,2808回,25972.83億円
4578,2019-11-15,4682,4778,10:00,4682,09:00,4757,1294300株,6148百万円,+101,+2.17,4750.399円,3916回,26536.24億円
4578,2019-11-18,4741,4824,15:00,4733,09:45,4824,953400株,4577百万円,+67,+1.41,4800.569円,2843回,26909.99億円
4578,2019-11-19,4824,4872,09:06,4817,09:00,4851,818700株,3973百万円,+27,+0.56,4852.872円,2551回,27060.61億円
4578,2019-11-20,4844,4928,09:44,4844,09:00,4925,1223000株,5993百万円,+74,+1.53,4900.303円,3937回,27473.40億円
4578,2019-11-21,4871,4904,09:23,4806,10:50,4888,1130000株,5502百万円,-37,-0.75,4868.875円,3839回,27267.00億円
4578,2019-11-22,4885,4885,09:00,4811,09:25,4828,1095000株,5299百万円,-60,-1.23,4839.424円,3324回,26932.30億円
4578,2019-11-25,4885,4885,09:00,4827,09:51,4870,963500株,4681百万円,+42,+0.87,4857.833円,2763回,27166.59億円
4578,2019-11-26,4842,4865,10:47,4743,14:59,4756,3328400株,15873百万円,-114,-2.34,4769.097円,4508回,26530.66億円
4578,2019-11-27,4792,4818,13:43,4769,14:48,4774,1174100株,5627百万円,+18,+0.38,4792.449円,3567回,26631.07億円
4578,2019-11-28,4756,4821,09:20,4747,09:01,4792,905700株,4338百万円,+18,+0.38,4789.659円,2506回,26731.48億円
4578,2019-11-29,4820,4838,09:48,4738,14:36,4774,915300株,4384百万円,-18,-0.38,4789.616円,2606回,26631.07億円
4578,2019-12-02,4791,4844,14:45,4776,09:00,4839,648900株,3132百万円,+65,+1.36,4827.158円,1970回,26993.67億円
4578,2019-12-03,4769,4834,15:00,4752,09:06,4834,1056400株,5081百万円,-5,-0.10,4809.91円,2647回,26965.77億円
4578,2019-12-05,4840,4898,10:15,4830,09:00,4850,996800株,4839百万円,+36,+0.75,4854.644円,2798回,27055.03億円
4578,2019-12-06,4840,4877,10:11,4827,09:00,4870,606000株,2945百万円,+20,+0.41,4860.144円,1686回,27166.59億円
4578,2019-12-09,4900,4912,09:01,4866,10:08,4871,583900株,2849百万円,+1,+0.02,4879.545円,1410回,27172.17億円
4578,2019-12-10,4908,4930,09:17,4891,09:03,4915,961100株,4724百万円,+44,+0.90,4914.829円,2261回,27417.62億円
4578,2019-12-13,4985,4994,10:05,4935,09:05,4956,1732900株,8618百万円,+72,+1.47,4972.911円,3120回,27646.33億円
4578,2019-12-16,4942,4974,13:50,4923,09:12,4960,745200株,3693百万円,+4,+0.08,4955.179円,2009回,27668.65億円
4578,2019-12-17,4952,5059,14:59,4946,09:00,5053,1267400株,6361百万円,+93,+1.88,5019.145円,3155回,28187.43億円
4578,2019-12-18,5053,5072,09:05,4945,12:30,4952,1162400株,5785百万円,-101,-2.00,4976.357円,3186回,27624.02億円
4578,2019-12-19,4971,5022,09:02,4951,14:22,4961,738500株,3673百万円,+9,+0.18,4974.151円,2305回,27674.22億円
4578,2019-12-20,4991,5020,14:55,4967,10:35,4969,1724500株,8591百万円,+8,+0.16,4981.862円,2590回,27718.85億円
4578,2019-12-23,4967,5000,10:48,4953,09:00,4980,480400株,2392百万円,+11,+0.22,4979.111円,1275回,27780.21億円
4578,2019-12-24,4982,5020,11:23,4977,09:01,4994,447400株,2235百万円,+14,+0.28,4995.986円,1374回,27858.31億円
4578,2019-12-25,5000,5001,09:00,4962,13:47,4964,406900株,2027百万円,-30,-0.60,4981.539円,1043回,27690.96億円
4578,2019-12-26,4958,5014,10:13,4955,09:00,5006,803900株,4011百万円,+42,+0.85,4989.167円,1746回,27925.25億円
4578,2019-12-27,4911,4911,09:00,4850,09:10,4869,912700株,4456百万円,-137,-2.74,4882.428円,2667回,27161.02億円
4578,2019-12-30,4861,4932,10:13,4856,09:09,4883,835000株,4083百万円,+14,+0.29,4889.834円,2244回,27239.11億円
4578,2020-01-06,4813,4870,09:30,4783,14:40,4800,995900株,4789百万円,-83,-1.70,4808.261円,2604回,26776.11億円
4578,2020-01-07,4870,4917,15:00,4843,09:04,4917,1111600株,5444百万円,+117,+2.44,4897.652円,3250回,27428.78億円
4578,2020-01-08,4819,4850,12:30,4754,10:14,4812,1096200株,5270百万円,-105,-2.14,4807.793円,3269回,26843.05億円
4578,2020-01-09,4870,4922,14:48,4865,09:14,4916,792900株,3885百万円,+104,+2.16,4899.81円,2273回,27423.20億円
4578,2020-01-10,4955,4994,15:00,4923,09:50,4994,1030400株,5118百万円,+78,+1.59,4967.217円,2352回,27858.31億円
4578,2020-01-14,4963,4998,09:00,4917,12:56,4948,759700株,3760百万円,-46,-0.92,4948.854円,1986回,27601.71億円
4578,2020-01-15,4982,4993,09:00,4916,14:10,4935,598200株,2954百万円,-13,-0.26,4938.216円,1587回,27529.19億円
4578,2020-01-16,4978,5000,09:00,4954,09:06,4979,672300株,3344百万円,+44,+0.89,4974.544円,1923回,27774.64億円
4578,2020-01-17,4955,4968,09:00,4897,14:44,4908,743300株,3654百万円,-71,-1.43,4916.088円,1671回,27378.57億円
4578,2020-01-20,4915,4942,14:59,4901,09:03,4939,459000株,2262百万円,+31,+0.63,4928.806円,1390回,27551.50億円
4578,2020-01-21,4916,4954,09:16,4908,10:20,4921,621400株,3058百万円,-18,-0.36,4921.554円,1391回,27451.09億円
4578,2020-01-22,4915,4952,12:30,4906,09:14,4944,809800株,3996百万円,+23,+0.47,4934.279円,2181回,27579.39億円
4578,2020-01-23,4896,4917,09:00,4857,09:26,4908,563100株,2758百万円,-36,-0.73,4898.655円,1704回,27378.57億円
4578,2020-01-24,4954,4971,09:02,4918,13:12,4953,600300株,2971百万円,+45,+0.92,4949.734円,1494回,27629.60億円
4578,2020-01-27,4844,4894,14:00,4821,09:25,4882,685300株,3338百万円,-71,-1.43,4871.155円,2164回,27233.53億円
