4587,2019-08-30,5470,5580,10:09,5450,09:00,5570,671200株,3716百万円,+70,+1.27,5535.799円,1187回
4587,2019-09-02,5570,5610,09:02,5480,12:30,5490,445300株,2457百万円,-80,-1.44,5517.528円,1213回
4587,2019-09-03,5490,5540,09:18,5470,10:09,5520,330800株,1822百万円,+30,+0.55,5507.962円,817回
4587,2019-09-03,5490,5520,09:13,5450,12:30,5460,323800株,1773百万円,-60,-1.09,5476.665円,749回
4587,2019-09-05,5470,5560,10:59,5440,09:00,5530,406500株,2244百万円,+70,+1.28,5519.589円,815回
4587,2019-09-05,5530,5530,09:00,5470,09:39,5470,337200株,1850百万円,-60,-1.08,5487.782円,737回
4587,2019-09-07,5450,5500,10:01,5430,09:01,5470,274400株,1502百万円,0,0,5472.642円,622回
4587,2019-09-10,5400,5400,09:00,5140,14:31,5140,1101300株,5760百万円,-330,-6.03,5230.381円,1902回
4587,2019-09-11,5100,5240,12:39,5020,09:04,5200,893100株,4592百万円,+60,+1.17,5141.33円,1873回
4587,2019-09-12,5180,5210,09:12,5120,14:58,5120,838300株,4319百万円,-80,-1.54,5151.98円,1349回
4587,2019-09-13,5050,5160,14:59,5030,09:15,5160,1400700株,7135百万円,+40,+0.78,5093.818円,2546回
4587,2019-09-17,5180,5400,12:51,5170,09:00,5380,744400株,3970百万円,+220,+4.26,5332.512円,1366回
4587,2019-09-17,5340,5470,14:37,5320,09:15,5470,569600株,3077百万円,+90,+1.67,5402.144円,1071回,6854.48億円
4587,2019-09-19,5530,5540,09:00,5430,09:26,5460,608900株,3334百万円,-10,-0.18,5475.257円,1270回,6841.95億円
4587,2019-09-20,5550,5570,09:00,5370,14:38,5400,630200株,3440百万円,-60,-1.10,5459.01円,1212回,6766.76億円
4587,2019-09-24,5420,5480,09:08,5310,14:52,5340,505100株,2717百万円,-60,-1.11,5379.911円,1038回,6691.58億円
4587,2019-09-25,5280,5330,09:03,5220,09:25,5260,381600株,2009百万円,-80,-1.50,5265.82円,928回,6591.33億円
4587,2019-09-26,5280,5300,09:01,5160,14:51,5180,641800株,3344百万円,-80,-1.52,5210.944円,1194回,6491.08億円
4587,2019-09-27,5200,5220,09:00,5090,13:45,5150,531000株,2730百万円,-30,-0.58,5141.345円,1402回,6453.49億円
4587,2019-09-30,5110,5150,09:54,5100,09:00,5130,520900株,2669百万円,-20,-0.39,5123.509円,1109回,6428.42億円
4587,2019-10-01,5130,5260,11:07,5080,09:20,5240,584900株,3046百万円,+110,+2.14,5208.501円,1332回,6566.26億円
4587,2019-10-02,5220,5220,09:00,5090,14:53,5090,710000株,3652百万円,-150,-2.86,5143.868円,1376回,6378.30億円
4587,2019-10-03,5010,5050,09:06,4905,14:36,4910,1024300株,5083百万円,-180,-3.54,4962.544円,1968回,6152.74億円
4587,2019-10-04,4925,4925,09:00,4835,12:34,4890,855200株,4174百万円,-20,-0.41,4881.05円,1980回,6127.68億円
4587,2019-10-07,4915,5030,14:59,4900,09:00,5030,651700株,3247百万円,+140,+2.86,4982.889円,1577回,6303.11億円
4587,2019-10-08,5050,5170,14:59,5020,09:06,5170,565900株,2895百万円,+140,+2.78,5115.476円,1259回,6478.55億円
4587,2019-10-09,5070,5150,12:33,5050,09:01,5130,397300株,2032百万円,-40,-0.77,5115.411円,956回,6428.42億円
4587,2019-10-10,5100,5100,09:00,4930,13:49,4930,763300株,3793百万円,-200,-3.90,4969.562円,1713回,6177.80億円
4587,2019-10-11,4970,4990,09:30,4910,09:20,4925,549300株,2716百万円,-5,-0.10,4944.355円,1361回,6171.54億円
4587,2019-10-15,4995,5010,09:01,4900,12:32,4910,797900株,3941百万円,-15,-0.30,4938.988円,1619回,6152.74億円
4587,2019-10-16,4990,5040,09:12,4920,14:31,4940,413800株,2056百万円,+30,+0.61,4967.554円,943回,6190.33億円
4587,2019-10-17,4940,4970,09:14,4915,14:36,4925,424300株,2094百万円,-15,-0.30,4935.729円,1067回,6171.54億円
4587,2019-10-18,4940,5050,09:29,4940,09:00,4970,519900株,2594百万円,+45,+0.91,4989.666円,1060回,6227.93億円
4587,2019-10-21,4945,5000,09:29,4920,14:38,4935,427900株,2118百万円,-35,-0.70,4949.825円,903回,6184.07億円
4587,2019-10-23,4975,5190,14:46,4975,09:00,5170,821400株,4197百万円,+235,+4.76,5109.954円,1464回,6478.55億円
4587,2019-10-24,5200,5260,09:07,5150,11:24,5160,522300株,2713百万円,-10,-0.19,5194.438円,1187回,6466.02億円
4587,2019-10-25,5240,5340,14:50,5220,09:02,5320,631200株,3340百万円,+160,+3.10,5292.139円,1253回,6666.51億円
4587,2019-10-28,5300,5370,09:21,5270,09:04,5320,418200株,2226百万円,0,0,5322.549円,1166回,6666.51億円
4587,2019-10-29,5360,5400,11:07,5300,09:15,5330,540400株,2893百万円,+10,+0.19,5353.449円,1334回,6679.04億円
4587,2019-10-30,5400,5480,09:06,5370,13:30,5440,855300株,4646百万円,+110,+2.06,5431.881円,1337回,6816.89億円
4587,2019-10-31,5410,5490,09:59,5400,11:27,5460,557700株,3041百万円,+20,+0.37,5453.416円,1081回,6841.95億円
4587,2019-11-01,5420,5490,14:51,5410,09:03,5490,421500株,2300百万円,+30,+0.55,5456.667円,937回,6879.54億円
4587,2019-11-05,5510,5540,09:00,5420,14:54,5430,669200株,3654百万円,-60,-1.09,5459.961円,1699回,6804.35億円
4587,2019-11-07,5360,5440,09:09,5020,09:35,5100,2177400株,11155百万円,-210,-3.95,5123.259円,4047回,6390.83億円
4587,2019-11-08,5180,5280,14:51,5110,09:02,5280,1410700株,7345百万円,+180,+3.53,5206.674円,2750回,6616.39億円
4587,2019-11-11,5340,5390,09:13,5250,12:34,5290,601900株,3194百万円,+10,+0.19,5306.558円,1185回,6628.92億円
4587,2019-11-12,5210,5240,09:00,5150,09:11,5210,761800株,3964百万円,-80,-1.51,5203.548円,1522回,6528.67億円
4587,2019-11-13,5130,5240,09:13,4905,14:58,4905,1277200株,6410百万円,-305,-5.85,5018.731円,2362回,6146.48億円
4587,2019-11-14,4875,5010,09:08,4730,14:59,4740,1313000株,6339百万円,-165,-3.36,4827.773円,2595回,5939.71億円
4587,2019-11-15,4700,4775,09:01,4585,12:44,4655,1304800株,6069百万円,-85,-1.79,4650.905円,2953回,5833.20億円
4587,2019-11-18,4660,4795,09:03,4645,09:00,4705,837900株,3946百万円,+50,+1.07,4708.886円,1977回,5895.85億円
4587,2019-11-19,4915,5080,14:29,4860,09:07,5040,1389200株,6927百万円,+335,+7.12,4986.306円,2825回,6315.64億円
4587,2019-11-20,5050,5160,10:04,5050,09:00,5120,752700株,3851百万円,+80,+1.59,5116.647円,1773回,6415.89億円
4587,2019-11-21,5070,5070,09:00,4865,10:55,4930,942800株,4668百万円,-190,-3.71,4950.888円,2144回,6177.80億円
4587,2019-11-22,4905,4945,09:06,4870,09:02,4880,612700株,2999百万円,-50,-1.01,4894.061円,1242回,6115.15億円
4587,2019-11-25,4920,4995,13:35,4885,09:15,4965,437900株,2168百万円,+85,+1.74,4951.417円,1109回,6221.66億円
4587,2019-11-26,5040,5080,14:59,5010,09:03,5040,515200株,2598百万円,+75,+1.51,5043.527円,1086回,6315.64億円
4587,2019-11-27,5050,5070,09:01,5020,10:21,5050,275300株,1389百万円,+10,+0.20,5045.656円,632回,6328.18億円
4587,2019-11-28,5100,5130,09:00,5060,09:30,5110,349400株,1782百万円,+60,+1.19,5099.17円,966回,6403.36億円
4587,2019-11-29,5120,5170,09:25,5010,14:31,5030,439800株,2231百万円,-80,-1.57,5073.047円,1027回,6303.11億円
4587,2019-12-02,5120,5190,09:08,5100,09:00,5110,504800株,2596百万円,+80,+1.59,5142.031円,1011回,6403.36億円
4587,2019-12-03,5070,5180,13:37,5070,09:00,5150,285900株,1466百万円,+40,+0.78,5128.178円,672回,6453.49億円
4587,2019-12-05,5070,5080,09:01,5010,09:31,5040,300900株,1517百万円,-20,-0.40,5041.539円,733回,6315.64億円
4587,2019-12-06,5000,5100,14:59,4985,09:00,5100,237800株,1205百万円,+60,+1.19,5069.085円,496回,6390.83億円
4587,2019-12-09,5160,5160,09:00,5040,12:30,5120,333000株,1698百万円,+20,+0.39,5098.829円,635回,6415.89億円
4587,2019-12-10,5100,5160,12:43,5090,09:00,5150,270500株,1389百万円,+30,+0.59,5134.543円,683回,6453.49億円
4587,2019-12-13,5100,5120,09:07,5000,14:01,5020,640200株,3238百万円,-70,-1.38,5057.671円,1192回,6290.58億円
4587,2019-12-16,5070,5120,09:23,5040,09:00,5060,242200株,1230百万円,+40,+0.80,5079.133円,600回,6340.71億円
4587,2019-12-17,5080,5240,12:37,5070,09:01,5210,529200株,2738百万円,+150,+2.96,5172.95円,957回,6528.67億円
4587,2019-12-18,5250,5280,09:28,5140,13:23,5190,531800株,2769百万円,-20,-0.38,5206.683円,1025回,6503.61億円
4587,2019-12-19,5130,5260,14:59,5130,09:00,5250,360800株,1882百万円,+60,+1.16,5216.572円,720回,6578.80億円
4587,2019-12-20,5270,5460,13:02,5240,09:39,5450,983300株,5287百万円,+200,+3.81,5377.071円,1613回,6829.42億円
4587,2019-12-23,5400,5490,09:00,5380,09:00,5450,681400株,3698百万円,0,0,5427.235円,1280回,6829.42億円
4587,2019-12-24,5500,5600,14:37,5490,09:00,5590,770100株,4270百万円,+140,+2.57,5544.81円,1357回,7004.85億円
4587,2019-12-25,5650,5690,09:01,5610,10:52,5640,560700株,3166百万円,+50,+0.89,5647.293円,998回,7067.51億円
4587,2019-12-26,5550,5680,12:56,5550,09:00,5660,610300株,3434百万円,+20,+0.35,5626.002円,973回,7092.57億円
4587,2019-12-27,5640,5680,09:40,5610,14:53,5620,318700株,1796百万円,-40,-0.71,5636.379円,796回,7042.44億円
4587,2019-12-30,5600,5600,09:00,5520,09:10,5600,384700株,2149百万円,-20,-0.36,5585.558円,758回,7017.38億円
4587,2020-01-06,5500,5530,09:00,5460,10:13,5480,528300株,2899百万円,-120,-2.14,5486.508円,1036回,6867.01億円
4587,2020-01-07,5550,5560,09:01,5450,12:30,5500,449200株,2474百万円,+20,+0.36,5507.723円,926回,6892.07億円
4587,2020-01-08,5410,5470,12:45,5330,09:19,5430,566100株,3060百万円,-70,-1.27,5404.623円,1278回,6804.35億円
4587,2020-01-09,5550,5620,09:05,5530,12:31,5590,456100株,2545百万円,+160,+2.95,5580.469円,998回,7004.85億円
4587,2020-01-10,5610,5710,14:59,5580,09:05,5700,357400株,2025百万円,+110,+1.97,5665.157円,836回,7142.69億円
4587,2020-01-14,5690,5740,10:13,5660,09:04,5740,467200株,2667百万円,+40,+0.70,5708.382円,778回,7192.82億円
4587,2020-01-15,5700,5750,11:15,5650,09:00,5710,311300株,1776百万円,-30,-0.52,5706.148円,640回,7155.22億円
4587,2020-01-16,5710,5760,09:16,5690,10:48,5720,280800株,1606百万円,+10,+0.18,5719.192円,701回,7167.75億円
4587,2020-01-17,5760,5760,09:00,5650,10:46,5690,338000株,1924百万円,-30,-0.52,5690.899円,715回,7130.16億円
4587,2020-01-20,5690,5730,09:24,5660,09:07,5710,288700株,1644百万円,+20,+0.35,5692.934円,606回,7155.22億円
4587,2020-01-21,5660,5710,09:02,5580,10:16,5620,336400株,1893百万円,-90,-1.58,5627.304円,776回,7042.44億円
4587,2020-01-22,5580,5640,09:07,5530,13:21,5580,361800株,2018百万円,-40,-0.71,5578.192円,851回,6992.32億円
4587,2020-01-23,5550,5550,09:00,5430,12:35,5460,445100株,2440百万円,-120,-2.15,5482.581円,849回,6841.95億円
4587,2020-01-24,5430,5490,09:03,5410,09:53,5460,212800株,1159百万円,0,0,5444.892円,502回,6841.95億円
4587,2020-01-27,5340,5420,12:48,5300,09:09,5390,298900株,1607百万円,-70,-1.28,5374.985円,613回,6754.23億円
4587,2020-01-28,5360,5480,12:57,5330,09:00,5450,409300株,2218百万円,+60,+1.11,5419.321円,814回,6829.42億円
4587,2020-01-29,5420,5440,10:49,5370,09:27,5410,286800株,1553百万円,-40,-0.73,5414.714円,570回,6779億円
4587,2020-01-30,5350,5390,09:11,5270,12:30,5290,470300株,2498百万円,-120,-2.22,5311.682円,997回,6629億円
4587,2020-01-31,5270,5320,09:02,5240,15:00,5240,403700株,2128百万円,-50,-0.95,5272.15円,717回,6566億円
4587,2020-02-03,5140,5300,11:28,5120,09:00,5220,534100株,2790百万円,-20,-0.38,5222.996円,1148回,6541億円
4587,2020-02-04,5260,5330,14:47,5240,09:07,5330,348000株,1844百万円,+110,+2.11,5299.813円,803回,6679億円
4587,2020-02-05,5400,5410,09:13,5330,09:34,5360,317900株,1706百万円,+30,+0.56,5366.342円,768回,6717億円
4587,2020-02-06,5400,5440,11:29,5340,09:31,5410,372300株,2011百万円,+50,+0.93,5402.299円,745回,6779億円
4587,2020-02-07,5470,5520,09:05,5350,10:06,5400,386600株,2094百万円,-10,-0.18,5417.45円,839回,6767億円
4587,2020-02-10,5370,5490,09:47,5360,09:00,5450,384100株,2091百万円,+50,+0.93,5442.991円,939回,6829億円
4587,2020-02-12,5450,5530,10:40,5410,09:05,5520,327000株,1793百万円,+70,+1.28,5483.315円,790回,6917億円
4587,2020-02-13,5500,5560,10:00,5480,09:07,5520,416300株,2301百万円,0,0,5526.546円,729回,6917億円
4587,2020-02-14,5420,5520,09:00,5250,15:00,5250,920800株,4916百万円,-270,-4.89,5338.822円,1941回,6579億円
4587,2020-02-17,5250,5310,09:00,5120,10:00,5150,510200株,2636百万円,-100,-1.90,5167.168円,1165回,6453億円
4587,2020-02-17,5150,5160,09:00,4985,10:08,5000,486500株,2449百万円,-150,-2.91,5034.725円,1107回,6266億円
4587,2020-02-18,5010,5230,13:42,4970,09:28,5180,641700株,3275百万円,+180,+3.60,5104.074円,1462回,6491億円
4587,2020-02-20,5220,5220,09:00,5130,12:30,5190,510500株,2647百万円,+10,+0.19,5185.036円,1193回,6504億円
4587,2020-02-21,5170,5200,09:00,5050,14:51,5070,482200株,2465百万円,-120,-2.31,5112.829円,942回,6353億円
4587,2020-02-25,4830,4900,11:23,4795,13:43,4810,758500株,3674百万円,-260,-5.13,4843.39円,1639回,6027億円
4587,2020-02-26,4775,4800,09:04,4605,11:02,4670,706900株,3317百万円,-140,-2.91,4691.7円,1488回,5852億円
4587,2020-02-27,4600,4600,09:00,4420,13:41,4480,989000株,4450百万円,-190,-4.07,4499.861円,1802回,5614億円
4587,2020-02-28,4390,4440,09:35,4200,14:47,4300,1508100株,6520百万円,-180,-4.02,4323.611円,2732回,5388億円
4587,2020-03-02,4265,4595,12:33,4235,09:00,4490,1009700株,4492百万円,+190,+4.42,4448.521円,2476回,5626億円
4587,2020-03-03,4625,4635,09:04,4405,09:24,4405,861800株,3838百万円,-85,-1.89,4453.435円,2004回,5520億円
4587,2020-03-04,4335,4540,12:46,4320,09:02,4450,618700株,2757百万円,+45,+1.02,4455.988円,1651回,5576億円
4587,2020-03-05,4555,4575,10:02,4475,09:10,4560,612000株,2778百万円,+110,+2.47,4539.014円,1443回,5714億円
4587,2020-03-06,4465,4540,09:16,4395,14:36,4405,509000株,2258百万円,-155,-3.40,4436.71円,1167回,5520億円
4587,2020-03-06,4220,4245,09:06,3925,14:31,3970,941200株,3789百万円,-435,-9.88,4025.575円,2157回,4975億円
4587,2020-03-10,3900,4490,14:37,3755,09:10,4490,1411900株,5929百万円,+520,+13.10,4199.311円,3434回,5626億円
4587,2020-03-11,4425,4445,09:00,4090,14:53,4095,1262200株,5351百万円,-395,-8.80,4239.488円,3159回,5131億円
4587,2020-03-12,3995,4280,10:09,3935,12:55,3995,1124700株,4561百万円,-100,-2.44,4055.679円,3128回,5006億円
4587,2020-03-13,3715,4030,14:19,3605,10:46,4005,1384600株,5286百万円,+10,+0.25,3817.741円,3198回,5019億円
4587,2020-03-16,4025,4165,10:10,3740,14:59,3775,1224600株,4805百万円,-230,-5.74,3923.573円,3511回,4730億円
4587,2020-03-17,3710,4200,14:21,3680,09:01,4135,2060700株,8288百万円,+360,+9.54,4021.795円,5386回,5182億円
4587,2020-03-18,4140,4660,14:02,4060,09:07,4540,1860400株,8280百万円,+405,+9.79,4450.746円,5509回,5689億円
4587,2020-03-19,4585,4780,09:31,4355,12:48,4415,1812300株,8201百万円,-125,-2.75,4525.207円,4714回,5532億円
4587,2020-03-23,4345,4365,09:02,3860,13:25,3900,2030000株,8097百万円,-515,-11.66,3988.58円,4970回,4911億円
4587,2020-03-24,4015,4070,10:06,3895,14:39,3935,1319100株,5240百万円,+35,+0.90,3972.304円,3455回,4955億円
4587,2020-03-25,4020,4130,10:28,3940,09:33,4055,1354900株,5466百万円,+120,+3.05,4034.031円,3795回,5106億円
4587,2020-03-26,3940,4025,09:11,3880,09:32,3910,1218200株,4816百万円,-145,-3.58,3953.218円,3022回,4923億円
4587,2020-03-27,4035,4045,09:03,3870,09:47,3945,1292400株,5072百万円,+35,+0.90,3924.834円,3602回,4967億円
4587,2020-03-30,3800,3840,09:07,3585,14:28,3640,1667300株,6120百万円,-305,-7.73,3670.585円,3631回,4583億円
4587,2020-03-31,3740,3880,10:30,3655,09:05,3770,1252800株,4731百万円,+130,+3.57,3776.711円,3152回,4747億円
4587,2020-04-01,3735,3845,12:35,3660,09:13,3730,695200株,2605百万円,-40,-1.06,3746.627円,1874回,4696億円
4587,2020-04-02,3740,3775,09:17,3450,13:06,3510,1278100株,4558百万円,-220,-5.90,3566.158円,3359回,4419億円
4587,2020-04-03,3500,3560,09:07,3350,14:30,3370,776100株,2666百万円,-140,-3.99,3435.185円,2148回,4243億円
4587,2020-04-06,3300,3340,09:35,3165,12:34,3265,1452400株,4724百万円,-105,-3.12,3252.394円,3442回,4111億円
4587,2020-04-07,3305,3475,14:47,3305,09:00,3465,1082200株,3699百万円,+200,+6.13,3417.966円,2875回,4363億円
4587,2020-04-08,3395,3460,09:00,3270,09:15,3395,1049400株,3518百万円,-70,-2.02,3352.23円,2828回,4275億円
4587,2020-04-09,3395,3455,10:10,3340,09:01,3440,738700株,2519百万円,+45,+1.33,3410.311円,2139回,4331億円
4587,2020-04-10,3440,3445,09:00,3280,10:12,3370,797100株,2669百万円,-70,-2.03,3348.502円,1803回,4243億円
4587,2020-04-13,3330,3485,12:46,3310,09:01,3465,567500株,1951百万円,+95,+2.82,3437.879円,1650回,4363億円
4587,2020-04-14,3560,3655,12:36,3520,09:14,3590,760700株,2734百万円,+125,+3.61,3594.109円,2190回,4520億円
4587,2020-04-15,3730,3840,12:30,3675,09:27,3760,943100株,3551百万円,+170,+4.74,3765.747円,2498回,4734億円
4587,2020-04-16,3750,3850,14:17,3720,09:27,3830,664600株,2528百万円,+70,+1.86,3803.477円,1973回,4822億円
4587,2020-04-17,3925,3985,14:01,3860,09:24,3955,1090200株,4297百万円,+125,+3.26,3941.932円,2916回,4980億円
4587,2020-04-20,3910,3945,09:00,3775,12:35,3830,683300株,2613百万円,-125,-3.16,3824.304円,1837回,4822億円
4587,2020-04-21,3850,4015,12:35,3815,09:01,3975,1051300株,4139百万円,+145,+3.79,3937.435円,2798回,5005億円
4587,2020-04-22,3935,3960,09:17,3860,14:59,3875,680000株,2651百万円,-100,-2.52,3898.777円,2127回,4879億円
4587,2020-04-23,3970,3975,09:06,3855,13:18,3900,523700株,2044百万円,+25,+0.65,3902.495円,1345回,4911億円
4587,2020-04-24,3870,3930,12:33,3820,09:04,3905,513500株,1998百万円,+5,+0.13,3890.651円,1358回,4917億円
4587,2020-04-27,3930,4055,12:57,3910,09:04,3990,526300株,2105百万円,+85,+2.18,4000.478円,1280回,5024億円
4587,2020-04-28,4050,4050,09:00,3970,09:23,4005,473900株,1899百万円,+15,+0.38,4008.027円,1287回,5043億円
4587,2020-04-30,4060,4090,12:33,3995,09:10,4050,772100株,3131百万円,+45,+1.12,4055.179円,1968回,5099億円
4587,2020-05-01,4190,4240,09:09,3945,12:42,3980,1114200株,4516百万円,-70,-1.73,4052.882円,2885回,5011億円
4587,2020-05-07,3940,4145,12:34,3925,09:00,4125,711100株,2904百万円,+145,+3.64,4083.634円,1808回,5194億円
4587,2020-05-08,4240,4335,10:54,4200,09:04,4260,1032500株,4401百万円,+135,+3.27,4262.505円,2486回,5364億円
