4592,2019-08-30,3255,3375,14:59,3210,09:06,3340,421500株,1396百万円,+165,+5.20,3311.419円,1060回
4592,2019-09-02,3410,3935,11:23,3385,09:00,3600,5420100株,20167百万円,+260,+7.78,3720.798円,13322回
4592,2019-09-03,3640,3650,09:00,3460,13:17,3485,1719600株,6094百万円,-115,-3.19,3543.733円,4335回
4592,2019-09-03,3450,3470,09:00,3290,14:39,3295,1241200株,4154百万円,-190,-5.45,3346.897円,2686回
4592,2019-09-05,3340,3390,10:26,3315,09:18,3340,545200株,1823百万円,+45,+1.37,3344.254円,1346回
4592,2019-09-05,3330,3375,13:57,3320,09:01,3355,263400株,882百万円,+15,+0.45,3347.938円,765回
4592,2019-09-07,3330,3340,09:09,3270,09:31,3315,302800株,1001百万円,-40,-1.19,3304.217円,903回
4592,2019-09-10,3310,3330,13:50,3280,09:06,3330,202600株,671百万円,+15,+0.45,3309.965円,593回
4592,2019-09-11,3335,3480,13:01,3320,09:02,3475,605900株,2079百万円,+145,+4.35,3431.849円,1388回
4592,2019-09-12,3450,3485,09:10,3310,14:57,3320,642800株,2159百万円,-155,-4.46,3359.301円,1617回
4592,2019-09-13,3345,3350,10:19,3270,09:16,3310,376100株,1243百万円,-10,-0.30,3306.187円,945回
4592,2019-09-17,3365,3500,09:21,3325,09:01,3410,701800株,2394百万円,+100,+3.02,3411.034円,1744回
4592,2019-09-17,3400,3575,09:57,3380,09:03,3555,969000株,3407百万円,+145,+4.25,3515.816円,2082回,1839.15億円
4592,2019-09-19,3585,3655,09:18,3525,10:52,3540,689800株,2469百万円,-15,-0.42,3578.889円,1848回,1831.39億円
4592,2019-09-20,3950,4240,09:40,3935,09:15,4185,5720000株,23670百万円,+645,+18.22,4138.188円,12105回,2167.17億円
4592,2019-09-24,4065,4380,10:09,3990,09:03,4050,3335800株,13986百万円,-135,-3.23,4192.763円,8352回,2097.26億円
4592,2019-09-25,4115,4240,09:06,4080,10:58,4205,1752500株,7309百万円,+155,+3.83,4170.656円,4253回,2177.53億円
4592,2019-09-26,4295,4550,10:18,4275,09:14,4460,3308700株,14670百万円,+255,+6.06,4433.821円,7604回,2309.58億円
4592,2019-09-27,4560,4620,09:04,4430,12:53,4490,2205600株,9988百万円,+30,+0.67,4528.565円,5467回,2325.11億円
4592,2019-09-30,4440,4505,09:05,4325,10:10,4490,1044500株,4625百万円,0,0,4428.262円,2746回,2325.11億円
4592,2019-10-01,4510,4520,09:00,4355,14:59,4370,746100株,3289百万円,-120,-2.67,4408.474円,1912回,2262.97億円
4592,2019-10-02,4300,4340,09:10,4180,12:30,4255,926700株,3948百万円,-115,-2.63,4260.577円,2174回,2203.42億円
4592,2019-10-03,4170,4275,14:56,4155,09:03,4270,657200株,2773百万円,+15,+0.35,4218.774円,1602回,2211.19億円
4592,2019-10-04,4270,4375,10:23,4240,09:04,4300,757000株,3274百万円,+30,+0.70,4325.563円,1833回,2226.72億円
4592,2019-10-07,4340,4345,09:00,4235,13:02,4305,410800株,1758百万円,+5,+0.12,4280.562円,993回,2229.31億円
4592,2019-10-08,4280,4305,09:02,4200,14:16,4215,465400株,1971百万円,-90,-2.09,4236.093円,1145回,2182.70億円
4592,2019-10-09,4195,4310,13:10,4160,09:03,4280,493200株,2094百万円,+65,+1.54,4245.019円,1171回,2216.36億円
4592,2019-10-10,4300,4300,09:00,4165,14:58,4175,473500株,1993百万円,-105,-2.45,4209.443円,1261回,2161.99億円
4592,2019-10-11,4190,4190,09:00,3985,10:52,4010,792700株,3209百万円,-165,-3.95,4048.67円,2054回,2076.55億円
4592,2019-10-15,4000,4075,09:40,3920,09:03,4025,499700株,2005百万円,+15,+0.37,4013.152円,1546回,2084.31億円
4592,2019-10-16,4040,4085,10:08,3985,12:30,3990,372900株,1499百万円,-35,-0.87,4021.177円,973回,2066.19億円
4592,2019-10-17,3960,3990,09:02,3895,13:07,3895,537500株,2107百万円,-95,-2.38,3920.843円,1235回,2017.00億円
4592,2019-10-18,3825,3935,11:15,3810,09:00,3880,499500株,1936百万円,-15,-0.39,3875.451円,1212回,2009.26億円
4592,2019-10-21,3840,3910,09:05,3805,15:00,3805,357700株,1375百万円,-75,-1.93,3845.375円,1140回,1970.42億円
4592,2019-10-23,3940,3965,09:03,3820,09:55,3845,593000株,2294百万円,+40,+1.05,3868.039円,1752回,1991.13億円
4592,2019-10-24,3960,4230,12:47,3920,09:03,4205,2304200株,9501百万円,+360,+9.36,4123.208円,5442回,2177.56億円
4592,2019-10-25,4145,4240,09:38,4085,09:09,4210,1130300株,4706百万円,+5,+0.12,4163.454円,2900回,2180.15億円
4592,2019-10-28,4250,4270,09:02,4135,14:30,4140,573300株,2401百万円,-70,-1.66,4187.684円,1469回,2143.90億円
4592,2019-10-29,4155,4390,14:39,4105,09:37,4375,1606300株,6913百万円,+235,+5.68,4303.561円,3444回,2265.59億円
4592,2019-10-30,4330,4385,09:06,4265,09:56,4325,756200株,3262百万円,-50,-1.14,4313.629円,1825回,2239.70億円
4592,2019-10-31,4335,4415,14:21,4295,10:17,4410,815900株,3563百万円,+85,+1.97,4366.619円,1852回,2283.72億円
4592,2019-11-01,4385,4445,12:30,4355,09:01,4400,554600株,2441百万円,-10,-0.23,4401.251円,1385回,2278.54億円
4592,2019-11-05,4380,4400,09:55,4290,14:51,4290,740500株,3218百万円,-110,-2.50,4345.28円,1653回,2221.58億円
4592,2019-11-07,4180,4245,10:15,4150,09:02,4190,420400株,1762百万円,-25,-0.59,4191.736円,1158回,2169.79億円
4592,2019-11-08,4150,4230,09:27,4150,09:00,4165,338900株,1416百万円,-25,-0.60,4176.894円,956回,2156.85億円
4592,2019-11-11,4195,4225,09:19,4115,12:51,4135,351800株,1463百万円,-30,-0.72,4159.119円,965回,2141.31億円
4592,2019-11-12,4125,4140,09:04,4025,12:31,4045,497500株,2023百万円,-90,-2.18,4065.336円,1165回,2094.70億円
4592,2019-11-13,4030,4095,10:11,4000,14:14,4030,413200株,1667百万円,-15,-0.37,4033.221円,1120回,2086.94億円
4592,2019-11-14,4035,4135,09:22,3985,13:45,4020,583400株,2368百万円,-10,-0.25,4059.029円,1461回,2081.76億円
4592,2019-11-15,4015,4125,14:57,4015,09:00,4125,418200株,1707百万円,+105,+2.61,4080.917円,1114回,2136.13億円
4592,2019-11-18,4145,4160,10:21,4080,09:27,4155,319100株,1318百万円,+30,+0.73,4131.852円,910回,2151.67億円
4592,2019-11-19,4185,4240,14:48,4140,10:02,4240,445500株,1867百万円,+85,+2.05,4191.65円,973回,2195.68億円
4592,2019-11-20,4220,4270,09:08,4195,09:30,4260,352800株,1494百万円,+20,+0.47,4234.165円,971回,2206.04億円
4592,2019-11-21,4270,4330,09:20,4180,10:53,4225,442000株,1878百万円,-35,-0.82,4248.371円,1237回,2187.92億円
4592,2019-11-22,4225,4285,10:15,4200,09:02,4280,390400株,1663百万円,+55,+1.30,4260.808円,872回,2216.40億円
4592,2019-11-25,4290,4315,12:32,4250,09:23,4310,361700株,1553百万円,+30,+0.70,4294.735円,826回,2231.93億円
4592,2019-11-26,4310,4370,14:33,4285,10:27,4340,502600株,2177百万円,+30,+0.70,4330.516円,1021回,2247.47億円
4592,2019-11-27,4345,4355,09:02,4280,10:02,4285,371500株,1600百万円,-55,-1.27,4306.525円,975回,2218.99億円
4592,2019-11-28,4270,4320,12:59,4250,09:33,4290,369400株,1582百万円,+5,+0.12,4282.765円,849回,2221.58億円
4592,2019-11-29,4300,4365,10:07,4270,09:01,4305,412900株,1784百万円,+15,+0.35,4321.328円,1026回,2229.35億円
4592,2019-12-02,4310,4335,14:32,4290,09:03,4320,252100株,1087百万円,+15,+0.35,4312.806円,596回,2237.11億円
4592,2019-12-03,4305,4475,14:46,4275,09:02,4470,1044400株,4607百万円,+150,+3.47,4410.9円,2046回,2314.79億円
4592,2019-12-05,4425,4425,09:00,4255,12:39,4260,651600株,2807百万円,-100,-2.29,4307.268円,1821回,2206.04億円
4592,2019-12-06,4220,4295,09:36,4200,09:00,4270,263500株,1121百万円,+10,+0.23,4253.655円,767回,2211.22億円
4592,2019-12-09,4280,4280,09:00,4165,14:31,4180,513200株,2159百万円,-90,-2.11,4207.01円,1309回,2164.61億円
4592,2019-12-10,4155,4215,14:59,4105,09:02,4215,236600株,988百万円,+35,+0.84,4174.389円,688回,2182.74億円
4592,2019-12-13,4220,4245,09:03,4145,15:00,4145,393600株,1644百万円,-60,-1.43,4176.295円,1060回,2146.49億円
4592,2019-12-16,3445,3445,15:00,3445,15:00,3445,121500株,419百万円,-700,-16.89,3445円,1回,1783.99億円
4592,2019-12-17,2745,2745,15:00,2745,15:00,2745,109600株,301百万円,-700,-20.32,2745円,1回,1421.50億円
4592,2019-12-18,2445,2676,09:34,2432,09:19,2629,10547000株,26960百万円,-116,-4.23,2556.179円,23759回,1361.43億円
4592,2019-12-19,2627,2718,09:04,2562,13:51,2578,4223900株,11162百万円,-51,-1.94,2642.686円,10693回,1335.02億円
4592,2019-12-20,2553,2573,09:00,2475,10:05,2495,2528900株,6340百万円,-83,-3.22,2506.907円,5746回,1292.04億円
4592,2019-12-23,2462,2528,09:14,2451,10:16,2452,1864100株,4607百万円,-43,-1.72,2471.594円,4114回,1269.77億円
4592,2019-12-24,2461,2489,13:51,2410,10:21,2473,1647800株,4031百万円,+21,+0.86,2446.041円,3726回,1280.64億円
4592,2019-12-25,2548,2720,13:35,2529,09:04,2692,7109000株,18808百万円,+219,+8.86,2645.604円,15444回,1394.05億円
4592,2019-12-26,2670,2750,09:09,2623,10:41,2628,2943000株,7852百万円,-64,-2.38,2668.12円,7143回,1360.91億円
4592,2019-12-27,2649,2659,09:00,2603,13:26,2608,1211000株,3178百万円,-20,-0.76,2624.317円,3609回,1350.55億円
4592,2019-12-30,2623,2690,10:10,2609,09:08,2633,1454700株,3853百万円,+25,+0.96,2648.462円,3832回,1363.50億円
4592,2020-01-06,2602,2640,15:00,2591,11:05,2640,841400株,2200百万円,+7,+0.27,2614.358円,2265回,1367.12億円
4592,2020-01-07,2652,2666,09:02,2640,09:07,2645,712000株,1889百万円,+5,+0.19,2652.842円,2137回,1369.71億円
4592,2020-01-08,2640,2644,09:00,2560,09:33,2600,1010000株,2623百万円,-45,-1.70,2596.962円,3182回,1346.41億円
4592,2020-01-09,2639,2655,09:10,2625,09:01,2652,687100株,1818百万円,+52,+2.00,2646.227円,1756回,1373.34億円
4592,2020-01-10,2651,2687,12:44,2647,09:28,2683,708200株,1891百万円,+31,+1.17,2669.799円,2132回,1389.39億円
4592,2020-01-14,2695,2699,09:00,2642,10:32,2654,691900株,1841百万円,-29,-1.08,2660.217円,2244回,1374.37億円
4592,2020-01-15,2668,2739,10:24,2653,09:04,2699,784000株,2114百万円,+45,+1.70,2696.746円,2696回,1397.68億円
4592,2020-01-16,2719,2719,09:00,2647,14:39,2649,576600株,1542百万円,-50,-1.85,2674.043円,1640回,1371.79億円
4592,2020-01-17,2648,2653,09:30,2616,14:07,2624,404100株,1064百万円,-25,-0.94,2632.784円,1392回,1358.84億円
4592,2020-01-20,2618,2668,15:00,2599,09:03,2668,450500株,1189百万円,+44,+1.68,2639.376円,1562回,1381.62億円
4592,2020-01-21,2661,2680,10:05,2642,14:33,2656,296600株,788百万円,-12,-0.45,2656.643円,1251回,1375.41億円
4592,2020-01-22,2637,2650,09:10,2612,14:01,2618,383100株,1005百万円,-38,-1.43,2623.651円,1057回,1355.73億円
4592,2020-01-23,2618,2650,09:03,2593,14:46,2595,364300株,951百万円,-23,-0.88,2610.698円,1181回,1343.82億円
4592,2020-01-24,2600,2606,09:00,2515,10:06,2532,531500株,1352百万円,-63,-2.43,2544.455円,1741回,1311.20億円
4592,2020-01-27,2500,2535,09:59,2490,09:02,2514,549900株,1380百万円,-18,-0.71,2509.298円,1622回,1301.88億円
4592,2020-01-28,2480,2494,09:03,2383,09:24,2434,1353200株,3274百万円,-80,-3.18,2419.718円,3156回,1260.45億円
4592,2020-01-29,2430,2467,09:04,2319,14:24,2335,1227900株,2920百万円,-99,-4.07,2377.789円,3343回,1209億円
4592,2020-01-30,2306,2359,09:05,2268,12:54,2300,1037100株,2395百万円,-35,-1.50,2309.805円,3111回,1191億円
4592,2020-01-31,2295,2334,09:03,2272,09:32,2290,537900株,1237百万円,-10,-0.43,2299.511円,1653回,1186億円
4592,2020-02-03,2202,2384,11:26,2200,09:03,2345,709200株,1627百万円,+55,+2.40,2293.852円,2370回,1214億円
4592,2020-02-04,2342,2382,09:34,2305,14:48,2313,509500株,1188百万円,-32,-1.36,2331.832円,1578回,1198億円
4592,2020-02-05,2335,2353,09:13,2315,09:49,2341,410500株,959百万円,+28,+1.21,2335.782円,1477回,1212億円
4592,2020-02-06,2348,2390,12:32,2343,09:03,2380,494700株,1171百万円,+39,+1.67,2367.988円,1729回,1232億円
4592,2020-02-07,2369,2393,09:25,2350,13:08,2373,336100株,796百万円,-7,-0.29,2369.506円,1300回,1229億円
4592,2020-02-10,2343,2348,09:00,2294,09:12,2318,354900株,823百万円,-55,-2.32,2317.583円,1302回,1200億円
4592,2020-02-12,2304,2336,12:35,2275,09:06,2329,510000株,1179百万円,+11,+0.47,2310.882円,1759回,1206億円
4592,2020-02-13,2319,2325,09:00,2292,09:07,2300,302800株,698百万円,-29,-1.25,2304.793円,1159回,1191億円
4592,2020-02-14,2280,2299,10:12,2261,12:47,2266,463400株,1053百万円,-34,-1.48,2272.884円,1490回,1173億円
4592,2020-02-17,2223,2231,09:00,2145,14:11,2157,777600株,1694百万円,-109,-4.81,2179.085円,2259回,1117億円
4592,2020-02-17,2130,2165,09:03,2011,14:19,2056,1327300株,2746百万円,-101,-4.68,2068.897円,4164回,1065億円
4592,2020-02-18,2080,2132,14:59,2076,09:46,2125,794300株,1675百万円,+69,+3.36,2109.337円,2951回,1100億円
4592,2020-02-20,2150,2156,09:00,2069,14:46,2071,576200株,1213百万円,-54,-2.54,2104.963円,2185回,1072億円
4592,2020-02-21,2050,2076,09:12,2034,10:08,2049,477100株,980百万円,-22,-1.06,2054.288円,1751回,1061億円
4592,2020-02-25,1919,2001,14:20,1919,09:06,1986,838800株,1648百万円,-63,-3.07,1964.15円,2567回,1028億円
4592,2020-02-26,1961,1982,09:18,1866,11:06,1900,974800株,1864百万円,-86,-4.33,1912.089円,2667回,984億円
4592,2020-02-27,1890,1908,09:14,1800,12:49,1821,889800株,1638百万円,-79,-4.16,1841.37円,2604回,943億円
4592,2020-02-28,1702,1793,09:37,1651,09:13,1686,1405800株,2407百万円,-135,-7.41,1711.989円,4042回,873億円
4592,2020-03-02,1652,1849,12:40,1651,09:00,1802,1037100株,1819百万円,+116,+6.88,1754.335円,3405回,933億円
4592,2020-03-03,1889,1898,09:06,1738,10:59,1742,809000株,1444百万円,-60,-3.33,1785.108円,2742回,902億円
4592,2020-03-04,1742,1840,13:44,1718,09:06,1785,606000株,1077百万円,+43,+2.47,1777.661円,2417回,924億円
4592,2020-03-05,1805,1821,09:00,1702,11:22,1727,852800株,1480百万円,-58,-3.25,1735.376円,2582回,894億円
4592,2020-03-06,1705,1722,10:40,1666,14:53,1674,618200株,1044百万円,-53,-3.07,1688.261円,1832回,867億円
4592,2020-03-06,1601,1605,09:03,1458,14:32,1478,1036600株,1576百万円,-196,-11.71,1519.993円,2918回,765億円
4592,2020-03-10,1313,1540,14:26,1313,09:15,1524,1099600株,1559百万円,+46,+3.11,1417.588円,2951回,789億円
4592,2020-03-11,1505,1561,09:12,1451,14:59,1454,453700株,679百万円,-70,-4.59,1495.788円,1465回,753億円
4592,2020-03-12,1394,1474,09:56,1351,12:37,1375,784800株,1095百万円,-79,-5.43,1394.654円,2471回,712億円
4592,2020-03-13,1225,1288,14:19,1162,12:37,1238,1178800株,1444百万円,-137,-9.96,1225.323円,3182回,641億円
4592,2020-03-16,1276,1432,11:07,1252,09:10,1324,820600株,1102百万円,+86,+6.95,1342.663円,2559回,686億円
4592,2020-03-17,1192,1297,10:32,1179,09:19,1261,1258500株,1548百万円,-63,-4.76,1229.965円,3932回,653億円
4592,2020-03-18,1286,1361,14:03,1235,14:59,1239,806600株,1054百万円,-22,-1.74,1306.227円,2423回,642億円
4592,2020-03-19,1250,1275,09:00,963,10:46,1038,1927000株,2070百万円,-201,-16.22,1074.349円,5248回,538億円
