4726,2019-08-06,2262,2264,09:01,2156,12:36,2194,109300株,240百万円,-97,-4.23,2198.445円,610回
4726,2019-08-06,2105,2143,13:17,2077,09:45,2128,96500株,204百万円,-66,-3.01,2109.874円,461回
4726,2019-08-07,2138,2149,09:03,2107,09:30,2122,64900株,138百万円,-6,-0.28,2126.948円,347回
4726,2019-08-08,2145,2145,09:00,2105,10:00,2116,51800株,110百万円,-6,-0.28,2124.431円,323回
4726,2019-08-09,2141,2177,09:07,2136,14:35,2140,45400株,98百万円,+24,+1.13,2155.791円,291回
4726,2019-08-13,2121,2161,12:35,2120,09:00,2127,68000株,145百万円,-13,-0.61,2138.234円,398回
4726,2019-08-14,2161,2168,09:02,2119,11:26,2138,29300株,63百万円,+11,+0.52,2134.638円,183回
4726,2019-08-15,2088,2107,09:09,2053,10:28,2074,65100株,135百万円,-64,-2.99,2070.441円,371回
4726,2019-08-16,2054,2072,12:49,2042,14:11,2046,55200株,113百万円,-28,-1.35,2053.312円,323回
4726,2019-08-19,2050,2062,10:34,2035,09:28,2056,33500株,69百万円,+10,+0.49,2052.087円,210回
4726,2019-08-20,2056,2109,14:59,2050,09:01,2108,57500株,120百万円,+52,+2.53,2090.591円,389回
4726,2019-08-21,2098,2098,09:00,2069,09:51,2083,29000株,60百万円,-25,-1.19,2084.565円,184回
4726,2019-08-22,2099,2125,09:03,2051,14:43,2055,34900株,73百万円,-28,-1.34,2082.014円,224回
4726,2019-08-23,2049,2050,09:00,2011,09:34,2023,56300株,114百万円,-32,-1.56,2025.814円,319回
4726,2019-08-26,2011,2089,09:03,2001,09:00,2063,121700株,250百万円,+40,+1.98,2052.007円,674回
4726,2019-08-26,2064,2074,09:04,2034,14:42,2040,80900株,166百万円,-23,-1.11,2049.617円,397回
4726,2019-08-28,2029,2045,09:10,1966,13:50,1980,97400株,194百万円,-60,-2.94,1993.263円,559回
4726,2019-08-29,1981,2007,09:05,1953,12:56,1968,62700株,124百万円,-12,-0.61,1976.896円,407回
4726,2019-08-30,1984,2040,14:33,1970,09:01,2032,86500株,175百万円,+64,+3.25,2018.17円,431回
4726,2019-09-02,2034,2044,09:19,1993,10:23,2016,56700株,114百万円,-16,-0.79,2018.755円,318回
4726,2019-09-03,2009,2034,11:08,1995,09:01,2023,61900株,125百万円,+7,+0.35,2016.942円,376回
4726,2019-09-03,2010,2033,10:40,1996,09:44,2004,37500株,75百万円,-19,-0.94,2012.184円,227回
4726,2019-09-05,2021,2034,12:30,1995,09:01,2021,60100株,122百万円,+17,+0.85,2021.784円,328回
4726,2019-09-05,2034,2038,13:09,2008,09:09,2016,70000株,142百万円,-5,-0.25,2024.67円,417回
4726,2019-09-07,2021,2063,10:44,2021,09:00,2046,69600株,143百万円,+30,+1.49,2047.431円,393回
4726,2019-09-10,2050,2056,09:02,2016,14:43,2020,55400株,113百万円,-26,-1.27,2032.458円,358回
4726,2019-09-11,2018,2039,13:56,1979,09:05,2037,63900株,129百万円,+17,+0.84,2016.839円,364回
4726,2019-09-12,2049,2057,09:01,2025,12:37,2029,53800株,110百万円,-8,-0.39,2039.511円,283回
4726,2019-09-13,2023,2039,09:36,2005,12:48,2013,72300株,146百万円,-16,-0.79,2018.321円,301回
4726,2019-09-17,2015,2036,09:25,2005,09:01,2018,46000株,93百万円,+5,+0.25,2021.03円,222回
4726,2019-09-17,2026,2078,12:39,2021,09:00,2055,107300株,220百万円,+37,+1.83,2052.747円,577回,463.45億円
4726,2019-09-19,2051,2109,10:11,2043,09:01,2100,86600株,181百万円,+45,+2.19,2092.232円,465回,473.60億円
4726,2019-09-20,2100,2143,10:30,2059,14:58,2080,284900株,595百万円,-20,-0.95,2086.931円,778回,469.30億円
4726,2019-09-24,2080,2095,09:04,2060,09:46,2084,65000株,135百万円,+4,+0.19,2079.305円,322回,470.20億円
4726,2019-09-25,2084,2084,09:00,2041,12:39,2058,60600株,125百万円,-26,-1.25,2058.934円,386回,464.34億円
4726,2019-09-26,2091,2146,12:41,2081,14:58,2089,125300株,265百万円,+31,+1.51,2117.109円,633回,471.33億円
4726,2019-09-27,2114,2128,09:00,2015,12:34,2042,107700株,220百万円,-47,-2.25,2046.646円,521回,460.73億円
4726,2019-09-30,2012,2012,09:00,1950,13:34,1962,136500株,269百万円,-80,-3.92,1973.655円,594回,442.68億円
4726,2019-10-01,1971,2031,11:04,1971,09:00,2028,73600株,148百万円,+66,+3.36,2012.139円,360回,457.57億円
4726,2019-10-02,2000,2017,09:51,1985,14:59,1985,51800株,103百万円,-43,-2.12,1997.261円,275回,447.87億円
4726,2019-10-03,1957,1957,09:00,1931,09:50,1953,72100株,140百万円,-32,-1.61,1944.669円,374回,440.65億円
4726,2019-10-04,1963,1994,09:00,1955,09:51,1969,32000株,63百万円,+16,+0.82,1968.897円,180回,444.26億円
4726,2019-10-07,1968,1975,13:34,1947,09:24,1964,27100株,53百万円,-5,-0.25,1962.779円,167回,443.13億円
4726,2019-10-08,1962,1984,13:04,1955,09:15,1984,45300株,89百万円,+20,+1.02,1974.311円,256回,447.64億円
4726,2019-10-09,1970,1998,12:35,1936,09:01,1990,55600株,110百万円,+6,+0.30,1975.541円,363回,449.00億円
4726,2019-10-10,2000,2000,09:00,1944,09:40,1965,53800株,106百万円,-25,-1.26,1965.309円,254回,443.36億円
4726,2019-10-11,1970,1970,09:00,1944,09:22,1944,35000株,68百万円,-21,-1.07,1949.529円,203回,438.62億円
4726,2019-10-15,1970,1970,09:00,1944,09:33,1957,59300株,116百万円,+13,+0.67,1958.273円,311回,441.55億円
4726,2019-10-16,1975,2000,09:15,1957,12:50,1959,49000株,97百万円,+2,+0.10,1972.694円,287回,442.00億円
4726,2019-10-17,1943,1954,09:58,1923,09:43,1941,48000株,93百万円,-18,-0.92,1939.06円,283回,437.94億円
4726,2019-10-18,1939,1939,09:00,1903,12:42,1922,85600株,164百万円,-19,-0.98,1920.703円,449回,433.69億円
4726,2019-10-21,1921,1933,14:51,1905,09:00,1926,43600株,84百万円,+4,+0.21,1921.777円,240回,434.59億円
4726,2019-10-23,1926,1937,14:53,1896,09:30,1934,49800株,95百万円,+8,+0.42,1915.99円,285回,436.40億円
4726,2019-10-24,1939,1943,13:14,1922,10:47,1936,34200株,66百万円,+2,+0.10,1935.029円,206回,436.85億円
4726,2019-10-25,1944,1966,09:12,1929,10:57,1936,76200株,148百万円,0,0,1946.784円,370回,436.85億円
4726,2019-10-28,1896,1920,09:41,1894,09:00,1903,80500株,153百万円,-33,-1.70,1905.938円,355回,429.40億円
4726,2019-10-29,1943,1943,09:01,1852,09:12,1888,225400株,426百万円,-15,-0.79,1892.074円,1080回,426.02億円
4726,2019-10-30,1982,2133,14:41,1968,09:06,2093,575900株,1179百万円,+205,+10.86,2048.032円,2393回,472.28億円
4726,2019-10-31,2105,2139,09:04,2024,12:33,2089,243600株,507百万円,-4,-0.19,2079.367円,1240回,471.37億円
4726,2019-11-01,2068,2130,09:28,2038,13:42,2048,162300株,338百万円,-41,-1.96,2081.731円,898回,462.12億円
4726,2019-11-05,2045,2067,12:30,2024,09:20,2045,147300株,302百万円,-3,-0.15,2047.911円,729回,461.45億円
4726,2019-11-07,1981,2015,12:51,1971,09:16,2006,58700株,117百万円,+4,+0.20,1994.601円,283回,452.65億円
4726,2019-11-08,2035,2035,09:00,1941,13:37,1968,125000株,248百万円,-38,-1.89,1982.122円,666回,444.07億円
4726,2019-11-11,1987,1993,09:17,1943,12:36,1948,72900株,143百万円,-20,-1.02,1955.882円,405回,439.56億円
4726,2019-11-12,1950,1985,09:30,1950,09:00,1976,47500株,94百万円,+28,+1.44,1970.295円,241回,445.88億円
4726,2019-11-13,1975,2047,14:25,1950,09:08,2033,101900株,205百万円,+57,+2.88,2008.709円,566回,458.74億円
4726,2019-11-14,2031,2047,10:49,1992,09:15,2031,66000株,134百万円,-2,-0.10,2024.986円,402回,458.29億円
4726,2019-11-15,2030,2088,13:36,2011,09:00,2081,110900株,230百万円,+50,+2.46,2069.746円,505回,469.57億円
4726,2019-11-18,2058,2100,12:38,2058,09:00,2080,65900株,137百万円,-1,-0.05,2082.064円,307回,469.34億円
4726,2019-11-19,2097,2108,13:51,2066,09:57,2102,52700株,110百万円,+22,+1.06,2093.854円,231回,474.31億円
4726,2019-11-20,2080,2088,09:12,2050,12:30,2081,64000株,132百万円,-21,-1.00,2069.022円,249回,469.96億円
4726,2019-11-21,2068,2090,14:53,2047,09:44,2087,55700株,115百万円,+6,+0.29,2068.16円,251回,471.32億円
4726,2019-11-22,2085,2121,10:31,2080,09:03,2095,56100株,118百万円,+8,+0.38,2102.472円,326回,473.13億円
4726,2019-11-25,2135,2135,09:00,2096,14:59,2101,37100株,78百万円,+6,+0.29,2114.523円,178回,474.48億円
4726,2019-11-26,2117,2120,14:12,2073,09:05,2118,75400株,158百万円,+17,+0.81,2100.237円,365回,478.32億円
4726,2019-11-27,2122,2139,13:57,2102,09:39,2123,88600株,188百万円,+5,+0.24,2121.983円,388回,479.45億円
4726,2019-11-28,2073,2080,09:02,2036,14:25,2037,94600株,195百万円,-86,-4.05,2058.087円,400回,460.03億円
4726,2019-11-29,2040,2041,09:00,1971,12:45,1999,173500株,346百万円,-38,-1.87,1993.805円,896回,451.45億円
4726,2019-12-02,2000,2025,09:03,1979,14:04,1991,66000株,132百万円,-8,-0.40,1997.35円,357回,449.64億円
4726,2019-12-03,1975,2020,12:55,1960,09:07,1999,48700株,97百万円,+8,+0.40,1995.678円,249回,451.45億円
4726,2019-12-05,1991,1991,09:00,1960,12:35,1962,57900株,114百万円,-22,-1.11,1966.718円,313回,443.09億円
4726,2019-12-06,1972,1996,14:03,1954,09:01,1993,76300株,151百万円,+31,+1.58,1977.568円,365回,450.09億円
4726,2019-12-09,1990,1999,09:00,1972,10:49,1998,46800株,93百万円,+5,+0.25,1983.538円,201回,451.22億円
4726,2019-12-10,1998,2025,09:10,1973,14:13,1982,96700株,193百万円,-16,-0.80,1993.324円,414回,447.61億円
4726,2019-12-13,1981,1981,09:00,1934,09:00,1946,77400株,151百万円,-18,-0.92,1949.857円,378回,439.48億円
4726,2019-12-16,1946,1957,09:16,1933,13:12,1935,45400株,88百万円,-11,-0.57,1942.586円,200回,436.99億円
4726,2019-12-17,1934,1970,15:00,1923,09:07,1970,58500株,114百万円,+35,+1.81,1949.803円,294回,444.90億円
4726,2019-12-18,1960,1960,09:00,1931,12:36,1936,62400株,121百万円,-34,-1.73,1940.288円,276回,437.22億円
4726,2019-12-19,1927,1951,10:27,1927,09:00,1942,48100株,93百万円,+6,+0.31,1940.534円,255回,438.57億円
4726,2019-12-20,1950,1954,14:04,1929,11:28,1945,74300株,144百万円,+3,+0.15,1942.098円,300回,440.72億円
4726,2019-12-23,1946,1960,09:17,1930,15:00,1930,28100株,55百万円,-15,-0.77,1939.943円,149回,437.32億円
4726,2019-12-24,1949,1976,14:35,1939,09:02,1975,82900株,163百万円,+45,+2.33,1961.773円,278回,447.52億円
4726,2019-12-25,1941,1970,09:00,1941,09:00,1945,83300株,162百万円,-30,-1.52,1948.933円,349回,440.72億円
4726,2019-12-26,1960,2017,14:29,1960,09:00,2016,129400株,259百万円,+71,+3.65,1998.124円,587回,456.81億円
4726,2019-12-27,2028,2050,14:21,2021,09:00,2049,114200株,232百万円,+33,+1.64,2034.545円,348回,464.29億円
4726,2019-12-30,2047,2047,09:00,1993,09:33,2018,71000株,143百万円,-31,-1.51,2016.196円,380回,457.26億円
4726,2020-01-06,2017,2044,09:03,2005,09:00,2024,106400株,216百万円,+6,+0.30,2026.255円,587回,458.62億円
4726,2020-01-07,2030,2086,09:27,2030,09:00,2073,113500株,235百万円,+49,+2.42,2069.067円,512回,469.73億円
4726,2020-01-08,2060,2068,09:14,2027,09:54,2037,109600株,224百万円,-36,-1.74,2043.753円,524回,461.57億円
4726,2020-01-09,2087,2153,14:10,2083,09:00,2135,212500株,452百万円,+98,+4.81,2127.178円,848回,483.77億円
4726,2020-01-10,2160,2243,14:28,2160,09:00,2239,221100株,490百万円,+104,+4.87,2217.242円,994回,507.34億円
4726,2020-01-14,2300,2358,09:23,2235,13:28,2262,234400株,538百万円,+23,+1.03,2294.046円,1079回,512.55億円
4726,2020-01-15,2255,2298,09:42,2255,09:00,2273,118500株,270百万円,+11,+0.49,2274.457円,625回,515.04億円
4726,2020-01-16,2289,2311,09:06,2260,12:33,2275,116000株,265百万円,+2,+0.09,2286.507円,547回,515.50億円
4726,2020-01-17,2300,2305,14:20,2238,09:02,2295,108700株,249百万円,+20,+0.88,2286.789円,571回,520.03億円
4726,2020-01-20,2298,2321,10:15,2270,12:32,2297,98400株,226百万円,+2,+0.09,2301.636円,468回,520.55億円
4726,2020-01-21,2315,2327,09:42,2304,09:00,2309,70900株,164百万円,+12,+0.52,2315.12円,371回,523.27億円
4726,2020-01-22,2330,2359,10:42,2319,09:01,2327,98300株,230百万円,+18,+0.78,2338.639円,465回,527.35億円
4726,2020-01-23,2292,2317,10:34,2276,09:21,2288,67400株,155百万円,-39,-1.68,2294.545円,352回,518.51億円
4726,2020-01-24,2274,2289,09:11,2189,11:05,2227,100400株,223百万円,-61,-2.67,2223.961円,518回,504.69億円
4726,2020-01-27,2190,2218,09:18,2178,09:01,2190,89600株,197百万円,-37,-1.66,2194.827円,466回,496.30億円
4726,2020-01-28,2186,2214,09:07,2165,09:01,2185,77500株,169百万円,-5,-0.23,2184.604円,337回,495.17億円
4726,2020-01-29,2205,2206,09:00,2145,09:55,2160,56500株,122百万円,-25,-1.14,2166.595円,326回,490億円
4726,2020-01-30,2186,2190,09:03,2104,14:22,2135,140700株,301百万円,-25,-1.16,2135.782円,671回,484億円
4726,2020-01-31,2391,2474,09:15,2372,09:25,2423,371800株,901百万円,+288,+13.49,2423.837円,1705回,549億円
4726,2020-02-03,2337,2424,14:00,2332,09:03,2402,124000株,296百万円,-21,-0.87,2389.377円,612回,544億円
4726,2020-02-04,2369,2421,14:48,2348,09:01,2417,128400株,308百万円,+15,+0.62,2395.176円,773回,548億円
4726,2020-02-05,2419,2438,09:01,2378,09:48,2418,67600株,163百万円,+1,+0.04,2408.985円,396回,548億円
4726,2020-02-06,2444,2455,09:00,2391,13:36,2399,101900株,246百万円,-19,-0.79,2411.521円,517回,544億円
4726,2020-02-07,2390,2439,14:00,2372,09:38,2427,84400株,203百万円,+28,+1.17,2410.62円,476回,550億円
4726,2020-02-10,2418,2428,09:02,2384,12:48,2388,62500株,150百万円,-39,-1.61,2399.261円,300回,541億円
4726,2020-02-10,2414,2439,11:23,2384,09:49,2433,70000株,169百万円,+45,+1.88,2419.95円,368回,551億円
4726,2020-02-13,2440,2440,09:00,2402,09:40,2438,56800株,138百万円,+5,+0.21,2427.239円,352回,553億円
4726,2020-02-14,2413,2432,09:11,2386,13:55,2392,50200株,121百万円,-46,-1.89,2400.797円,291回,542億円
