4751,2019-08-06,4375,4415,09:27,4250,12:30,4335,986100株,4266百万円,-110,-2.47,4326.468円,2198回
4751,2019-08-06,4195,4385,12:31,4170,09:05,4380,764200株,3300百万円,+45,+1.04,4318.68円,1792回
4751,2019-08-07,4415,4425,09:00,4250,11:21,4365,993400株,4295百万円,-15,-0.34,4323.416円,2170回
4751,2019-08-08,4420,4565,12:36,4385,09:02,4515,1451100株,6533百万円,+150,+3.44,4502.364円,2627回
4751,2019-08-09,4560,4615,10:07,4445,14:58,4470,1278700株,5787百万円,-45,-1.00,4525.634円,2292回
4751,2019-08-13,4430,4530,12:50,4425,09:00,4515,856100株,3846百万円,+45,+1.01,4492.438円,2048回
4751,2019-08-14,4565,4580,09:00,4455,10:18,4540,676300株,3046百万円,+25,+0.55,4503.796円,1411回
4751,2019-08-15,4400,4430,09:09,4330,13:51,4330,929600株,4059百万円,-210,-4.63,4366.373円,1806回
4751,2019-08-16,4345,4440,14:34,4305,09:16,4420,832500株,3655百万円,+90,+2.08,4390.647円,1742回
4751,2019-08-19,4400,4435,09:00,4375,09:48,4420,829500株,3658百万円,0,0,4409.734円,1717回
4751,2019-08-20,4435,4500,09:33,4410,09:00,4475,741300株,3311百万円,+55,+1.24,4466.597円,1544回
4751,2019-08-21,4470,4715,14:58,4430,09:01,4710,1481400株,6832百万円,+235,+5.25,4611.719円,2890回
4751,2019-08-22,4710,4735,09:00,4520,12:59,4600,1371300株,6311百万円,-110,-2.34,4601.916円,2909回
4751,2019-08-23,4540,4665,12:32,4515,09:09,4635,921700株,4248百万円,+35,+0.76,4608.917円,2016回
4751,2019-08-26,4505,4610,13:28,4500,09:03,4585,699800株,3198百万円,-50,-1.08,4570.386円,1647回
4751,2019-08-26,4630,4705,15:00,4625,09:00,4705,663600株,3106百万円,+120,+2.62,4679.937円,1197回
4751,2019-08-28,4685,4685,09:00,4615,09:46,4680,580000株,2703百万円,-25,-0.53,4660.387円,1501回
4751,2019-08-29,4635,4680,09:03,4575,11:23,4640,676500株,3128百万円,-40,-0.85,4624.336円,1446回
4751,2019-08-30,4690,4800,14:42,4675,09:02,4790,983300株,4686百万円,+150,+3.23,4765.447円,1753回
4751,2019-09-02,4840,4875,09:01,4755,09:12,4775,588200株,2816百万円,-15,-0.31,4788.037円,1243回
4751,2019-09-03,4775,4795,09:45,4695,11:20,4725,572900株,2714百万円,-50,-1.05,4736.883円,1216回
4751,2019-09-03,4720,4720,09:00,4615,09:45,4640,610900株,2846百万円,-85,-1.80,4658.758円,1490回
4751,2019-09-05,4690,4725,09:09,4455,14:35,4460,1995400株,9056百万円,-180,-3.88,4538.26円,3687回
4751,2019-09-05,4450,4520,10:39,4385,09:24,4400,1544700株,6847百万円,-60,-1.35,4432.337円,3067回
4751,2019-09-07,4400,4405,09:09,4310,11:00,4335,1046200株,4550百万円,-65,-1.48,4348.648円,2075回
4751,2019-09-10,4360,4360,09:00,4160,14:36,4165,1782600株,7516百万円,-170,-3.92,4216.188円,3146回
4751,2019-09-11,4150,4185,12:54,4075,09:04,4150,1786000株,7388百万円,-15,-0.36,4136.507円,3532回
4751,2019-09-12,4200,4200,09:00,4140,09:20,4165,1217100株,5069百万円,+15,+0.36,4164.781円,1957回
4751,2019-09-13,4070,4095,09:05,3955,11:18,4015,2395800株,9644百万円,-150,-3.60,4025.406円,3664回
4751,2019-09-17,4025,4165,12:40,4000,10:32,4150,2037200株,8323百万円,+135,+3.36,4085.728円,3610回
4751,2019-09-17,4175,4230,10:26,4115,09:29,4210,1458000株,6111百万円,+60,+1.45,4191.673円,2835回,5322.56億円
4751,2019-09-19,4250,4315,10:23,4200,14:33,4205,1152500株,4888百万円,-5,-0.12,4241.414円,2152回,5316.24億円
4751,2019-09-20,4200,4350,10:24,4185,09:01,4310,1316900株,5659百万円,+105,+2.50,4297.452円,2145回,5448.99億円
4751,2019-09-24,4310,4405,09:17,4290,14:13,4325,920300株,3997百万円,+15,+0.35,4342.921円,1875回,5467.95億円
4751,2019-09-25,4310,4410,13:52,4305,09:00,4390,718400株,3140百万円,+65,+1.50,4370.421円,1584回,5550.13億円
4751,2019-09-26,4430,4510,09:48,4375,14:59,4385,1299900株,5752百万円,-5,-0.11,4425.102円,2344回,5543.81億円
4751,2019-09-27,4375,4435,09:28,4290,14:28,4295,1221400株,5301百万円,-90,-2.05,4340.273円,2382回,5430.02億円
4751,2019-09-30,4260,4355,09:21,4140,14:53,4150,1375300株,5780百万円,-145,-3.38,4202.738円,2466回,5246.70億円
4751,2019-10-01,4120,4325,12:41,4105,09:00,4275,1256100株,5341百万円,+125,+3.01,4252.049円,2447回,5404.74億円
4751,2019-10-02,4210,4230,09:14,4115,11:13,4145,1365500株,5682百万円,-130,-3.04,4160.756円,2414回,5240.38億円
4751,2019-10-03,4045,4065,09:05,3990,10:53,4055,1204500株,4855百万円,-90,-2.17,4030.723円,2310回,5126.60億円
4751,2019-10-04,4080,4125,09:05,4010,10:22,4100,939300株,3830百万円,+45,+1.11,4077.014円,1918回,5183.49億円
4751,2019-10-07,4120,4155,13:48,4050,10:06,4150,611600株,2517百万円,+50,+1.22,4116.077円,1326回,5246.70億円
4751,2019-10-08,4120,4150,09:36,4090,10:14,4090,845100株,3472百万円,-60,-1.45,4107.846円,1735回,5170.85億円
4751,2019-10-09,4020,4055,09:09,3965,10:34,4020,1335700株,5358百万円,-70,-1.71,4011.545円,2365回,5082.35億円
4751,2019-10-10,4050,4060,09:00,3970,13:48,3985,800500株,3200百万円,-35,-0.87,3997.306円,1362回,5038.10億円
4751,2019-10-11,4020,4020,09:00,3965,10:37,3995,949500株,3794百万円,+10,+0.25,3995.771円,1677回,5050.74億円
4751,2019-10-15,4055,4060,09:00,3910,10:06,4040,1547500株,6164百万円,+45,+1.13,3982.944円,2658回,5107.63億円
4751,2019-10-16,4150,4240,09:48,4090,13:14,4095,1285800株,5338百万円,+55,+1.36,4151.185円,2685回,5177.17億円
4751,2019-10-17,4085,4115,10:54,4035,09:29,4070,486600株,1985百万円,-25,-0.61,4078.944円,1034回,5145.56億円
4751,2019-10-18,4100,4135,14:00,4050,12:35,4125,795200株,3262百万円,+55,+1.35,4102.619円,1528回,5215.10億円
4751,2019-10-21,4100,4120,09:00,4045,10:13,4055,537100株,2182百万円,-70,-1.70,4063.229円,1112回,5126.60億円
4751,2019-10-23,4115,4120,09:00,4015,13:02,4050,917900株,3728百万円,-5,-0.12,4061.624円,1990回,5120.28億円
4751,2019-10-24,4030,4050,09:00,3985,10:19,4000,761300株,3049百万円,-50,-1.23,4004.672円,1794回,5057.06億円
4751,2019-10-25,4025,4090,09:29,4020,09:00,4085,1279000株,5193百万円,+85,+2.13,4060.332円,1956回,5164.53億円
4751,2019-10-28,4100,4185,12:30,4085,09:02,4110,930700株,3854百万円,+25,+0.61,4140.772円,1482回,5196.13億円
4751,2019-10-29,4120,4165,09:40,4115,09:00,4150,1032600株,4278百万円,+40,+0.97,4143.219円,1629回,5246.70億円
4751,2019-10-30,4085,4110,09:00,4000,13:37,4025,1763000株,7122百万円,-125,-3.01,4039.873円,3029回,5088.67億円
4751,2019-10-31,3745,3775,09:11,3530,14:55,3530,3932900株,14233百万円,-495,-12.30,3618.834円,5972回,4462.86億円
4751,2019-11-01,3530,3555,09:04,3450,14:12,3455,2202300株,7697百万円,-75,-2.12,3494.972円,3091回,4368.04億円
4751,2019-11-05,3455,3590,09:32,3455,09:00,3510,1854200株,6514百万円,+55,+1.59,3513.302円,3131回,4437.57億円
4751,2019-11-07,3570,3720,13:04,3560,09:00,3685,1597100株,5858百万円,+105,+2.93,3667.797円,2902回,4658.82億円
4751,2019-11-08,3780,3825,12:47,3730,09:10,3785,1807800株,6829百万円,+100,+2.71,3777.391円,2806回,4785.25億円
4751,2019-11-11,3740,3760,09:55,3610,14:00,3620,2531500株,9321百万円,-165,-4.36,3681.822円,3422回,4576.64億円
4751,2019-11-12,3550,3665,14:13,3510,09:05,3650,2324700株,8370百万円,+30,+0.83,3600.368円,3762回,4614.57億円
4751,2019-11-13,3650,3660,09:11,3560,13:55,3565,1519500株,5461百万円,-85,-2.33,3593.891円,2217回,4507.11億円
4751,2019-11-14,3585,3650,09:11,3520,13:41,3525,1302300株,4662百万円,-40,-1.12,3579.855円,2315回,4456.54億円
4751,2019-11-15,3560,3630,10:23,3530,09:02,3565,982400株,3522百万円,+40,+1.13,3585.029円,1889回,4507.11億円
4751,2019-11-18,3580,3610,09:02,3545,14:00,3560,633500株,2260百万円,-5,-0.14,3567.029円,1162回,4500.79億円
4751,2019-11-19,3540,3555,09:00,3400,14:35,3405,1841300株,6361百万円,-155,-4.35,3454.803円,3087回,4304.83億円
4751,2019-11-20,3380,3480,12:45,3370,09:00,3475,1170400株,4034百万円,+70,+2.06,3446.715円,1997回,4393.32億円
4751,2019-11-21,3465,3520,09:15,3425,10:51,3515,1089800株,3800百万円,+40,+1.15,3487.262円,1921回,4443.89億円
4751,2019-11-22,3470,3540,09:38,3470,09:00,3515,698100株,2452百万円,0,0,3512.064円,1210回,4443.89億円
4751,2019-11-25,3560,3635,10:12,3540,09:08,3615,1235400株,4453百万円,+100,+2.84,3604.391円,1953回,4570.32億円
4751,2019-11-26,3635,3735,12:48,3635,09:00,3695,2198500株,8131百万円,+80,+2.21,3698.311円,2669回,4671.46億円
4751,2019-11-27,3710,3775,09:07,3700,10:10,3730,1327400株,4957百万円,+35,+0.95,3734.36円,2205回,4715.71億円
4751,2019-11-28,3790,3815,09:03,3740,09:15,3785,1136500株,4299百万円,+55,+1.47,3782.341円,1980回,4785.25億円
4751,2019-11-29,3815,3845,09:05,3765,13:59,3780,1072700株,4084百万円,-5,-0.13,3807.283円,1451回,4778.93億円
4751,2019-12-02,3775,3855,10:02,3775,09:00,3830,726100株,2782百万円,+50,+1.32,3831.738円,1339回,4842.14億円
4751,2019-12-03,3775,3795,09:43,3730,14:51,3740,1068600株,4009百万円,-90,-2.35,3752.042円,1848回,4728.35億円
4751,2019-12-05,3740,3890,12:41,3740,09:00,3880,1578800株,6082百万円,+110,+2.92,3852.065円,2301回,4905.35億円
4751,2019-12-06,3855,3900,11:04,3820,09:11,3845,940700株,3627百万円,-35,-0.90,3855.865円,1657回,4861.10億円
4751,2019-12-09,3870,3885,09:00,3820,09:34,3855,685900株,2644百万円,+10,+0.26,3854.929円,1136回,4873.75億円
4751,2019-12-10,3835,3865,09:31,3735,12:34,3745,1042000株,3928百万円,-110,-2.85,3769.258円,1726回,4734.68億円
4751,2019-12-13,3870,3950,13:05,3860,09:00,3870,1510100株,5881百万円,+70,+1.84,3894.718円,2325回,4892.71億円
4751,2019-12-16,3870,3905,09:14,3845,09:02,3885,505700株,1965百万円,+15,+0.39,3885.257円,1225回,4911.67億円
4751,2019-12-17,3885,3930,12:36,3855,10:25,3895,735700株,2864百万円,+10,+0.26,3893.433円,1045回,4924.32億円
4751,2019-12-18,3895,3930,10:26,3780,13:52,3815,922600株,3544百万円,-80,-2.05,3841.017円,1615回,4823.17億円
4751,2019-12-19,3860,3880,09:02,3795,10:40,3820,725500株,2781百万円,+5,+0.13,3833.036円,1170回,4829.50億円
4751,2019-12-20,3815,3865,14:03,3800,09:00,3840,924000株,3545百万円,+20,+0.52,3836.94円,1526回,4854.78億円
4751,2019-12-23,3890,3895,09:00,3765,12:40,3785,894300株,3399百万円,-55,-1.43,3800.986円,1203回,4785.25億円
4751,2019-12-24,3810,3820,09:01,3745,09:41,3805,571800株,2167百万円,+20,+0.53,3789.95円,936回,4810.53億円
4751,2019-12-25,3840,3840,09:00,3740,14:12,3745,525600株,1980百万円,-60,-1.58,3767.09円,995回,4734.68億円
4751,2019-12-26,3720,3790,12:52,3690,09:30,3785,586000株,2198百万円,+40,+1.07,3751.018円,961回,4785.25億円
4751,2019-12-27,3830,3885,10:17,3815,09:06,3830,851400株,3272百万円,+45,+1.19,3843.181円,1257回,4842.14億円
4751,2019-12-30,3830,3860,09:33,3810,09:09,3815,619000株,2370百万円,-15,-0.39,3828.669円,875回,4823.17億円
4751,2020-01-06,3740,3775,09:50,3695,12:55,3710,817500株,3044百万円,-105,-2.75,3723.864円,1366回,4690.43億円
4751,2020-01-07,3710,3755,09:44,3700,09:04,3710,693000株,2577百万円,0,0,3718.24円,1210回,4690.43億円
4751,2020-01-08,3640,3705,12:33,3575,09:43,3695,1254800株,4570百万円,-15,-0.40,3642.011円,1867回,4671.46億円
4751,2020-01-09,3765,3950,14:44,3760,09:00,3945,1725300株,6698百万円,+250,+6.77,3881.935円,2472回,4987.53億円
4751,2020-01-10,3950,3950,09:00,3850,09:55,3910,910200株,3551百万円,-35,-0.89,3901.312円,1255回,4943.28億円
4751,2020-01-14,3995,4015,09:06,3920,14:30,3935,788400株,3120百万円,+25,+0.64,3956.86円,1399回,4974.89億円
4751,2020-01-15,3900,3935,10:04,3865,12:34,3890,794100株,3089百万円,-45,-1.14,3890.449円,1500回,4917.99億円
4751,2020-01-16,3930,3930,09:00,3765,13:33,3770,1029200株,3925百万円,-120,-3.08,3813.753円,1763回,4766.28億円
4751,2020-01-17,3750,3780,09:04,3650,10:51,3675,1320900株,4873百万円,-95,-2.52,3689.135円,2021回,4646.18億円
4751,2020-01-20,3700,3830,09:27,3700,09:00,3800,951500株,3612百万円,+125,+3.40,3796.463円,1491回,4804.21億円
4751,2020-01-21,3770,3840,13:41,3770,09:00,3840,554100株,2116百万円,+40,+1.05,3819.64円,1072回,4854.78億円
4751,2020-01-22,3795,3860,14:40,3760,09:02,3850,718800株,2746百万円,+10,+0.26,3820.317円,1117回,4867.42億円
4751,2020-01-23,3810,3820,09:00,3750,14:32,3755,727800株,2750百万円,-95,-2.47,3778.222円,1458回,4747.32億円
4751,2020-01-24,3750,3815,14:59,3690,09:04,3815,911300株,3439百万円,+60,+1.60,3773.93円,1427回,4823.17億円
4751,2020-01-27,3750,3845,13:43,3740,09:00,3820,672900株,2564百万円,+5,+0.13,3810.657円,1495回,4829.50億円
4751,2020-01-28,3785,3820,09:26,3725,12:39,3730,895100株,3359百万円,-90,-2.36,3752.885円,1641回,4715.71億円
4751,2020-01-29,3720,3745,09:38,3665,14:59,3665,1085200株,4015百万円,-65,-1.74,3699.947円,1843回,4634億円
4751,2020-01-30,4180,4280,10:24,4020,09:33,4245,5755700株,24077百万円,+580,+15.83,4183.214円,8163回,5367億円
4751,2020-01-31,4240,4440,13:58,4230,09:00,4415,2483700株,10812百万円,+170,+4.00,4353.008円,4360回,5582億円
4751,2020-02-03,4300,4415,10:41,4285,09:03,4390,1666500株,7267百万円,-25,-0.57,4360.744円,3125回,5550億円
4751,2020-02-04,4345,4510,10:57,4345,09:00,4455,1201700株,5358百万円,+65,+1.48,4458.898円,1992回,5632億円
4751,2020-02-05,4460,4485,09:00,4405,14:33,4415,969600株,4303百万円,-40,-0.90,4437.596円,1638回,5582億円
4751,2020-02-06,4375,4435,13:31,4300,09:03,4400,1396700株,6115百万円,-15,-0.34,4378.436円,2371回,5563億円
4751,2020-02-07,4410,4420,09:10,4320,11:25,4375,784300株,3424百万円,-25,-0.57,4365.159円,1541回,5531億円
4751,2020-02-10,4415,4415,09:00,4300,13:46,4305,701300株,3038百万円,-70,-1.60,4331.653円,1452回,5443億円
4751,2020-02-10,4340,4375,10:14,4305,11:28,4365,889400株,3866百万円,+60,+1.39,4347.148円,1908回,5519億円
4751,2020-02-13,4350,4395,09:03,4270,13:53,4330,834500株,3611百万円,-35,-0.80,4327.63円,1461回,5474億円
4751,2020-02-14,4275,4340,09:04,4215,12:32,4255,948500株,4033百万円,-75,-1.73,4251.965円,1428回,5379億円
4751,2020-02-17,4210,4230,09:00,4125,10:13,4220,966200株,4042百万円,-35,-0.82,4183.498円,2096回,5335億円
4751,2020-02-17,4285,4380,09:04,4265,09:00,4345,1929300株,8366百万円,+125,+2.96,4336.172円,2625回,5493億円
4751,2020-02-18,4400,4445,09:00,4300,10:11,4340,1379700株,6010百万円,-5,-0.12,4355.666円,2266回,5487億円
4751,2020-02-20,4375,4445,11:02,4355,09:00,4410,965700株,4252百万円,+70,+1.61,4403.339円,1793回,5575億円
4751,2020-02-21,4395,4410,09:00,4335,14:27,4350,790300株,3445百万円,-60,-1.36,4358.487円,1518回,5500億円
4751,2020-02-25,4270,4345,12:56,4235,09:03,4330,1148700株,4954百万円,-20,-0.46,4312.31円,2411回,5474億円
4751,2020-02-26,4235,4245,09:03,4160,09:37,4195,1440900株,6048百万円,-135,-3.12,4197.717円,2579回,5304億円
4751,2020-02-27,4230,4245,09:01,4145,13:57,4165,1302600株,5443百万円,-30,-0.72,4178.575円,2182回,5266億円
4751,2020-02-28,4050,4155,09:35,4050,09:03,4095,1822400株,7463百万円,-70,-1.68,4095.255円,3208回,5177億円
4751,2020-03-02,4040,4225,12:38,3995,09:47,4145,1951300株,8043百万円,+50,+1.22,4121.938円,3282回,5240億円
4751,2020-03-03,4115,4165,13:16,3945,09:10,4095,1835200株,7482百万円,-50,-1.21,4077.013円,3350回,5177億円
4751,2020-03-04,4050,4180,13:04,4000,09:02,4170,1267200株,5220百万円,+75,+1.83,4119.555円,2632回,5272億円
4751,2020-03-05,4210,4220,09:00,4115,09:04,4135,1104900株,4593百万円,-35,-0.84,4157.095円,2536回,5228億円
4751,2020-03-06,4065,4090,09:02,4000,11:03,4085,1002000株,4064百万円,-50,-1.21,4055.515円,1889回,5165億円
4751,2020-03-06,3930,3940,09:06,3755,14:35,3760,1900400株,7280百万円,-325,-7.96,3830.699円,3106回,4754億円
4751,2020-03-10,3690,4035,13:28,3560,09:11,4000,2481700株,9620百万円,+240,+6.38,3876.275円,4967回,5057億円
4751,2020-03-11,4010,4090,09:13,3915,11:16,3935,1595800株,6325百万円,-65,-1.63,3963.268円,3433回,4975億円
4751,2020-03-12,3890,3975,09:16,3715,12:37,3800,2058000株,7836百万円,-135,-3.43,3807.378円,4203回,4804億円
4751,2020-03-13,3600,3910,14:38,3475,11:00,3785,3464200株,12801百万円,-15,-0.39,3695.242円,6177回,4785億円
4751,2020-03-16,3780,3850,09:00,3590,14:45,3610,2079600株,7646百万円,-175,-4.62,3676.487円,4721回,4564億円
4751,2020-03-17,3530,3755,13:54,3505,09:06,3720,2023700株,7384百万円,+110,+3.05,3648.678円,5041回,4703億円
4751,2020-03-18,3750,3835,13:33,3660,14:39,3685,1698900株,6383百万円,-35,-0.94,3756.951円,4247回,4659億円
4751,2020-03-19,3775,3805,09:03,3335,13:45,3395,2368900株,8204百万円,-290,-7.87,3463.001円,5048回,4292億円
