5019,2019-08-06,2882,2884,09:00,2804,13:08,2819,1901100株,5388百万円,-86,-2.96,2834.128円,3434回
5019,2019-08-06,2678,2752,14:53,2652,09:06,2741,2714100株,7331百万円,-78,-2.77,2701.208円,5515回
5019,2019-08-07,2740,2762,12:41,2699,09:12,2727,2468500株,6741百万円,-14,-0.51,2731.004円,4611回
5019,2019-08-08,2738,2745,09:03,2650,15:00,2650,2380500株,6392百万円,-77,-2.82,2685.07円,5136回
5019,2019-08-09,2684,2739,09:14,2682,09:00,2724,1729800株,4709百万円,+74,+2.79,2722.018円,2960回
5019,2019-08-13,2701,2728,09:40,2662,12:45,2669,1517400株,4078百万円,-55,-2.02,2687.583円,4059回
5019,2019-08-14,2696,2718,14:49,2683,09:40,2716,1561900株,4221百万円,+47,+1.76,2702.484円,3177回
5019,2019-08-15,2600,2685,10:59,2595,09:06,2665,1971000株,5222百万円,-51,-1.88,2649.354円,4081回
5019,2019-08-16,2623,2654,09:13,2611,14:59,2611,1567100株,4116百万円,-54,-2.03,2626.76円,3121回
5019,2019-08-19,2642,2742,14:59,2634,09:00,2735,1641400株,4443百万円,+124,+4.75,2706.711円,3898回
5019,2019-08-20,2835,2842,09:03,2798,09:18,2832,2081400株,5875百万円,+97,+3.55,2822.842円,3795回
5019,2019-08-21,2801,2840,09:53,2794,09:03,2818,1014600株,2860百万円,-14,-0.49,2818.645円,2555回
5019,2019-08-22,2825,2825,09:00,2758,14:35,2759,942900株,2624百万円,-59,-2.09,2782.84円,1960回
5019,2019-08-23,2750,2783,10:05,2735,09:03,2769,788300株,2181百万円,+10,+0.36,2766.664円,1941回
5019,2019-08-26,2669,2713,12:30,2662,09:06,2703,1203100株,3242百万円,-66,-2.38,2695.069円,2686回
5019,2019-08-26,2730,2755,09:03,2723,10:00,2730,908500株,2484百万円,+27,+1.00,2734.566円,1798回
5019,2019-08-28,2744,2748,09:00,2701,09:47,2701,910700株,2471百万円,-29,-1.06,2713.028円,2008回
5019,2019-08-29,2737,2782,14:19,2732,09:02,2756,1912000株,5276百万円,+55,+2.04,2759.347円,3221回
5019,2019-08-30,2798,2867,12:47,2797,09:00,2855,1895100株,5393百万円,+99,+3.59,2845.751円,3430回
5019,2019-09-02,2811,2846,14:26,2800,09:00,2835,917900株,2598百万円,-20,-0.70,2830.124円,2219回
5019,2019-09-03,2835,2860,13:26,2811,10:08,2842,1009500株,2868百万円,+7,+0.25,2840.91円,2251回
5019,2019-09-03,2813,2822,13:38,2793,09:15,2807,949200株,2665百万円,-35,-1.23,2807.57円,1980回
5019,2019-09-05,2856,2913,12:35,2851,09:01,2897,1588100株,4592百万円,+90,+3.21,2891.696円,3037回
5019,2019-09-05,2934,2943,09:00,2901,10:09,2918,1105000株,3224百万円,+21,+0.72,2917.933円,2349回
5019,2019-09-07,2914,2937,11:10,2905,09:07,2924,1045800株,3058百万円,+6,+0.21,2923.718円,2118回
5019,2019-09-10,3005,3085,10:27,3005,09:03,3060,1743900株,5324百万円,+136,+4.65,3053.094円,2127回
5019,2019-09-11,3150,3205,14:10,3125,10:58,3195,1990100株,6312百万円,+135,+4.41,3171.567円,3374回
5019,2019-09-12,3155,3195,12:51,3140,09:00,3155,1627100株,5156百万円,-40,-1.25,3168.658円,2398回
5019,2019-09-13,3145,3190,13:45,3120,09:13,3180,1836100株,5802百万円,+25,+0.79,3160.114円,2138回
5019,2019-09-17,3400,3410,09:09,3260,10:57,3305,3258500株,10806百万円,+125,+3.93,3316.329円,4217回
5019,2019-09-17,3200,3245,09:23,3155,12:55,3165,1688000株,5377百万円,-140,-4.24,3185.453円,2325回,9555.94億円
5019,2019-09-19,3180,3290,10:36,3170,09:00,3240,1410300株,4578百万円,+75,+2.37,3245.791円,2421回,9782.39億円
5019,2019-09-20,3255,3270,09:00,3220,10:05,3250,2839500株,9222百万円,+10,+0.31,3247.612円,1873回,9812.58億円
5019,2019-09-24,3275,3285,10:16,3255,09:02,3260,1242200株,4059百万円,+10,+0.31,3267.293円,2011回,9842.77億円
5019,2019-09-25,3250,3250,09:00,3180,09:09,3205,1441700株,4622百万円,-55,-1.69,3205.682円,2044回,9676.71億円
5019,2019-09-26,3260,3280,10:41,3235,09:14,3255,1826000株,5954百万円,+50,+1.56,3260.452円,1835回,9827.68億円
5019,2019-09-27,3210,3230,09:00,3130,13:37,3175,1566300株,4970百万円,-80,-2.46,3172.938円,1939回,9586.14億円
5019,2019-09-30,3135,3135,09:00,3050,14:30,3055,1366800株,4201百万円,-120,-3.78,3073.598円,1975回,9223.82億円
5019,2019-10-01,3040,3075,10:25,3025,09:14,3060,770500株,2354百万円,+5,+0.16,3055.301円,1355回,9238.92億円
5019,2019-10-02,3010,3090,09:29,3005,09:00,3060,821500株,2512百万円,0,0,3057.864円,1457回,9238.92億円
5019,2019-10-03,2980,3005,09:11,2968,09:03,2986,1091100株,3256百万円,-74,-2.42,2983.758円,2550回,9015.50億円
5019,2019-10-04,2992,3050,12:31,2979,09:01,3045,1067000株,3234百万円,+59,+1.98,3030.602円,1462回,9193.63億円
5019,2019-10-07,3045,3055,09:02,3005,09:58,3030,541300株,1637百万円,-15,-0.49,3024.448円,857回,9148.34億円
5019,2019-10-08,3085,3150,10:31,3080,09:00,3120,1325700株,4138百万円,+90,+2.97,3121.022円,2191回,9420.08億円
5019,2019-10-09,3080,3090,09:00,3035,09:18,3055,848500株,2594百万円,-65,-2.08,3057.058円,1396回,9223.82億円
5019,2019-10-10,3055,3085,14:29,3020,09:29,3075,853900株,2613百万円,+20,+0.65,3059.577円,1058回,9284.21億円
5019,2019-10-11,3130,3135,09:00,3095,09:33,3120,871200株,2716百万円,+45,+1.46,3117.457円,1143回,9420.08億円
5019,2019-10-15,3165,3180,09:00,3090,14:12,3100,992100株,3098百万円,-20,-0.64,3123.173円,1633回,9359.69億円
5019,2019-10-16,3100,3120,09:05,3060,10:20,3100,1284300株,3974百万円,0,0,3094.15円,1813回,9359.69億円
5019,2019-10-17,3040,3080,10:58,3025,09:00,3055,975200株,2975百万円,-45,-1.45,3050.854円,1672回,9223.82億円
5019,2019-10-18,3100,3105,09:00,3070,13:21,3080,824100株,2543百万円,+25,+0.82,3085.352円,1023回,9299.31億円
5019,2019-10-21,3095,3130,13:33,3070,09:46,3120,809900株,2517百万円,+40,+1.30,3108.385円,1059回,9420.08億円
5019,2019-10-23,3170,3180,09:00,3140,10:28,3155,1227500株,3880百万円,+35,+1.12,3160.956円,1528回,9525.75億円
5019,2019-10-24,3200,3250,14:57,3185,09:44,3250,1163200株,3751百万円,+95,+3.01,3224.625円,1671回,9812.58億円
5019,2019-10-25,3255,3265,09:00,3205,09:25,3250,1010700株,3278百万円,0,0,3243.339円,1192回,9812.58億円
5019,2019-10-28,3270,3270,09:00,3205,15:00,3205,521700株,1684百万円,-45,-1.38,3227.992円,762回,9676.71億円
5019,2019-10-29,3220,3255,10:03,3205,13:21,3215,830200株,2676百万円,+10,+0.31,3223.564円,1210回,9706.91億円
5019,2019-10-30,3210,3215,09:00,3155,11:29,3180,664100株,2108百万円,-35,-1.09,3174.819円,1477回,9601.23億円
5019,2019-10-31,3165,3205,14:30,3135,09:10,3205,898800株,2862百万円,+35,+1.10,3184.801円,1124回,9676.71億円
5019,2019-11-01,3140,3175,13:26,3140,09:00,3170,635700株,2007百万円,-35,-1.09,3157.749円,1120回,9571.04億円
5019,2019-11-05,3230,3270,09:12,3230,09:00,3240,1322500株,4291百万円,+70,+2.21,3244.789円,1833回,9782.39億円
5019,2019-11-06,3280,3285,09:00,3240,13:02,3280,1034500株,3376百万円,+40,+1.23,3263.525円,1403回,9903.16億円
5019,2019-11-07,3215,3220,09:01,3180,13:09,3205,1331400株,4262百万円,-75,-2.29,3200.809円,1801回,9676.71億円
5019,2019-11-08,3240,3255,10:14,3195,13:14,3225,1667900株,5385百万円,+20,+0.62,3228.832円,2075回,9737.10億円
5019,2019-11-11,3240,3240,09:00,3205,09:15,3220,768700株,2477百万円,-5,-0.16,3222.769円,1101回,9722.00億円
5019,2019-11-12,3205,3270,14:12,3190,09:01,3265,1383200株,4489百万円,+45,+1.40,3245.444円,2054回,9857.87億円
5019,2019-11-13,3225,3225,09:00,3190,13:26,3190,699900株,2241百万円,-75,-2.30,3202.475円,1024回,9631.42億円
5019,2019-11-14,3180,3185,09:34,3120,13:47,3135,1068700株,3369百万円,-50,-1.57,3152.475円,1424回,9465.36億円
5019,2019-11-15,3090,3140,10:03,3065,09:00,3080,2096900株,6482百万円,-55,-1.75,3091.094円,2911回,9299.31億円
5019,2019-11-18,3075,3075,09:00,3000,13:17,3025,1585700株,4798百万円,-55,-1.79,3025.501円,2325回,9133.25億円
5019,2019-11-19,3020,3025,09:00,2991,10:03,3000,1237200株,3715百万円,-25,-0.83,3002.93円,1720回,9057.77億円
5019,2019-11-20,2978,2982,09:00,2918,10:32,2938,2327300株,6844百万円,-62,-2.07,2940.86円,4283回,8870.57億円
5019,2019-11-21,2930,2954,09:09,2876,10:47,2904,2148800株,6246百万円,-34,-1.16,2906.594円,4920回,8767.92億円
5019,2019-11-22,2954,2984,09:19,2941,13:21,2945,1713700株,5066百万円,+41,+1.41,2956.432円,2977回,8891.71億円
5019,2019-11-25,2990,3010,09:11,2973,13:00,3005,1163400株,3482百万円,+60,+2.04,2992.63円,2389回,9072.86億円
5019,2019-11-26,3015,3030,09:17,2970,14:56,2972,2281900株,6812百万円,-33,-1.10,2985.418円,2375回,8973.23億円
5019,2019-11-27,2990,3015,10:14,2990,09:00,3000,805900株,2420百万円,+28,+0.94,3003.437円,1140回,9057.77億円
5019,2019-11-28,3030,3035,09:00,3005,13:53,3020,745300株,2251百万円,+20,+0.67,3020.321円,1644回,9118.15億円
5019,2019-11-29,3030,3035,09:00,2985,10:55,2988,1886000株,5647百万円,-32,-1.06,2994.311円,2195回,9021.53億円
5019,2019-12-02,2958,2969,14:50,2927,09:00,2966,1640200株,4845百万円,-22,-0.74,2953.611円,3142回,8955.11億円
5019,2019-12-03,2952,2971,10:08,2942,09:10,2957,1355200株,4006百万円,-9,-0.30,2955.654円,2787回,8927.94億円
5019,2019-12-05,2971,2974,09:07,2922,15:00,2922,1765000株,5185百万円,-8,-0.27,2937.881円,2978回,8822.26億円
5019,2019-12-06,2927,2935,09:02,2908,14:12,2913,1357200株,3960百万円,-9,-0.31,2917.854円,2606回,8795.09億円
5019,2019-12-09,2960,3035,13:42,2960,09:00,3035,1716400株,5165百万円,+122,+4.19,3009.135円,2393回,9163.44億円
5019,2019-12-10,3005,3025,09:14,2988,09:01,3000,784600株,2356百万円,-35,-1.15,3002.731円,1288回,9057.77億円
5019,2019-12-13,3030,3035,09:03,3000,10:17,3010,1425900株,4301百万円,+50,+1.69,3016.637円,1386回,9087.96億円
5019,2019-12-16,3000,3015,09:45,3000,09:00,3005,629700株,1894百万円,-5,-0.17,3007.31円,1033回,9072.86億円
5019,2019-12-17,3035,3050,13:39,3025,09:56,3050,1164100株,3541百万円,+45,+1.50,3041.676円,1270回,9208.73億円
5019,2019-12-18,3050,3055,09:04,3030,09:48,3030,899200株,2732百万円,-20,-0.66,3038.107円,1203回,9148.34億円
5019,2019-12-19,3030,3035,09:38,3005,13:59,3015,877300株,2648百万円,-15,-0.50,3017.841円,1161回,9103.05億円
5019,2019-12-20,3035,3055,14:30,3010,10:40,3045,1391800株,4233百万円,+30,+1.00,3041.459円,1000回,9193.63億円
5019,2019-12-23,3060,3065,09:00,3030,09:38,3050,845100株,2575百万円,+5,+0.16,3047.53円,799回,9208.73億円
5019,2019-12-24,3060,3070,09:00,3040,10:06,3070,736100株,2253百万円,+20,+0.66,3060.425円,862回,9269.11億円
5019,2019-12-25,3100,3100,09:00,3045,14:08,3055,573200株,1761百万円,-15,-0.49,3072.279円,660回,9223.82億円
5019,2019-12-26,3040,3060,09:35,3025,11:28,3045,726100株,2208百万円,-10,-0.33,3040.454円,1179回,9193.63億円
5019,2019-12-27,3055,3080,12:30,3050,10:44,3055,762400株,2337百万円,+10,+0.33,3064.88円,840回,9223.82億円
5019,2019-12-30,3035,3050,13:13,3005,09:10,3030,809100株,2453百万円,-25,-0.82,3032.094円,1006回,9148.34億円
5019,2020-01-06,3070,3130,09:10,3065,09:00,3105,1732600株,5371百万円,+75,+2.48,3100.253円,1990回,9374.79億円
5019,2020-01-07,3105,3110,09:54,3075,09:04,3110,927100株,2875百万円,+5,+0.16,3101.062円,869回,9389.88億円
5019,2020-01-08,3070,3100,09:00,3030,09:18,3055,1636200株,5004百万円,-55,-1.77,3058.271円,1702回,9223.82億円
5019,2020-01-09,3045,3045,09:00,3020,09:50,3020,1236800株,3746百万円,-35,-1.15,3028.701円,1659回,9118.15億円
5019,2020-01-10,3050,3050,09:00,3010,12:41,3015,856600株,2591百万円,-5,-0.17,3025.007円,1101回,9103.05億円
5019,2020-01-14,3000,3005,09:00,2954,14:27,2958,2303600株,6835百万円,-57,-1.89,2967.239円,3910回,8930.96億円
5019,2020-01-15,2950,2950,09:00,2921,10:01,2933,1897400株,5560百万円,-25,-0.85,2930.372円,2675回,8855.48億円
5019,2020-01-16,2935,2954,09:17,2934,09:08,2945,1098600株,3236百万円,+12,+0.41,2945.587円,1791回,8891.71億円
5019,2020-01-17,2940,2959,14:36,2923,09:14,2952,1463300株,4306百万円,+7,+0.24,2942.401円,2091回,8912.84億円
5019,2020-01-20,2958,2980,14:29,2958,09:00,2972,751400株,2234百万円,+20,+0.68,2972.872円,1277回,8973.23億円
5019,2020-01-21,2966,2978,09:28,2951,13:18,2952,999600株,2956百万円,-20,-0.67,2957.179円,1465回,8912.84億円
5019,2020-01-22,2952,2963,09:05,2946,09:18,2950,1055700株,3118百万円,-2,-0.07,2953.225円,1908回,8906.80億円
5019,2020-01-23,2941,2941,09:00,2891,10:16,2904,2555700株,7431百万円,-46,-1.56,2907.81円,3390回,8767.92億円
5019,2020-01-24,2909,2922,14:30,2900,09:00,2912,1042300株,3035百万円,+8,+0.28,2911.843円,1522回,8792.07億円
5019,2020-01-27,2869,2887,10:05,2850,09:01,2852,1493800株,4274百万円,-60,-2.06,2861.023円,2649回,8610.92億円
5019,2020-01-28,2802,2804,09:01,2765,09:07,2783,2619900株,7286百万円,-69,-2.42,2780.962円,3985回,8402.59億円
5019,2020-01-29,2802,2810,10:25,2787,09:32,2790,1183200株,3311百万円,+7,+0.25,2797.939円,1954回,8424億円
5019,2020-01-30,2803,2805,09:00,2751,12:53,2772,1541000株,4277百万円,-18,-0.65,2775.225円,2215回,8369億円
5019,2020-01-31,2772,2791,10:15,2762,09:15,2765,1595300株,4420百万円,-7,-0.25,2770.723円,2365回,8348億円
5019,2020-02-03,2715,2758,14:30,2707,09:03,2748,1167700株,3200百万円,-17,-0.61,2740.448円,2210回,8297億円
5019,2020-02-04,2720,2761,14:05,2718,09:00,2755,1041200株,2857百万円,+7,+0.25,2743.871円,1988回,8318億円
5019,2020-02-05,2762,2775,09:15,2753,10:01,2767,1233000株,3410百万円,+12,+0.44,2765.548円,2049回,8354億円
5019,2020-02-06,2867,2885,09:05,2814,09:49,2841,2263400株,6436百万円,+74,+2.67,2843.391円,3672回,8578億円
5019,2020-02-07,2827,2837,14:59,2796,10:22,2835,1992300株,5618百万円,-6,-0.21,2819.803円,2948回,8560億円
5019,2020-02-10,2801,2820,11:30,2791,09:01,2804,1485600株,4164百万円,-31,-1.09,2802.768円,2589回,8466億円
5019,2020-02-10,2815,2827,09:03,2776,10:34,2814,1525700株,4273百万円,+10,+0.36,2800.661円,2959回,8496億円
5019,2020-02-13,2827,2853,13:32,2816,10:03,2830,1967500株,5570百万円,+16,+0.57,2830.899円,3666回,8544億円
5019,2020-02-14,2818,2830,14:59,2804,09:17,2827,1069200株,3014百万円,-3,-0.11,2819.018円,1958回,8535億円
5019,2020-02-17,2840,2843,09:25,2824,09:03,2838,1270400株,3602百万円,+11,+0.39,2835.385円,2306回,8569億円
5019,2020-02-17,2832,2858,10:26,2827,09:08,2854,1270600株,3615百万円,+16,+0.56,2845.436円,2920回,8617億円
5019,2020-02-18,2871,2881,09:00,2855,10:16,2871,1536100株,4403百万円,+17,+0.60,2866.651円,3483回,8668億円
5019,2020-02-20,2921,2923,09:05,2897,12:31,2903,1673800株,4867百万円,+32,+1.11,2907.801円,3218回,8765億円
5019,2020-02-21,2910,2933,09:41,2910,09:00,2922,1261200株,3687百万円,+19,+0.65,2923.058円,2659回,8822億円
5019,2020-02-25,2813,2871,10:15,2805,09:06,2851,2371900株,6745百万円,-71,-2.43,2843.515円,4322回,8608億円
5019,2020-02-26,2804,2834,12:45,2794,09:24,2817,1749100株,4916百万円,-34,-1.19,2810.532円,3154回,8505億円
5019,2020-02-27,2787,2787,09:00,2712,13:56,2733,2714300株,7443百万円,-84,-2.98,2742.196円,4890回,8252億円
5019,2020-02-28,2639,2685,09:51,2611,12:47,2658,3352400株,8869百万円,-75,-2.74,2645.512円,5733回,8025億円
5019,2020-03-02,2608,2690,12:30,2596,09:05,2652,2452200株,6483百万円,-6,-0.23,2643.569円,4536回,8007億円
5019,2020-03-03,2729,2735,09:07,2623,13:34,2636,2321600株,6206百万円,-16,-0.60,2673.166円,5055回,7959億円
5019,2020-03-04,2610,2666,12:47,2604,09:04,2637,1312700株,3463百万円,+1,+0.04,2638.143円,3189回,7962億円
5019,2020-03-05,2650,2670,09:46,2638,09:15,2664,1475100株,3916百万円,+27,+1.02,2654.51円,3186回,8043億円
5019,2020-03-06,2617,2627,09:24,2592,13:05,2608,1940600株,5056百万円,-56,-2.10,2605.603円,3350回,7874億円
5019,2020-03-06,2470,2485,09:06,2397,11:30,2435,3974000株,9660百万円,-173,-6.63,2430.851円,7396回,7352億円
5019,2020-03-10,2312,2452,13:27,2241,09:40,2428,4157900株,9871百万円,-7,-0.29,2373.939円,8719回,7331億円
5019,2020-03-11,2400,2522,10:08,2400,09:00,2439,2943400株,7247百万円,+11,+0.45,2462.174円,6010回,7364億円
5019,2020-03-12,2379,2393,09:03,2290,11:06,2352,2528800株,5937百万円,-87,-3.57,2347.635円,5702回,7101億円
5019,2020-03-13,2141,2372,14:19,2115,10:09,2265,4117900株,9080百万円,-87,-3.70,2205.019円,8030回,6839億円
5019,2020-03-16,2266,2311,14:10,2220,14:58,2234,2371300株,5356百万円,-31,-1.37,2258.472円,5787回,6745億円
5019,2020-03-17,2170,2367,13:58,2140,09:03,2328,3503200株,8027百万円,+94,+4.21,2291.329円,9591回,7029億円
5019,2020-03-18,2332,2508,13:34,2314,09:01,2379,3089300株,7488百万円,+51,+2.19,2423.909円,6513回,7183億円
5019,2020-03-19,2379,2436,14:37,2343,09:11,2431,2997500株,7211百万円,+52,+2.19,2405.58円,6168回,7340億円
