5108,2019-08-06,4030,4056,09:00,4008,12:30,4038,2257700株,9106百万円,-22,-0.54,4033.521円,3933回
5108,2019-08-06,3949,3984,13:07,3921,09:53,3977,3296200株,13039百万円,-61,-1.51,3955.87円,6015回
5108,2019-08-07,3977,4012,09:14,3963,09:00,3994,1773000株,7079百万円,+17,+0.43,3992.509円,3288回
5108,2019-08-08,3995,4085,10:59,3993,09:00,4064,1926900株,7809百万円,+70,+1.75,4052.682円,3763回
5108,2019-08-09,4078,4105,09:16,4060,09:03,4064,2055600株,8375百万円,0,0,4074.059円,3622回
5108,2019-08-13,3930,3980,09:03,3921,09:53,3933,3244300株,12765百万円,-131,-3.22,3934.606円,5762回
5108,2019-08-14,3986,4031,10:15,3975,09:00,4022,2019800株,8110百万円,+89,+2.26,4015.132円,3685回
5108,2019-08-15,3933,3979,14:54,3925,09:34,3979,2136200株,8452百万円,-43,-1.07,3956.499円,3015回
5108,2019-08-16,3941,3971,12:34,3926,09:02,3953,2286900株,9043百万円,-26,-0.65,3954.128円,3328回
5108,2019-08-19,3953,3964,09:00,3937,09:08,3937,1872100株,7386百万円,-16,-0.40,3945.365円,3195回
5108,2019-08-20,3930,3943,14:59,3892,09:06,3938,2240500株,8779百万円,+1,+0.03,3918.337円,4194回
5108,2019-08-21,3929,3981,12:31,3917,09:00,3967,1504900株,5963百万円,+29,+0.74,3962.093円,2503回
5108,2019-08-22,3975,4000,09:31,3975,09:00,3987,1553600株,6195百万円,+20,+0.50,3987.519円,2997回
5108,2019-08-23,3976,4014,10:06,3971,09:00,3995,1434300株,5729百万円,+8,+0.20,3994.414円,2934回
5108,2019-08-26,3889,3961,12:32,3888,09:03,3949,1935400株,7620百万円,-46,-1.15,3937.348円,3004回
5108,2019-08-26,3982,4008,09:28,3976,09:01,4002,2103800株,8406百万円,+53,+1.34,3995.807円,3815回
5108,2019-08-28,3984,3990,13:28,3970,09:44,3977,2110500株,8397百万円,-25,-0.62,3978.46円,4847回
5108,2019-08-29,3960,3971,09:02,3934,10:45,3951,2160000株,8535百万円,-26,-0.65,3951.562円,5692回
5108,2019-08-30,3999,4055,13:08,3992,09:00,4053,3149500株,12714百万円,+102,+2.58,4036.9円,4367回
5108,2019-09-02,4050,4050,09:00,4014,09:35,4032,1324800株,5343百万円,-21,-0.52,4032.964円,2377回
5108,2019-09-03,4021,4033,09:15,4014,09:00,4014,1704800株,6853百万円,-18,-0.45,4019.665円,2525回
5108,2019-09-03,4011,4028,09:04,3996,14:46,4002,2035900株,8156百万円,-12,-0.30,4005.93円,3273回
5108,2019-09-05,4002,4085,11:11,3997,09:00,4067,2387400株,9680百万円,+65,+1.62,4054.822円,3598回
5108,2019-09-05,4097,4112,10:21,4084,09:12,4096,2108200株,8640百万円,+29,+0.71,4098.412円,2948回
5108,2019-09-07,4095,4103,13:42,4074,10:48,4097,1327400株,5431百万円,+1,+0.02,4091.795円,1959回
5108,2019-09-10,4089,4117,14:31,4086,09:29,4116,1869100株,7672百万円,+19,+0.46,4104.824円,3328回
5108,2019-09-11,4148,4233,14:59,4137,09:00,4233,2386300株,10042百万円,+117,+2.84,4208.059円,3681回
5108,2019-09-12,4227,4307,13:15,4215,09:00,4290,2198200株,9397百万円,+57,+1.35,4274.783円,3167回
5108,2019-09-13,4296,4310,13:38,4253,09:09,4303,2884100株,12387百万円,+13,+0.30,4295.093円,2331回
5108,2019-09-17,4243,4281,13:37,4210,09:03,4267,1794600株,7646百万円,-36,-0.84,4260.511円,2845回
5108,2019-09-17,4285,4286,09:00,4238,09:14,4272,1270200株,5417百万円,+5,+0.12,4264.563円,2397回,32532.84億円
5108,2019-09-19,4294,4331,10:11,4280,09:14,4305,1574700株,6786百万円,+33,+0.77,4309.439円,2823回,32784.14億円
5108,2019-09-20,4288,4319,10:33,4282,09:23,4308,2505100株,10782百万円,+3,+0.07,4304.171円,2461回,32806.99億円
5108,2019-09-24,4305,4337,09:13,4304,09:00,4326,1387800株,6003百万円,+18,+0.42,4325.297円,2584回,32944.07億円
5108,2019-09-25,4282,4313,14:22,4261,09:10,4304,1459600株,6267百万円,-22,-0.51,4293.83円,2266回,32776.53億円
5108,2019-09-26,4290,4334,09:23,4281,11:08,4293,2084600株,8959百万円,-11,-0.26,4297.543円,3149回,32692.76億円
5108,2019-09-27,4315,4323,09:00,4232,13:45,4263,1942400株,8278百万円,-30,-0.70,4261.754円,3234回,32464.30億円
5108,2019-09-30,4201,4239,09:18,4167,14:57,4184,3037700株,12754百万円,-79,-1.85,4198.66円,4179回,31862.68億円
5108,2019-10-01,4238,4283,10:31,4213,09:09,4274,1509900株,6439百万円,+90,+2.15,4264.621円,2902回,32548.07億円
5108,2019-10-02,4220,4273,10:39,4219,09:00,4266,1187400株,5055百万円,-8,-0.19,4257.126円,2292回,32487.14億円
5108,2019-10-03,4183,4208,09:03,4172,10:42,4195,1321900株,5539百万円,-71,-1.66,4189.947円,2488回,31946.45億円
5108,2019-10-04,4173,4205,14:59,4171,09:30,4205,1170600株,4909百万円,+10,+0.24,4193.677円,2093回,32022.61億円
5108,2019-10-07,4189,4210,09:00,4126,10:24,4131,1312800株,5441百万円,-74,-1.76,4144.562円,2987回,31459.07億円
5108,2019-10-08,4143,4182,11:08,4138,09:00,4166,1235800株,5148百万円,+35,+0.85,4166.12円,2462回,31725.61億円
5108,2019-10-09,4126,4149,09:21,4104,09:01,4136,1324500株,5475百万円,-30,-0.72,4134.003円,2398回,31497.15億円
5108,2019-10-10,4148,4159,10:40,4110,09:30,4141,1056200株,4371百万円,+5,+0.12,4138.75円,1925回,31535.22億円
5108,2019-10-11,4188,4206,14:57,4143,09:00,4204,1727100株,7235百万円,+63,+1.52,4189.168円,3293回,32014.99億円
5108,2019-10-15,4246,4303,13:12,4238,09:00,4294,1679300株,7196百万円,+90,+2.14,4285.308円,3061回,32700.37億円
5108,2019-10-16,4361,4397,09:17,4352,14:45,4363,1807500株,7894百万円,+69,+1.61,4367.464円,3050回,33225.83億円
5108,2019-10-17,4339,4382,13:34,4332,09:00,4371,1211900株,5292百万円,+8,+0.18,4366.522円,2346回,33286.76億円
5108,2019-10-18,4320,4375,09:25,4312,09:00,4343,1324500株,5754百万円,-28,-0.64,4343.936円,2649回,33073.53億円
5108,2019-10-21,4371,4374,09:21,4347,14:46,4347,817300株,3560百万円,+4,+0.09,4355.396円,1243回,33103.99億円
5108,2019-10-23,4356,4400,14:33,4334,09:19,4395,1472500株,6447百万円,+48,+1.10,4377.965円,2872回,33469.53億円
5108,2019-10-24,4450,4498,09:06,4445,09:00,4468,1908900株,8533百万円,+73,+1.66,4470.041円,3604回,34025.45億円
5108,2019-10-25,4418,4458,10:21,4411,09:02,4455,1157800株,5146百万円,-13,-0.29,4444.225円,2169回,33926.45億円
5108,2019-10-28,4518,4538,09:00,4499,09:40,4521,2166500株,9784百万円,+66,+1.48,4516.251円,3954回,34429.06億円
5108,2019-10-29,4530,4573,15:00,4525,09:10,4573,1917300株,8737百万円,+52,+1.15,4557.069円,3097回,34825.06億円
5108,2019-10-30,4575,4602,14:59,4570,09:17,4599,2084900株,9573百万円,+26,+0.57,4591.558円,2997回,35023.06億円
5108,2019-10-31,4575,4588,09:00,4502,12:35,4523,2003900株,9080百万円,-76,-1.65,4530.961円,3065回,34444.29億円
5108,2019-11-01,4475,4500,15:00,4464,09:02,4500,978500株,4393百万円,-23,-0.51,4489.031円,2167回,34269.14億円
5108,2019-11-05,4554,4599,14:59,4530,09:00,4594,2158300株,9871百万円,+94,+2.09,4573.384円,4084回,34984.98億円
5108,2019-11-06,4648,4734,09:04,4604,12:46,4633,2433300株,11314百万円,+39,+0.85,4649.763円,5413回,35281.98億円
5108,2019-11-07,4615,4623,14:28,4570,09:28,4617,1517700株,6985百万円,-16,-0.35,4602.512円,4597回,35160.14億円
5108,2019-11-08,4650,4655,09:01,4605,11:23,4644,1990500株,9229百万円,+27,+0.58,4636.732円,3320回,35365.75億円
5108,2019-11-11,4535,4611,14:30,4457,09:04,4607,2702100株,12334百万円,-37,-0.80,4564.778円,6430回,35083.98億円
5108,2019-11-12,4561,4581,09:00,4503,09:15,4541,2096800株,9506百万円,-66,-1.43,4533.685円,4184回,34581.37億円
5108,2019-11-13,4513,4533,09:00,4492,09:09,4512,1524300株,6874百万円,-29,-0.64,4509.319円,3565回,34360.52億円
5108,2019-11-14,4428,4472,09:10,4420,09:03,4420,2413000株,10699百万円,-94,-2.08,4433.961円,3720回,33659.91億円
5108,2019-11-15,4404,4446,10:20,4386,09:15,4413,2022200株,8931百万円,-7,-0.16,4416.541円,3521回,33606.60億円
5108,2019-11-18,4390,4427,11:01,4386,14:07,4402,1216100株,5352百万円,-11,-0.25,4400.739円,2225回,33522.83億円
5108,2019-11-19,4375,4376,09:00,4345,10:05,4349,1436300株,6259百万円,-53,-1.20,4357.54円,2493回,33119.22億円
5108,2019-11-20,4315,4359,09:44,4309,09:00,4330,1191000株,5156百万円,-19,-0.44,4329.358円,2295回,32974.53億円
5108,2019-11-21,4345,4381,14:45,4311,09:59,4372,1468400株,6390百万円,+42,+0.97,4351.692円,3098回,33294.37億円
5108,2019-11-22,4384,4395,10:39,4362,09:01,4379,1250700株,5479百万円,+7,+0.16,4380.796円,2510回,33347.68億円
5108,2019-11-25,4388,4388,09:00,4358,14:23,4366,1207300株,5278百万円,-13,-0.30,4371.706円,2241回,33248.68億円
5108,2019-11-26,4409,4417,10:47,4381,12:30,4395,2536700株,11150百万円,+29,+0.66,4395.426円,2763回,33469.53億円
5108,2019-11-27,4383,4400,09:25,4372,10:41,4385,1377500株,6038百万円,-10,-0.23,4383.622円,2660回,33393.37億円
5108,2019-11-28,4385,4416,09:20,4379,09:00,4393,1063000株,4672百万円,+8,+0.18,4395.42円,2517回,33454.29億円
5108,2019-11-29,4420,4426,09:00,4375,15:00,4375,1319100株,5793百万円,-18,-0.41,4391.894円,2231回,33317.22億円
5108,2019-12-02,4398,4435,09:39,4394,09:00,4421,1151500株,5090百万円,+46,+1.05,4420.468円,2132回,33667.53億円
5108,2019-12-03,4369,4405,12:42,4357,09:02,4383,1305300株,5719百万円,-38,-0.86,4381.555円,2122回,33378.14億円
5108,2019-12-05,4387,4426,10:16,4385,09:00,4409,1236800株,5454百万円,+18,+0.41,4409.837円,2198回,33576.14億円
5108,2019-12-06,4390,4398,09:00,4331,14:02,4337,2262300株,9841百万円,-72,-1.63,4350.117円,3465回,33027.83億円
5108,2019-12-09,4356,4365,09:00,4333,09:08,4344,1294100株,5623百万円,+7,+0.16,4345.109円,2081回,33081.14億円
5108,2019-12-10,4328,4349,10:03,4312,09:00,4335,1632600株,7073百万円,-9,-0.21,4332.331円,2649回,33012.60億円
5108,2019-12-13,4351,4355,09:00,4298,12:47,4331,4136100株,17922百万円,+50,+1.17,4332.985円,5824回,32982.14億円
5108,2019-12-16,4293,4303,09:00,4266,10:14,4277,2217500株,9490百万円,-54,-1.25,4279.622円,3930回,32570.91億円
5108,2019-12-17,4299,4300,09:00,4253,12:47,4254,2325800株,9914百万円,-23,-0.54,4262.785円,4063回,32395.76億円
5108,2019-12-18,4240,4265,13:49,4236,09:00,4256,2135200株,9082百万円,+2,+0.05,4253.281円,4704回,32410.99億円
5108,2019-12-19,4239,4261,09:02,4234,10:39,4237,1598700株,6782百万円,-19,-0.45,4242.291円,2961回,32266.30億円
5108,2019-12-20,4230,4239,14:59,4201,10:35,4225,3273100株,13816百万円,-12,-0.28,4221.017円,4250回,32174.91億円
5108,2019-12-23,4214,4229,09:36,4207,12:31,4209,1398000株,5891百万円,-16,-0.38,4214.142円,2801回,32053.07億円
5108,2019-12-24,4210,4215,09:00,4188,10:22,4198,1592100株,6687百万円,-11,-0.26,4200.07円,3007回,31969.30億円
5108,2019-12-25,4180,4181,09:00,4155,11:02,4165,1990000株,8289百万円,-33,-0.79,4165.455円,3396回,31717.99億円
5108,2019-12-26,4177,4203,14:50,4172,09:00,4200,1831600株,7678百万円,+35,+0.84,4192.129円,3046回,31984.53億円
5108,2019-12-27,4115,4124,09:00,4102,09:01,4107,1643500株,6758百万円,-93,-2.21,4112.141円,2981回,31276.30億円
5108,2019-12-30,4080,4088,09:28,4068,09:08,4070,1692100株,6896百万円,-37,-0.90,4075.646円,2482回,30994.53億円
5108,2020-01-06,4011,4019,09:00,3997,10:59,4009,2144300株,8593百万円,-61,-1.50,4007.245円,3591回,30530.00億円
5108,2020-01-07,4028,4082,14:54,4016,09:00,4072,1813600株,7373百万円,+63,+1.57,4065.143円,2462回,31009.76億円
5108,2020-01-08,4004,4033,13:37,3991,09:41,4009,2479400株,9936百万円,-63,-1.55,4007.461円,4398回,30530.00億円
5108,2020-01-09,4048,4059,09:03,4027,09:40,4034,1679100株,6781百万円,+25,+0.62,4038.373円,3044回,30720.38億円
5108,2020-01-10,4049,4057,09:02,4007,15:00,4007,1970200株,7926百万円,-27,-0.67,4022.969円,2681回,30514.76億円
5108,2020-01-14,3990,3999,09:11,3976,09:02,3990,2973900株,11857百万円,-17,-0.42,3987.161円,4561回,30385.30億円
5108,2020-01-15,3976,4016,09:27,3973,09:00,4010,2146800株,8599百万円,+20,+0.50,4005.396円,3327回,30537.61億円
5108,2020-01-16,4020,4026,09:00,3986,14:59,3986,3166900株,12665百万円,-24,-0.60,3999.311円,3931回,30354.84億円
5108,2020-01-17,3992,4015,15:00,3991,09:00,4015,2346700株,9405百万円,+29,+0.73,4007.691円,3379回,30575.69億円
5108,2020-01-20,4012,4027,11:28,4007,09:00,4021,1123500株,4517百万円,+6,+0.15,4020.177円,2221回,30621.38億円
5108,2020-01-21,4020,4031,10:10,3995,10:54,4007,1828800株,7334百万円,-14,-0.35,4010.078円,2847回,28597.89億円
5108,2020-01-22,3990,3997,12:31,3977,09:08,3984,1925000株,7674百万円,-23,-0.57,3986.308円,3146回,28433.74億円
5108,2020-01-23,3963,3965,09:00,3940,14:08,3941,2548700株,10069百万円,-43,-1.08,3950.808円,3619回,28126.85億円
5108,2020-01-24,3941,3949,09:00,3917,14:38,3922,1872500株,7355百万円,-19,-0.48,3927.99円,2750回,27991.24億円
5108,2020-01-27,3890,3907,11:03,3875,09:06,3895,2228200株,8680百万円,-27,-0.69,3895.467円,3733回,27798.55億円
5108,2020-01-28,3858,3883,12:46,3849,09:06,3873,2365800株,9149百万円,-22,-0.56,3867.093円,3567回,27641.53億円
5108,2020-01-29,3875,3923,13:51,3874,09:00,3916,2109800株,8248百万円,+43,+1.11,3909.521円,4325回,27948億円
5108,2020-01-30,3924,3925,09:00,3862,12:53,3898,2696100株,10502百万円,-18,-0.46,3895.159円,4140回,27820億円
5108,2020-01-31,3898,3926,10:02,3898,09:00,3901,2580400株,10090百万円,+3,+0.08,3910.244円,3523回,27841億円
5108,2020-02-03,3873,3920,10:43,3868,09:00,3898,1804500株,7032百万円,-3,-0.08,3897.078円,2960回,27820億円
5108,2020-02-04,3879,3915,13:35,3870,09:00,3902,1733700株,6759百万円,+4,+0.10,3898.709円,2516回,27849億円
5108,2020-02-05,3944,3952,13:30,3914,09:24,3941,1576200株,6209百万円,+39,+1.00,3938.939円,2747回,28127億円
5108,2020-02-06,3981,4024,13:55,3981,09:00,4001,2516500株,10072百万円,+60,+1.52,4002.304円,3405回,28555億円
5108,2020-02-07,4013,4017,09:00,3982,09:46,4012,1729400株,6927百万円,+11,+0.27,4005.69円,2448回,28634億円
5108,2020-02-10,3985,4000,09:00,3948,09:15,3954,1667700株,6610百万円,-58,-1.45,3963.721円,2617回,28220億円
5108,2020-02-10,3884,3893,09:00,3856,09:58,3859,3875800株,14986百万円,-95,-2.40,3866.65円,5480回,27542億円
5108,2020-02-13,3866,3890,15:00,3855,10:00,3890,2348600株,9103百万円,+31,+0.80,3875.926円,3051回,27763億円
5108,2020-02-14,3871,3891,15:00,3856,11:13,3891,1629800株,6318百万円,+1,+0.03,3876.387円,2982回,27770億円
5108,2020-02-17,3862,3910,14:58,3859,09:14,3908,1702000株,6619百万円,+17,+0.44,3888.668円,3388回,27891億円
5108,2020-02-17,3885,3939,09:34,3881,09:00,3903,2513900株,9815百万円,-5,-0.13,3904.124円,4303回,27856億円
5108,2020-02-18,3921,4001,13:33,3911,09:26,3983,2662500株,10559百万円,+80,+2.05,3965.918円,4007回,28427億円
5108,2020-02-20,4002,4018,09:04,3952,12:32,3983,2522500株,10065百万円,0,0,3990.004円,4205回,28427億円
5108,2020-02-21,3966,3995,09:25,3954,14:59,3954,2011500株,7982百万円,-29,-0.73,3968.06円,3023回,28220億円
5108,2020-02-25,3800,3870,10:05,3797,09:06,3836,3784800株,14513百万円,-118,-2.98,3834.482円,5490回,27377億円
5108,2020-02-26,3790,3795,09:35,3764,09:01,3776,4071300株,15381百万円,-60,-1.56,3777.967円,5675回,26949億円
5108,2020-02-27,3750,3760,09:15,3692,14:59,3715,6632600株,24672百万円,-61,-1.62,3719.833円,5573回,26514億円
5108,2020-02-28,3610,3649,09:06,3571,14:09,3606,4777900株,17228百万円,-109,-2.93,3605.859円,6391回,25736億円
5108,2020-03-02,3550.0,3679.0,12:38,3537.0,09:05,3646.0,3033100株,10973百万円,+40.0,+1.11,3617.659円,5978回,26021億円
5108,2020-03-03,3675.0,3693.0,09:03,3579.0,15:00,3579.0,2611100株,9444百万円,-67.0,-1.84,3616.866円,4270回,25543億円
5108,2020-03-04,3536.0,3585.0,12:30,3511.0,09:01,3554.0,2265300株,8052百万円,-25.0,-0.70,3554.506円,4191回,25365億円
5108,2020-03-05,3581.0,3599.0,09:02,3557.0,13:17,3583.0,1921300株,6875百万円,+29.0,+0.82,3578.546円,3412回,25572億円
5108,2020-03-06,3532.0,3544.0,09:00,3447.0,13:00,3461.0,3102100株,10788百万円,-122.0,-3.40,3477.724円,4409回,24701億円
5108,2020-03-06,3350.0,3383.0,09:05,3250.0,11:30,3279.0,4562300株,15010百万円,-182.0,-5.26,3290.066円,8151回,23402億円
5108,2020-03-10,3190.0,3288.0,14:36,3116.0,09:37,3271.0,4276400株,13759百万円,-8.0,-0.24,3217.479円,8513回,23345億円
5108,2020-03-11,3268.0,3384.0,09:13,3267.0,09:00,3317.0,3424200株,11386百万円,+46.0,+1.41,3325.11円,8349回,23673億円
5108,2020-03-12,3239.0,3269.0,10:02,3159.0,11:08,3221.0,4123000株,13253百万円,-96.0,-2.89,3214.369円,8683回,2兆2988億円
5108,2020-03-13,2979.5,3256.0,14:19,2966.0,10:21,3117.0,6435100株,19721百万円,-104.0,-3.23,3064.635円,12498回,2兆2246億円
5108,2020-03-16,3101.0,3128.0,09:01,2975.0,14:59,2980.5,4793100株,14574百万円,-136.5,-4.38,3040.534円,11489回,2兆1272億円
5108,2020-03-17,2900.0,3028.0,14:09,2861.5,09:08,3006.0,6613700株,19634百万円,+25.5,+0.86,2968.663円,19704回,2兆1454億円
5108,2020-03-18,3001.0,3133.0,12:30,2984.0,14:59,2991.0,4285500株,13072百万円,-15.0,-0.50,3050.171円,10411回,2兆1347億円
5108,2020-03-19,3041.0,3154.0,10:51,3010.0,09:11,3101.0,5089800株,15779百万円,+110.0,+3.68,3100.119円,10936回,2兆2132億円
