5233,2019-08-06,2900,2905,09:00,2812,12:44,2851,632900株,1803百万円,-79,-2.70,2849.356円,1636回
5233,2019-08-06,2765,2876,14:58,2752,09:03,2873,715200株,2029百万円,+22,+0.77,2836.425円,1936回
5233,2019-08-07,2867,2926,10:04,2848,14:06,2860,733100株,2106百万円,-13,-0.45,2873.121円,1848回
5233,2019-08-08,2910,2944,11:28,2886,09:02,2899,963300株,2805百万円,+39,+1.36,2911.747円,2645回
5233,2019-08-09,2638,2718,10:02,2540,09:22,2629,2144400株,5646百万円,-270,-9.31,2632.677円,5660回
5233,2019-08-13,2625,2628,09:00,2551,11:02,2591,1355000株,3502百万円,-38,-1.45,2584.294円,3152回
5233,2019-08-14,2592,2611,09:11,2571,09:32,2600,1040800株,2695百万円,+9,+0.35,2589.219円,2513回
5233,2019-08-15,2540,2603,10:48,2530,14:50,2542,1011300株,2587百万円,-58,-2.23,2558.307円,2772回
5233,2019-08-16,2500,2590,14:59,2494,09:01,2586,899200株,2298百万円,+44,+1.73,2555.082円,2060回
5233,2019-08-19,2561,2640,10:03,2556,09:00,2624,697900株,1824百万円,+38,+1.47,2613.138円,2008回
5233,2019-08-20,2621,2675,13:37,2620,09:00,2666,824100株,2188百万円,+42,+1.60,2654.978円,1865回
5233,2019-08-21,2616,2659,10:56,2596,09:00,2629,1010700株,2661百万円,-37,-1.39,2632.86円,2155回
5233,2019-08-22,2649,2699,10:35,2634,09:02,2680,818700株,2189百万円,+51,+1.94,2674.144円,2027回
5233,2019-08-23,2698,2715,09:00,2665,09:03,2680,687200株,1844百万円,0,0,2683.872円,1766回
5233,2019-08-26,2591,2634,10:18,2582,09:03,2620,599000株,1568百万円,-60,-2.24,2617.873円,1348回
5233,2019-08-26,2623,2646,09:00,2605,09:49,2614,473100株,1238百万円,-6,-0.23,2616.838円,1312回
5233,2019-08-28,2646,2686,10:26,2634,09:01,2666,588200株,1567百万円,+52,+1.99,2664.108円,1813回
5233,2019-08-29,2657,2683,09:00,2636,10:32,2670,567900株,1512百万円,+4,+0.15,2661.962円,1952回
5233,2019-08-30,2677,2704,09:13,2655,10:51,2682,758100株,2030百万円,+12,+0.45,2678.288円,1871回
5233,2019-09-02,2697,2717,09:01,2682,09:15,2693,425400株,1147百万円,+11,+0.41,2696.82円,1224回
5233,2019-09-03,2717,2760,10:36,2716,09:00,2736,694100株,1901百万円,+43,+1.60,2739.382円,1876回
5233,2019-09-03,2706,2737,14:04,2698,10:03,2722,588800株,1602百万円,-14,-0.51,2720.952円,1447回
5233,2019-09-05,2751,2759,09:00,2722,10:19,2726,983100株,2690百万円,+4,+0.15,2736.538円,3023回
5233,2019-09-05,2763,2805,09:05,2754,12:48,2762,838000株,2320百万円,+36,+1.32,2768.831円,2177回
5233,2019-09-07,2770,2777,14:33,2746,09:04,2772,586700株,1623百万円,+10,+0.36,2766.026円,1594回
5233,2019-09-10,2805,2849,14:35,2805,09:00,2843,661600株,1871百万円,+71,+2.56,2828.012円,1889回
5233,2019-09-11,2905,2908,09:03,2843,09:29,2860,977400株,2800百万円,+17,+0.60,2864.859円,2499回
5233,2019-09-12,2900,2908,10:30,2851,09:40,2885,877800株,2535百万円,+25,+0.87,2887.501円,2276回
5233,2019-09-13,2924,2962,12:34,2888,09:25,2930,1080900株,3166百万円,+45,+1.56,2928.903円,2070回
5233,2019-09-17,2939,2984,12:30,2926,14:59,2934,784300株,2314百万円,+4,+0.14,2949.988円,1821回
5233,2019-09-17,2945,2952,09:00,2918,14:59,2919,423200株,1238百万円,-15,-0.51,2926.393円,1073回,3711.22億円
5233,2019-09-19,2912,2947,09:31,2907,09:15,2915,860900株,2516百万円,-4,-0.14,2922.525円,2279回,3706.14億円
5233,2019-09-20,2938,2954,10:32,2920,13:18,2930,658500株,1931百万円,+15,+0.51,2932.883円,1476回,3725.21億円
5233,2019-09-24,2942,2988,09:30,2933,09:03,2944,572000株,1690百万円,+14,+0.48,2955.283円,1707回,3743.01億円
5233,2019-09-25,2894,2912,13:20,2868,10:00,2893,798500株,2310百万円,-51,-1.73,2893.2円,2470回,3678.17億円
5233,2019-09-26,2956,3030,09:26,2951,09:03,3000,944300株,2829百万円,+107,+3.70,2996.04円,2599回,3814.21億円
5233,2019-09-27,3005,3020,09:04,2928,13:01,2969,906600株,2687百万円,-31,-1.03,2963.315円,3237回,3774.79億円
5233,2019-09-30,2926,2948,09:32,2880,13:34,2891,686900株,1994百万円,-78,-2.63,2903.057円,1671回,3675.63億円
5233,2019-10-01,2892,2927,10:27,2867,09:22,2903,587700株,1705百万円,+12,+0.42,2900.946円,1729回,3690.88億円
5233,2019-10-02,2853,2863,12:55,2831,11:04,2845,667100株,1897百万円,-58,-2.00,2844.153円,1883回,3617.14億円
5233,2019-10-03,2767,2809,15:00,2767,09:03,2809,465400株,1300百万円,-36,-1.27,2792.356円,1251回,3571.37億円
5233,2019-10-04,2781,2805,12:32,2771,10:07,2803,418200株,1168百万円,-6,-0.21,2792.488円,1241回,3563.74億円
5233,2019-10-07,2820,2843,09:00,2798,11:27,2802,243300株,683百万円,-1,-0.04,2808.202円,830回,3562.47億円
5233,2019-10-08,2829,2867,09:24,2813,14:21,2821,644300株,1828百万円,+19,+0.68,2836.81円,2288回,3586.63億円
5233,2019-10-09,2775,2812,14:59,2772,09:00,2810,554300株,1553百万円,-11,-0.39,2801.342円,1940回,3572.64億円
5233,2019-10-10,2824,2839,14:47,2789,09:35,2836,607400株,1719百万円,+26,+0.93,2829.589円,1589回,3605.70億円
5233,2019-10-11,2846,2867,13:23,2815,09:01,2841,871400株,2478百万円,+5,+0.18,2843.834円,2252回,3612.06億円
5233,2019-10-15,2917,2926,09:22,2896,13:20,2909,782800株,2279百万円,+68,+2.39,2911.59円,2425回,3698.51億円
5233,2019-10-16,2959,3060,14:39,2953,09:00,3050,1138300株,3431百万円,+141,+4.85,3014.114円,2695回,3877.78億円
5233,2019-10-17,3060,3130,14:37,3045,09:03,3105,1081000株,3337百万円,+55,+1.80,3086.781円,3068回,3947.71億円
5233,2019-10-18,3130,3185,09:42,3120,09:02,3140,956000株,3010百万円,+35,+1.13,3148.129円,1921回,3992.20億円
5233,2019-10-21,3150,3160,09:00,3065,14:59,3070,553400株,1712百万円,-70,-2.23,3094.359円,1030回,3903.21億円
5233,2019-10-23,3070,3120,14:39,3020,09:18,3115,514600株,1588百万円,+45,+1.47,3084.971円,1175回,3960.42億円
5233,2019-10-24,3165,3190,11:11,3130,09:42,3170,588200株,1864百万円,+55,+1.77,3168.206円,1227回,4030.35億円
5233,2019-10-25,3165,3170,09:00,3120,10:00,3145,419800株,1320百万円,-25,-0.79,3145.273円,733回,3998.56億円
5233,2019-10-28,3170,3170,09:00,3110,09:35,3120,425200株,1330百万円,-25,-0.79,3128.743円,911回,3966.78億円
5233,2019-10-29,3145,3150,09:04,3110,11:28,3125,370500株,1158百万円,+5,+0.16,3126.188円,659回,3973.13億円
5233,2019-10-30,3120,3130,09:03,3095,09:39,3120,443800株,1382百万円,-5,-0.16,3114.599円,880回,3966.78億円
5233,2019-10-31,3100,3115,09:33,3060,10:57,3080,513100株,1583百万円,-40,-1.28,3085.283円,849回,3915.92億円
5233,2019-11-01,3065,3120,10:24,3065,09:00,3085,318300株,984百万円,+5,+0.16,3090.917円,631回,3922.28億円
5233,2019-11-05,3135,3170,14:58,3085,09:00,3150,637700株,2005百万円,+65,+2.11,3143.898円,1221回,4004.92億円
5233,2019-11-06,3190,3205,14:26,3145,09:30,3200,519000株,1652百万円,+50,+1.59,3183.202円,1027回,4068.49億円
5233,2019-11-07,3200,3220,14:23,3160,09:24,3205,634200株,2028百万円,+5,+0.16,3198.004円,1046回,4074.85億円
5233,2019-11-08,3220,3245,14:50,3180,10:19,3245,645300株,2079百万円,+40,+1.25,3222.187円,1028回,4125.70億円
5233,2019-11-11,3280,3305,09:42,3215,12:45,3220,1001400株,3263百万円,-25,-0.77,3258.926円,1510回,4093.92億円
5233,2019-11-12,3220,3235,14:54,3180,09:41,3210,784000株,2515百万円,-10,-0.31,3208.281円,1103回,4081.20億円
5233,2019-11-13,3225,3350,09:02,3225,09:00,3250,1020100株,3348百万円,+40,+1.25,3282.025円,1690回,4132.06億円
5233,2019-11-14,3265,3275,09:01,3175,09:17,3260,1094300株,3544百万円,+10,+0.31,3238.992円,1964回,4144.77億円
5233,2019-11-15,3220,3270,12:51,3175,09:11,3230,745400株,2408百万円,-30,-0.92,3230.319円,1078回,4106.63億円
5233,2019-11-18,3190,3200,14:59,3135,09:13,3195,741200株,2355百万円,-35,-1.08,3177.477円,1145回,4062.13億円
5233,2019-11-19,3190,3230,14:29,3150,09:35,3225,406900株,1303百万円,+30,+0.94,3203.447円,773回,4100.27億円
5233,2019-11-20,3220,3220,09:00,3180,10:25,3195,844900株,2702百万円,-30,-0.93,3198.393円,1465回,4062.13億円
5233,2019-11-21,3150,3160,09:25,3090,10:52,3115,738900株,2307百万円,-80,-2.50,3122.228円,1504回,3960.42億円
5233,2019-11-22,3130,3225,11:10,3120,09:00,3205,650200株,2075百万円,+90,+2.89,3191.956円,1109回,4074.85億円
5233,2019-11-25,3195,3260,12:31,3195,09:00,3240,467600株,1510百万円,+35,+1.09,3229.573円,1068回,4119.35億円
5233,2019-11-26,3260,3305,09:35,3200,14:55,3205,893300株,2889百万円,-35,-1.08,3234.212円,1208回,4074.85億円
5233,2019-11-27,3230,3290,14:49,3215,09:00,3285,530100株,1731百万円,+80,+2.50,3266.034円,909回,4176.56億円
5233,2019-11-28,3295,3300,09:01,3225,12:58,3265,681500株,2225百万円,-20,-0.61,3264.429円,877回,4151.13億円
5233,2019-11-29,3280,3295,09:00,3165,13:34,3165,702200株,2245百万円,-100,-3.06,3196.601円,1023回,4023.99億円
5233,2019-12-02,3200,3255,09:28,3190,09:00,3240,577900株,1872百万円,+75,+2.37,3239.394円,1085回,4119.35億円
5233,2019-12-03,3210,3260,12:34,3200,09:00,3250,574600株,1861百万円,+10,+0.31,3238.987円,1068回,4132.06億円
5233,2019-12-05,3360,3560,12:47,3360,09:00,3490,1902200株,6614百万円,+180,+5.44,3477.086円,2760回,4437.20億円
5233,2019-12-06,3510,3545,09:06,3480,11:14,3515,1149700株,4036百万円,+25,+0.72,3510.511円,1454回,4468.98億円
5233,2019-12-09,3545,3555,09:00,3465,11:11,3480,724300株,2529百万円,-35,-1.00,3492.003円,1229回,4424.48億円
5233,2019-12-10,3450,3510,09:33,3425,09:01,3440,598700株,2074百万円,-40,-1.15,3464.778円,1000回,4373.63億円
5233,2019-12-13,3410,3415,09:00,3335,10:29,3355,1174400株,3957百万円,-15,-0.45,3369.799円,1663回,4265.56億円
5233,2019-12-16,3355,3375,13:56,3340,09:11,3345,430600株,1444百万円,-10,-0.30,3353.668円,713回,4252.84億円
5233,2019-12-17,3345,3355,09:10,3285,12:37,3295,770900株,2549百万円,-50,-1.49,3307.05円,1079回,4189.27億円
5233,2019-12-18,3315,3380,14:47,3300,09:13,3380,930100株,3115百万円,+85,+2.58,3349.297円,1310回,4297.34億円
5233,2019-12-19,3360,3405,09:36,3340,09:00,3405,736500株,2492百万円,+25,+0.74,3383.241円,1316回,4329.13億円
5233,2019-12-20,3430,3440,09:17,3360,13:09,3360,780900株,2643百万円,-45,-1.32,3384.485円,1109回,4271.91億円
5233,2019-12-23,3345,3345,09:00,3285,14:45,3285,553500株,1827百万円,-75,-2.23,3301.324円,1010回,4176.56億円
5233,2019-12-24,3280,3315,09:09,3270,09:00,3305,386300株,1273百万円,+20,+0.61,3294.141円,859回,4201.99億円
5233,2019-12-25,3290,3290,09:00,3215,12:41,3220,569000株,1840百万円,-85,-2.57,3232.946円,940回,4093.92億円
5233,2019-12-26,3210,3285,14:59,3210,09:00,3285,434300株,1416百万円,+65,+2.02,3259.305円,838回,4176.56億円
5233,2019-12-27,3305,3315,09:00,3250,10:06,3275,448000株,1468百万円,-10,-0.30,3277.321円,777回,4163.84億円
5233,2019-12-30,3250,3255,09:01,3215,13:04,3215,382300株,1233百万円,-60,-1.83,3226.444円,603回,4087.56億円
5233,2020-01-06,3150,3150,09:00,3085,09:02,3130,826500株,2580百万円,-85,-2.64,3121.751円,1246回,3979.49億円
5233,2020-01-07,3155,3210,11:29,3120,09:19,3195,541100株,1721百万円,+65,+2.08,3180.019円,912回,4062.13億円
5233,2020-01-08,3110,3115,09:03,3065,10:12,3105,769900株,2382百万円,-90,-2.82,3093.76円,1448回,3947.71億円
5233,2020-01-09,3170,3170,09:00,3130,12:30,3145,522400株,1645百万円,+40,+1.29,3149.165円,855回,3998.56億円
5233,2020-01-10,3180,3180,09:00,3150,09:14,3160,679600株,2151百万円,+15,+0.48,3165.534円,1161回,4017.63億円
5233,2020-01-14,3090,3110,09:00,3030,14:17,3035,1238500株,3788百万円,-125,-3.96,3058.402円,1709回,3858.71億円
5233,2020-01-15,3035,3095,09:23,3030,09:00,3085,1077500株,3308百万円,+50,+1.65,3070.276円,1435回,3922.28億円
5233,2020-01-16,3125,3150,09:45,3115,09:08,3140,820100株,2569百万円,+55,+1.78,3132.479円,1047回,3992.20億円
5233,2020-01-17,3150,3155,09:00,3100,10:36,3125,373500株,1165百万円,-15,-0.48,3120.291円,489回,3973.13億円
5233,2020-01-20,3160,3170,14:37,3125,09:50,3155,407100株,1283百万円,+30,+0.96,3151.388円,628回,4011.28億円
5233,2020-01-21,3150,3180,09:26,3130,12:48,3135,294800株,928百万円,-20,-0.63,3146.898円,659回,3985.85億円
5233,2020-01-22,3125,3175,12:31,3115,09:00,3160,363800株,1148百万円,+25,+0.80,3155.025円,610回,4017.63億円
5233,2020-01-23,3120,3135,09:03,3055,14:59,3060,629100株,1940百万円,-100,-3.16,3084.367円,813回,3890.49億円
5233,2020-01-24,3105,3110,09:19,3050,12:40,3070,519600株,1601百万円,+10,+0.33,3080.331円,825回,3903.21億円
5233,2020-01-27,3000,3040,10:40,2987,09:00,3015,511100株,1542百万円,-55,-1.79,3016.852円,804回,3833.28億円
5233,2020-01-28,2980,2986,09:30,2913,12:33,2942,828000株,2437百万円,-73,-2.42,2943.325円,2163回,3740.47億円
5233,2020-01-29,2950,2968,13:26,2925,09:09,2965,468600株,1385百万円,+23,+0.78,2954.593円,1321回,3770億円
5233,2020-01-30,2966,2974,09:15,2911,14:23,2924,537100株,1576百万円,-41,-1.38,2934.002円,1329回,3718億円
5233,2020-01-31,2943,3015,10:03,2942,09:00,2984,812100株,2425百万円,+60,+2.05,2985.824円,1922回,3794億円
5233,2020-02-03,2920,2967,13:43,2912,09:03,2950,444500株,1311百万円,-34,-1.14,2949.669円,1388回,3751億円
5233,2020-02-04,2920,2978,12:45,2908,09:00,2967,448200株,1326百万円,+17,+0.58,2959.028円,1208回,3772億円
5233,2020-02-05,2998,3030,13:05,2973,09:24,3000,692200株,2079百万円,+33,+1.11,3003.706円,1266回,3814億円
5233,2020-02-06,3100,3110,09:03,3045,09:36,3050,965700株,2961百万円,+50,+1.67,3066.67円,1353回,3878億円
5233,2020-02-07,3035,3055,11:11,2994,09:48,3040,638900株,1939百万円,-10,-0.33,3034.255円,966回,3865億円
5233,2020-02-10,3010,3070,13:48,2994,09:15,3045,1003200株,3046百万円,+5,+0.16,3036.433円,1641回,3871億円
5233,2020-02-10,3100,3110,09:08,2998,12:39,3030,972600株,2957百万円,-15,-0.49,3040.311円,1473回,3852億円
5233,2020-02-13,3000,3010,09:00,2962,10:13,2971,716800株,2139百万円,-59,-1.95,2984.317円,1653回,3777億円
5233,2020-02-14,2950,3015,09:55,2947,09:00,2990,796100株,2376百万円,+19,+0.64,2983.971円,1792回,3801億円
5233,2020-02-17,2989,3005,14:43,2932,09:15,2992,475000株,1414百万円,+2,+0.07,2977.124円,1581回,3804億円
5233,2020-02-17,2983,3005,11:07,2972,09:02,2990,394500株,1179百万円,-2,-0.07,2988.051円,1222回,3801億円
5233,2020-02-18,2978,3005,11:12,2954,14:59,2954,650300株,1932百万円,-36,-1.20,2971.434円,1476回,3756億円
5233,2020-02-20,2969,3005,09:29,2946,14:52,2946,543300株,1613百万円,-8,-0.27,2968.935円,1492回,3746億円
5233,2020-02-21,2932,2945,09:03,2910,14:56,2913,374200株,1094百万円,-33,-1.12,2922.748円,1151回,3704億円
5233,2020-02-25,2745,2816,10:13,2745,09:09,2781,626500株,1744百万円,-132,-4.53,2783.451円,1851回,3536億円
5233,2020-02-26,2750,2807,14:58,2737,10:14,2795,751500株,2089百万円,+14,+0.50,2779.307円,2018回,3554億円
5233,2020-02-27,2774,2799,09:01,2733,13:57,2743,567300株,1561百万円,-52,-1.86,2752.466円,1613回,3487億円
5233,2020-02-28,2655,2680,10:00,2610,12:48,2663,1065000株,2822百万円,-80,-2.92,2649.806円,2613回,3386億円
