5287,2019-10-16,1910,1912,09:00,1631,14:59,1639,446900株,791百万円,-281,-14.64,1770.885円,2489回,58.48億円
5287,2019-10-17,1583,1590,09:03,1484,10:09,1543,301100株,462百万円,-96,-5.86,1535.584円,1444回,55.05億円
5287,2019-10-18,1525,1554,10:50,1490,09:23,1510,146000株,222百万円,-33,-2.14,1519.08円,735回,53.88億円
5287,2019-10-21,1550,1606,09:05,1446,09:31,1482,242200株,368百万円,-28,-1.85,1518.567円,1331回,52.88億円
5287,2019-10-23,1512,1617,12:57,1485,09:42,1523,249300株,387百万円,+41,+2.77,1554.187円,1428回,54.34億円
5287,2019-10-24,1563,1563,09:01,1424,12:54,1450,108500株,160百万円,-73,-4.79,1476.139円,565回,51.74億円
5287,2019-10-25,1460,1514,12:38,1430,09:30,1490,102300株,151百万円,+40,+2.76,1475.566円,608回,53.16億円
5287,2019-10-28,1455,1474,12:58,1430,09:08,1439,49400株,72百万円,-51,-3.42,1448.036円,256回,51.34億円
5287,2019-10-29,1461,1468,09:44,1433,14:41,1433,32300株,47百万円,-6,-0.42,1450.412円,182回,51.13億円
5287,2019-10-30,1459,1459,09:00,1375,13:36,1400,55200株,77百万円,-33,-2.30,1401.725円,317回,49.95億円
5287,2019-10-31,1428,1495,09:26,1412,11:04,1447,80700株,117百万円,+47,+3.36,1449.804円,487回,51.63億円
5287,2019-11-01,1419,1429,10:20,1375,10:47,1398,61800株,86百万円,-49,-3.39,1398.767円,341回,49.88億円
5287,2019-11-05,1444,1450,09:03,1381,15:00,1381,59800株,84百万円,-17,-1.22,1406.252円,294回,49.27億円
5287,2019-11-07,1282,1304,10:39,1255,09:59,1277,48700株,62百万円,-13,-1.01,1274.548円,214回,45.56億円
5287,2019-11-08,1286,1335,12:53,1270,09:05,1303,37400株,49百万円,+26,+2.04,1299.091円,206回,46.49億円
5287,2019-11-11,1300,1303,09:57,1274,09:02,1274,19100株,25百万円,-29,-2.23,1289.853円,127回,45.46億円
5287,2019-11-12,1267,1308,14:53,1230,09:08,1288,29700株,38百万円,+14,+1.10,1267.697円,204回,45.96億円
5287,2019-11-13,1288,1319,09:13,1221,10:13,1248,37400株,47百万円,-40,-3.11,1266.476円,271回,44.53億円
5287,2019-11-14,1236,1271,09:00,1236,09:00,1242,26900株,34百万円,-6,-0.48,1254.286円,167回,44.31億円
5287,2019-11-15,1222,1255,10:27,1222,09:00,1237,11100株,14百万円,-5,-0.40,1237.207円,70回,44.14億円
5287,2019-11-18,1238,1316,13:56,1238,09:00,1298,36700株,47百万円,+61,+4.93,1286.275円,247回,46.31億円
5287,2019-11-19,1286,1314,12:31,1272,09:10,1285,13900株,18百万円,-13,-1.00,1289.986円,96回,45.85億円
5287,2019-11-20,1285,1311,09:22,1271,13:47,1281,12300株,16百万円,-4,-0.31,1287.146円,98回,45.71億円
5287,2019-11-21,1272,1332,14:59,1268,09:55,1332,23200株,30百万円,+51,+3.98,1292.72円,148回,47.53億円
5287,2019-11-22,1304,1354,13:32,1298,09:02,1346,34700株,46百万円,+14,+1.05,1331.207円,215回,48.03億円
5287,2019-11-25,1333,1390,14:12,1333,09:00,1389,40000株,55百万円,+43,+3.19,1368.783円,225回,49.56億円
5287,2019-11-26,1391,1409,09:02,1369,09:06,1393,44800株,62百万円,+4,+0.29,1386.857円,253回,49.70億円
5287,2019-11-27,1404,1409,13:37,1380,10:03,1400,24300株,34百万円,+7,+0.50,1399.811円,141回,49.95億円
5287,2019-11-28,1413,1440,09:01,1400,09:04,1403,27600株,39百万円,+3,+0.21,1413.891円,185回,50.06億円
5287,2019-11-29,1405,1418,09:17,1319,10:37,1362,35900株,49百万円,-41,-2.92,1367.674円,266回,48.60億円
5287,2019-12-02,1392,1424,12:55,1370,09:11,1409,37400株,52百万円,+47,+3.45,1401.834円,215回,50.27億円
5287,2019-12-03,1380,1709,13:59,1380,09:00,1708,549200株,893百万円,+299,+21.22,1625.391円,2852回,60.94億円
5287,2019-12-05,1785,1800,09:00,1662,14:30,1688,221300株,379百万円,-89,-5.01,1710.86円,1176回,60.23億円
5287,2019-12-06,1776,1889,09:08,1712,13:40,1760,591700株,1071百万円,+72,+4.27,1810.591円,3217回,62.80億円
5287,2019-12-09,1788,1828,09:02,1740,12:39,1796,185200株,330百万円,+36,+2.05,1779.45円,1027回,64.08億円
5287,2019-12-10,1796,1819,09:01,1635,14:59,1721,189100株,330百万円,-75,-4.18,1747.143円,1015回,61.41億円
5287,2019-12-13,1608,1636,09:06,1521,15:00,1521,94300株,148百万円,-114,-6.97,1571.06円,594回,54.27億円
5287,2019-12-16,1557,1633,09:16,1552,09:02,1591,87800株,140百万円,+70,+4.60,1592.788円,528回,56.77億円
5287,2019-12-17,1553,1577,14:59,1501,09:15,1569,67100株,104百万円,-22,-1.38,1543.364円,394回,55.98億円
5287,2019-12-18,1635,1638,09:03,1506,13:42,1546,95400株,149百万円,-23,-1.47,1557.216円,554回,55.16億円
5287,2019-12-19,1521,1581,13:20,1521,09:00,1544,41500株,64百万円,-2,-0.13,1547.359円,252回,55.09億円
5287,2019-12-20,1544,1602,14:48,1544,09:00,1590,53700株,85百万円,+46,+2.98,1575.356円,309回,56.73億円
5287,2019-12-23,1591,1601,09:03,1518,14:20,1549,53000株,83百万円,-41,-2.58,1558.655円,336回,55.27億円
5287,2019-12-24,1548,1549,09:00,1511,09:04,1529,33800株,51百万円,-20,-1.29,1522.328円,224回,54.55億円
5287,2019-12-25,1511,1566,10:20,1507,12:48,1515,41700株,64百万円,-14,-0.92,1528.705円,245回,54.06億円
5287,2019-12-26,1515,1538,10:31,1513,12:47,1519,27500株,42百万円,+4,+0.26,1523.094円,149回,54.20億円
5287,2019-12-27,1519,1555,14:07,1509,10:44,1535,23700株,36百万円,+16,+1.05,1531.515円,179回,54.77億円
5287,2019-12-30,1575,1696,12:51,1541,09:09,1670,152600株,250百万円,+135,+8.79,1640.966円,851回,59.59億円
5287,2020-01-06,1670,1700,09:00,1601,13:07,1635,93000株,154百万円,-35,-2.10,1650.807円,523回,58.34億円
5287,2020-01-07,1625,1644,09:03,1574,13:19,1579,71600株,115百万円,-56,-3.43,1607.941円,416回,56.34億円
5287,2020-01-08,1565,1578,09:01,1485,09:44,1499,83400株,126百万円,-80,-5.07,1514.074円,498回,53.48億円
5287,2020-01-09,1545,1545,09:03,1486,11:27,1508,50400株,76百万円,+9,+0.60,1507.746円,248回,53.81億円
5287,2020-01-10,1508,1508,09:00,1452,13:21,1484,42300株,62百万円,-24,-1.59,1472.563円,255回,52.95億円
5287,2020-01-14,1469,1478,10:20,1446,09:05,1453,24200株,35百万円,-31,-2.09,1459.318円,144回,51.84億円
5287,2020-01-15,1448,1453,09:38,1431,10:06,1433,21000株,30百万円,-20,-1.38,1439.281円,118回,51.13億円
5287,2020-01-16,1433,1460,09:42,1431,09:00,1440,16600株,24百万円,+7,+0.49,1449.018円,115回,51.38億円
5287,2020-01-17,1445,1469,14:30,1445,09:00,1463,13700株,20百万円,+23,+1.60,1457.599円,101回,52.20億円
5287,2020-01-20,1487,1493,09:21,1465,13:27,1481,25100株,37百万円,+18,+1.23,1483.845円,164回,52.84億円
5287,2020-01-21,1506,1573,09:36,1493,09:11,1560,77000株,118百万円,+79,+5.33,1537.867円,440回,55.66億円
5287,2020-01-22,1540,1562,12:37,1501,09:00,1518,41100株,63百万円,-42,-2.69,1534.506円,247回,54.16億円
5287,2020-01-23,1524,1580,09:29,1519,14:15,1533,39700株,62百万円,+15,+0.99,1552.798円,245回,54.70億円
5287,2020-01-24,1513,1775,12:47,1501,09:50,1653,269400株,452百万円,+120,+7.83,1676.61円,1485回,58.98億円
5287,2020-01-27,1568,1648,11:08,1560,09:06,1643,59900株,96百万円,-10,-0.60,1608.853円,312回,58.62億円
5287,2020-01-28,1637,1694,09:16,1545,10:24,1612,91500株,147百万円,-31,-1.89,1603.774円,415回,57.52億円
5287,2020-01-29,1649,1669,09:00,1560,12:45,1573,30900株,49百万円,-39,-2.42,1587.903円,221回,56.1億円
5287,2020-01-30,1554,1572,09:02,1473,12:58,1511,45200株,68百万円,-62,-3.94,1514.889円,290回,53.9億円
5287,2020-01-31,1549,1638,11:01,1476,15:00,1476,72700株,112百万円,-35,-2.32,1539.949円,436回,52.7億円
5287,2020-02-03,1340,1408,09:18,1340,09:12,1386,68000株,93百万円,-90,-6.10,1373.671円,309回,49.5億円
5287,2020-02-04,1408,1408,09:00,1372,10:21,1379,25100株,35百万円,-7,-0.51,1388.916円,145回,49.2億円
5287,2020-02-05,1407,1407,09:00,1376,09:27,1381,15900株,22百万円,+2,+0.15,1389.094円,92回,49.3億円
5287,2020-02-06,1387,1438,09:15,1387,09:00,1400,21100株,30百万円,+19,+1.38,1411.289円,136回,50.0億円
5287,2020-02-07,1425,1425,09:00,1392,10:24,1408,19600株,28百万円,+8,+0.57,1408.99円,112回,50.2億円
5287,2020-02-10,1378,1385,09:04,1351,09:19,1356,18600株,25百万円,-52,-3.69,1363.145円,118回,48.4億円
5287,2020-02-12,1357,1388,09:43,1357,09:00,1367,8500株,12百万円,+11,+0.81,1374.694円,72回,48.8億円
5287,2020-02-13,1375,1375,09:00,1345,13:35,1348,9700株,13百万円,-19,-1.39,1354.423円,55回,48.1億円
5287,2020-02-14,1349,1351,11:08,1311,10:24,1333,18200株,24百万円,-15,-1.11,1333.401円,110回,47.6億円
5287,2020-02-17,1315,1317,09:24,1297,09:15,1314,10900株,14百万円,-19,-1.43,1307.495円,76回,46.9億円
5287,2020-02-17,1313,1327,09:17,1250,13:17,1275,22000株,28百万円,-39,-2.97,1276.277円,148回,45.5億円
5287,2020-02-18,1264,1330,09:12,1236,10:05,1311,15200株,20百万円,+36,+2.82,1290.789円,111回,46.8億円
5287,2020-02-20,1335,1340,09:33,1294,15:00,1294,12500株,16百万円,-17,-1.30,1310.168円,98回,46.2億円
5287,2020-02-21,1279,1329,14:41,1279,09:00,1307,13200株,17百万円,+13,+1.00,1293.379円,60回,46.6億円
5287,2020-02-25,1187,1280,12:52,1187,09:11,1264,21400株,26百万円,-43,-3.29,1228.977円,112回,45.1億円
5287,2020-02-26,1250,1282,09:18,1201,09:08,1241,13200株,16百万円,-23,-1.82,1244.826円,103回,44.3億円
5287,2020-02-27,1226,1247,10:21,1181,14:01,1186,21200株,26百万円,-55,-4.43,1204.457円,137回,42.3億円
5287,2020-02-28,1126,1167,09:41,1046,14:55,1048,50500株,56百万円,-138,-11.64,1101.259円,260回,37.4億円
5287,2020-03-02,1048,1281,14:15,1046,09:00,1184,24000株,27百万円,+136,+12.98,1145.371円,147回,42.3億円
5287,2020-03-03,1257,1280,09:11,1120,13:51,1160,23100株,28百万円,-24,-2.03,1204.619円,136回,41.4億円
5287,2020-03-04,1130,1241,09:27,1130,09:02,1218,11300株,14百万円,+58,+5.00,1203.451円,92回,43.5億円
5287,2020-03-05,1218,1226,09:04,1150,12:30,1188,18400株,22百万円,-30,-2.46,1189.603円,110回,42.4億円
5287,2020-03-06,1158,1205,09:13,1116,10:57,1145,22800株,26百万円,-43,-3.62,1160.895円,129回,40.9億円
5287,2020-03-06,1039,1060,09:09,942,11:19,970,30900株,31百万円,-175,-15.28,1002.595円,173回,34.6億円
5287,2020-03-10,895,1036,10:17,844,09:35,979,27500株,25百万円,+9,+0.93,918.72円,104回,34.9億円
5287,2020-03-11,1003,1032,10:10,945,14:59,945,19400株,19百万円,-34,-3.47,980.387円,66回,33.7億円
5287,2020-03-12,915,973,09:26,880,15:00,880,21200株,19百万円,-65,-6.88,908.377円,142回,31.4億円
5287,2020-03-13,809,812,09:40,757,13:49,805,17800株,14百万円,-75,-8.52,786.18円,96回,28.7億円
5287,2020-03-16,865,872,10:20,812,15:00,812,11400株,10百万円,+7,+0.87,848.316円,55回,29.0億円
5287,2020-03-17,772,873,10:17,750,09:06,832,15100株,12百万円,+20,+2.46,817.781円,85回,29.7億円
5287,2020-03-18,845,927,13:05,832,10:06,835,16400株,14百万円,+3,+0.36,874.293円,99回,29.8億円
5287,2020-03-19,835,887,09:43,801,11:20,826,11700株,10百万円,-9,-1.08,828.778円,55回,29.5億円
5287,2020-03-23,826,894,13:00,805,09:16,865,17700株,15百万円,+39,+4.72,843.011円,93回,30.9億円
5287,2020-03-24,861,924,15:00,860,09:00,924,11300株,10百万円,+59,+6.82,891.407円,68回,33.0億円
5287,2020-03-25,999,1036,11:20,960,09:36,991,8200株,8百万円,+67,+7.25,994.61円,51回,35.4億円
5287,2020-03-26,980,980,09:00,911,14:36,912,10200株,10百万円,-79,-7.97,933.961円,51回,32.5億円
5287,2020-03-27,949,950,09:07,891,14:32,905,4500株,4百万円,-7,-0.77,916.444円,30回,32.3億円
5287,2020-03-30,831,905,14:50,831,09:12,893,11000株,9百万円,-12,-1.33,860.873円,67回,31.9億円
5287,2020-03-31,903,939,09:55,893,13:38,898,8300株,8百万円,+5,+0.56,914.952円,50回,32.0億円
5287,2020-04-01,898,901,14:11,882,14:53,894,3100株,3百万円,-4,-0.45,892.581円,22回,31.9億円
5287,2020-04-02,886,890,09:37,875,14:26,880,2600株,2百万円,-14,-1.57,880.885円,16回,31.4億円
5287,2020-04-03,880,880,09:00,850,13:40,857,4700株,4百万円,-23,-2.61,871.404円,25回,30.6億円
5287,2020-04-06,857,891,14:42,854,09:30,882,6100株,5百万円,+25,+2.92,872.443円,48回,31.5億円
5287,2020-04-07,910,920,09:44,876,14:43,881,9400株,8百万円,-1,-0.11,893.957円,55回,31.4億円
5287,2020-04-08,872,905,09:35,872,09:00,890,4600株,4百万円,+9,+1.02,892.152円,26回,31.8億円
5287,2020-04-09,890,986,13:01,890,09:00,947,10600株,10百万円,+57,+6.40,939.896円,74回,33.8億円
5287,2020-04-10,932,953,09:25,901,09:58,934,6900株,6百万円,-13,-1.37,923.957円,34回,33.3億円
5287,2020-04-13,934,958,13:17,929,14:20,939,5700株,5百万円,+5,+0.54,943.105円,40回,33.5億円
5287,2020-04-14,950,950,10:36,939,14:14,944,1600株,2百万円,+5,+0.53,942.687円,15回,33.7億円
5287,2020-04-15,942,969,10:25,931,15:00,931,4000株,4百万円,-13,-1.38,951.15円,22回,33.2億円
5287,2020-04-16,930,948,14:11,911,09:36,937,4000株,4百万円,+6,+0.64,930.85円,17回,33.4億円
5287,2020-04-17,942,965,14:24,942,09:41,962,1400株,1百万円,+25,+2.67,952.571円,13回,34.3億円
5287,2020-04-20,989,1031,11:03,960,09:14,995,15700株,16百万円,+33,+3.43,998.885円,89回,35.5億円
5287,2020-04-21,997,1051,09:08,992,13:01,1016,12300株,12百万円,+21,+2.11,1015.35円,76回,36.3億円
5287,2020-04-22,1016,1016,09:00,951,09:12,975,9900株,10百万円,-41,-4.04,981.747円,55回,34.8億円
5287,2020-04-23,995,999,10:32,977,10:15,983,6300株,6百万円,+8,+0.82,989.444円,43回,35.1億円
5287,2020-04-24,983,997,12:36,981,09:07,988,4400株,4百万円,+5,+0.51,986.182円,32回,35.3億円
5287,2020-04-27,995,1055,14:59,987,09:30,1055,7800株,8百万円,+67,+6.78,1007.923円,53回,37.6億円
5287,2020-04-28,1050,1300,10:49,1012,09:09,1095,56800株,66百万円,+40,+3.79,1155.144円,333回,39.1億円
5287,2020-04-30,1155,1180,09:08,1071,10:20,1090,17700株,20百万円,-5,-0.46,1118.712円,102回,38.9億円
5287,2020-05-01,1060,1070,09:00,1018,10:08,1052,11900株,12百万円,-38,-3.49,1041.101円,95回,37.5億円
5287,2020-05-07,1052,1102,09:08,1052,09:00,1055,6100株,7百万円,+3,+0.29,1077.246円,51回,37.6億円
5287,2020-05-08,1105,1105,09:03,1041,14:51,1049,6500株,7百万円,-6,-0.57,1059.985円,42回,37.4億円
5287,2020-05-11,1049,1078,12:39,1022,09:07,1072,10200株,11百万円,+23,+2.19,1052.02円,37回,38.3億円,04/24,0.0,77.0,－
5287,2020-05-12,1072,1090,09:00,1060,12:30,1066,5100株,5百万円,-6,-0.56,1070.961円,28回,38.0億円,05/01,0.0,75.7,－
5287,2020-05-13,1066,1069,10:54,1038,13:12,1053,9200株,10百万円,-13,-1.22,1057.62円,48回,37.6億円,05/01,0.0,75.7,－
5287,2020-05-14,1052,1052,09:00,1021,14:44,1032,8000株,8百万円,-21,-1.99,1037.137円,49回,36.8億円,05/01,0.0,75.7,－
5287,2020-05-15,1036,1122,11:03,1036,09:00,1057,25800株,28百万円,+25,+2.42,1070.922円,167回,37.7億円,05/01,0.0,75.7,－
5287,2020-05-18,1110,1110,09:03,1066,09:08,1075,17300株,19百万円,+18,+1.70,1085.37円,86回,38.4億円,05/01,0.0,75.7,－
5287,2020-05-19,1084,1172,13:30,1075,09:41,1157,28800株,32百万円,+82,+7.63,1124.003円,138回,41.3億円,05/01,0.0,75.7,－
5287,2020-05-20,1140,1157,12:40,1110,09:10,1119,12700株,14百万円,-38,-3.28,1131.827円,81回,39.9億円,05/01,0.0,75.7,－
5287,2020-05-21,1140,1148,09:00,1096,12:35,1097,14600株,16百万円,-22,-1.97,1110.075円,76回,39.1億円,05/15,0.0,81.3,－
5287,2020-05-22,1096,1115,10:53,1078,14:28,1099,4500株,5百万円,+2,+0.18,1092.867円,31回,39.2億円,05/15,0.0,81.3,－
