5301,2019-08-06,1008,1015,09:04,954,13:20,973,7193800株,7010百万円,-50,-4.89,974.481円,6300回
5301,2019-08-06,924,957,14:57,922,09:09,954,5813700株,5462百万円,-19,-1.95,939.562円,5876回
5301,2019-08-07,1007,1036,09:18,959,11:09,963,11273000株,11130百万円,+9,+0.94,987.285円,10014回
5301,2019-08-08,964,1012,14:16,963,09:00,1002,7565600株,7504百万円,+39,+4.05,991.797円,6781回
5301,2019-08-09,1002,1033,09:46,990,09:03,1019,5882400株,5984百万円,+17,+1.70,1017.212円,6303回
5301,2019-08-13,992,1007,14:32,985,10:29,1005,3944500株,3933百万円,-14,-1.37,997.151円,3541回
5301,2019-08-14,1019,1028,09:03,1006,11:17,1008,3263000株,3304百万円,+3,+0.30,1012.48円,2773回
5301,2019-08-15,976,997,10:48,975,09:03,995,3806800株,3766百万円,-13,-1.29,989.19円,3255回
5301,2019-08-16,987,990,09:03,973,13:56,978,4359500株,4275百万円,-17,-1.71,980.605円,3751回
5301,2019-08-19,986,999,12:45,983,09:00,983,2459600株,2435百万円,+5,+0.51,989.926円,2550回
5301,2019-08-20,996,1002,09:10,989,12:30,990,1820800株,1809百万円,+7,+0.71,993.392円,1892回
5301,2019-08-21,978,984,09:18,970,14:24,972,2688800株,2621百万円,-18,-1.82,974.903円,2583回
5301,2019-08-22,987,993,09:13,970,14:35,975,3194600株,3130百万円,+3,+0.31,979.866円,2584回
5301,2019-08-23,970,985,10:52,970,09:00,981,1811900株,1775百万円,+6,+0.62,979.639円,2066回
5301,2019-08-26,953,960,09:07,946,11:24,959,3984300株,3800百万円,-22,-2.24,953.618円,3091回
5301,2019-08-26,961,979,14:35,961,09:00,976,3184200株,3100百万円,+17,+1.77,973.664円,2629回
5301,2019-08-28,980,1009,13:03,979,09:00,1004,4850400株,4854百万円,+28,+2.87,1000.682円,3839回
5301,2019-08-29,1007,1027,09:24,995,12:50,1004,6247400株,6300百万円,0,0,1008.481円,3868回
5301,2019-08-30,1016,1026,09:10,1008,09:49,1017,2578700株,2623百万円,+13,+1.29,1017.049円,2428回
5301,2019-09-02,1022,1022,09:00,999,09:42,1015,2449200株,2471百万円,-2,-0.20,1008.805円,2408回
5301,2019-09-03,1015,1044,10:01,1014,09:00,1035,4029500株,4166百万円,+20,+1.97,1033.932円,3029回
5301,2019-09-03,1029,1037,14:56,1019,09:39,1032,3066400株,3153百万円,-3,-0.29,1028.254円,2467回
5301,2019-09-05,1038,1071,12:35,1038,09:00,1060,5013200株,5315百万円,+28,+2.71,1060.151円,4016回
5301,2019-09-05,1081,1104,11:07,1080,09:00,1088,5928800株,6470百万円,+28,+2.64,1091.259円,4394回
5301,2019-09-07,1095,1115,09:02,1094,09:00,1100,4884200株,5391百万円,+12,+1.10,1103.762円,3674回
5301,2019-09-10,1113,1124,09:28,1110,09:00,1119,5204600株,5823百万円,+19,+1.73,1118.86円,3801回
5301,2019-09-11,1130,1155,12:34,1130,09:00,1148,6510700株,7459百万円,+29,+2.59,1145.617円,5203回
5301,2019-09-12,1169,1177,09:02,1156,09:40,1156,4794700株,5571百万円,+8,+0.70,1161.984円,3472回
5301,2019-09-13,1169,1170,09:00,1141,11:18,1153,4990100株,5763百万円,-3,-0.26,1154.955円,3437回
5301,2019-09-17,1136,1165,09:40,1133,09:00,1150,3104900株,3575百万円,-3,-0.26,1151.493円,3123回
5301,2019-09-17,1145,1151,09:01,1124,12:31,1140,3515100株,3990百万円,-10,-0.87,1135.204円,3638回,2564.35億円
5301,2019-09-19,1144,1149,09:01,1119,14:59,1120,3392700株,3832百万円,-20,-1.75,1129.586円,3248回,2519.36億円
5301,2019-09-20,1119,1119,09:00,1097,09:23,1102,4029800株,4446百万円,-18,-1.61,1103.226円,3286回,2478.87億円
5301,2019-09-24,1100,1115,09:24,1090,09:02,1097,3218500株,3545百万円,-5,-0.45,1101.446円,3154回,2467.63億円
5301,2019-09-25,1090,1090,09:00,1073,09:50,1076,3508300株,3785百万円,-21,-1.91,1078.874円,2857回,2420.39億円
5301,2019-09-26,1092,1120,10:05,1091,09:00,1097,4524300株,4994百万円,+21,+1.95,1103.712円,3973回,2467.63億円
5301,2019-09-27,1099,1111,09:04,1083,09:39,1100,4393200株,4817百万円,+3,+0.27,1096.545円,3953回,2474.37億円
5301,2019-09-30,1095,1096,09:11,1082,10:30,1087,3470400株,3774百万円,-13,-1.18,1087.625円,3385回,2445.13億円
5301,2019-10-01,1100,1118,10:01,1093,09:05,1112,4335000株,4812百万円,+25,+2.30,1110.052円,3269回,2501.37億円
5301,2019-10-02,1090,1102,09:03,1086,11:21,1099,4295300株,4706百万円,-13,-1.17,1095.64円,3003回,2472.12億円
5301,2019-10-03,1063,1071,09:08,1056,09:04,1068,4791600株,5096百万円,-31,-2.82,1063.609円,4049回,2402.39億円
5301,2019-10-04,1075,1075,09:00,1062,10:01,1067,2384100株,2544百万円,-1,-0.09,1067.246円,2017回,2400.14億円
5301,2019-10-07,1074,1075,09:00,1060,11:25,1061,2510100株,2672百万円,-6,-0.56,1064.353円,2306回,2386.65億円
5301,2019-10-08,1068,1100,12:31,1067,09:01,1088,3593800株,3908百万円,+27,+2.54,1087.447円,2993回,2447.38億円
5301,2019-10-09,1070,1075,09:05,1062,13:35,1067,2788600株,2978百万円,-21,-1.93,1067.759円,2288回,2400.14億円
5301,2019-10-10,1068,1082,12:34,1057,09:32,1075,3461400株,3713百万円,+8,+0.75,1072.73円,2619回,2418.14億円
5301,2019-10-11,1085,1093,13:11,1070,09:03,1090,3609500株,3908百万円,+15,+1.40,1082.668円,2671回,2451.88億円
5301,2019-10-15,1111,1130,09:14,1103,14:39,1104,5664300株,6315百万円,+14,+1.28,1114.813円,4057回,2483.37億円
5301,2019-10-16,1134,1155,09:15,1120,14:44,1122,7955100株,9060百万円,+18,+1.63,1138.843円,5537回,2523.86億円
5301,2019-10-17,1119,1135,14:22,1115,09:04,1130,3467900株,3907百万円,+8,+0.71,1126.739円,3050回,2541.86億円
5301,2019-10-18,1135,1162,09:52,1133,09:11,1145,4997500株,5741百万円,+15,+1.33,1148.739円,3400回,2575.60億円
5301,2019-10-21,1135,1144,09:01,1117,12:45,1118,4114200株,4631百万円,-27,-2.36,1125.668円,3118回,2514.86億円
5301,2019-10-23,1106,1111,09:02,1081,11:21,1094,6286500株,6877百万円,-24,-2.15,1093.878円,5121回,2460.88億円
5301,2019-10-24,1089,1115,14:36,1089,09:00,1112,3806500株,4204百万円,+18,+1.65,1104.343円,3405回,2501.37億円
5301,2019-10-25,1115,1122,09:03,1105,09:26,1114,3425000株,3814百万円,+2,+0.18,1113.682円,3642回,2505.87億円
5301,2019-10-28,1126,1138,09:12,1119,14:36,1119,3206600株,3609百万円,+5,+0.45,1125.357円,3034回,2517.11億円
5301,2019-10-29,1126,1134,09:02,1119,12:49,1123,2654500株,2987百万円,+4,+0.36,1125.143円,2826回,2526.11億円
5301,2019-10-30,1117,1118,09:00,1092,13:35,1097,4904700株,5396百万円,-26,-2.32,1100.181円,3678回,2467.63億円
5301,2019-10-31,1110,1110,09:00,1090,11:04,1104,3168800株,3487百万円,+7,+0.64,1100.426円,2691回,2483.37億円
5301,2019-11-01,1090,1097,12:30,1085,09:28,1096,2794600株,3051百万円,-8,-0.72,1091.674円,2481回,2465.38億円
5301,2019-11-05,1114,1132,12:31,1110,09:01,1123,5812200株,6537百万円,+27,+2.46,1124.761円,4663回,2526.11億円
5301,2019-11-06,1134,1139,09:00,1122,09:58,1131,4128800株,4665百万円,+8,+0.71,1129.748円,3189回,2544.11億円
5301,2019-11-07,1079,1082,14:59,1039,09:11,1078,13203300株,14084百万円,-53,-4.69,1066.705円,8970回,2424.89億円
5301,2019-11-08,1090,1098,09:10,1058,12:54,1067,7639400株,8210百万円,-11,-1.02,1074.67円,5669回,2400.14億円
5301,2019-11-11,1071,1076,09:00,1065,09:30,1070,3089300株,3304百万円,+3,+0.28,1069.489円,2660回,2406.89億円
5301,2019-11-12,1074,1107,14:50,1069,09:20,1103,5675100株,6199百万円,+33,+3.08,1092.262円,4227回,2481.12億円
5301,2019-11-13,1095,1099,14:13,1081,09:22,1098,4014000株,4374百万円,-5,-0.45,1089.659円,3285回,2469.88億円
5301,2019-11-14,1102,1114,09:14,1088,14:24,1092,4456600株,4900百万円,-6,-0.55,1099.483円,3551回,2456.38億円
5301,2019-11-15,1077,1084,12:30,1068,09:24,1079,4364000株,4697百万円,-13,-1.19,1076.351円,3275回,2427.14億円
5301,2019-11-18,1082,1082,09:00,1052,09:30,1068,4429700株,4717百万円,-11,-1.02,1064.764円,3706回,2402.39億円
5301,2019-11-19,1067,1069,11:28,1058,09:18,1063,2358300株,2506百万円,-5,-0.47,1062.682円,1927回,2391.15億円
5301,2019-11-20,1055,1059,09:41,1041,10:31,1043,4848600株,5079百万円,-20,-1.88,1047.457円,4129回,2346.16億円
5301,2019-11-21,1039,1042,09:17,1028,11:20,1036,3458300株,3577百万円,-7,-0.67,1034.189円,3248回,2330.41億円
5301,2019-11-22,1036,1053,12:31,1035,09:00,1049,3468200株,3634百万円,+13,+1.25,1047.676円,2840回,2359.65億円
5301,2019-11-25,1062,1084,11:10,1059,09:03,1081,5212000株,5604百万円,+32,+3.05,1075.298円,3731回,2431.63億円
5301,2019-11-26,1092,1107,09:14,1081,13:01,1081,4653300株,5088百万円,0,0,1093.495円,3459回,2431.63億円
5301,2019-11-27,1085,1096,14:45,1078,09:37,1092,3663200株,3987百万円,+11,+1.02,1088.422円,2872回,2456.38億円
5301,2019-11-28,1074,1080,09:02,1065,09:31,1076,4846100株,5200百万円,-16,-1.47,1073.017円,3660回,2420.39億円
5301,2019-11-29,1076,1085,12:30,1075,09:00,1076,3360800株,3625百万円,0,0,1078.736円,2376回,2420.39億円
5301,2019-12-02,1082,1102,09:19,1082,09:00,1089,3985200株,4362百万円,+13,+1.21,1094.618円,3184回,2449.63億円
5301,2019-12-03,1076,1097,14:56,1071,09:01,1096,3611600株,3931百万円,+7,+0.64,1088.436円,2742回,2465.38億円
5301,2019-12-05,1084,1096,10:15,1081,09:01,1088,3305900株,3603百万円,+11,+1.02,1089.722円,2986回,2447.38億円
5301,2019-12-06,1099,1119,10:16,1098,09:00,1115,5363900株,5964百万円,+27,+2.48,1111.93円,3684回,2508.12億円
5301,2019-12-09,1126,1132,09:00,1119,09:08,1124,3438700株,3870百万円,+9,+0.81,1125.328円,2627回,2528.36億円
5301,2019-12-10,1124,1133,09:21,1120,09:00,1127,3163000株,3570百万円,+3,+0.27,1128.757円,2617回,2535.11億円
5301,2019-12-13,1124,1133,12:44,1112,09:41,1121,5805200株,6518百万円,+17,+1.54,1122.784円,4073回,2521.61億円
5301,2019-12-16,1123,1132,09:04,1122,10:17,1128,2089600株,2355百万円,+7,+0.62,1126.994円,2045回,2537.36億円
5301,2019-12-17,1132,1142,09:09,1120,14:58,1120,3457000株,3903百万円,-8,-0.71,1128.971円,2791回,2519.36億円
5301,2019-12-18,1120,1127,09:01,1106,10:36,1115,3349800株,3728百万円,-5,-0.45,1112.809円,2768回,2508.12億円
5301,2019-12-19,1118,1124,09:59,1113,09:11,1115,2457600株,2746百万円,0,0,1117.445円,2418回,2508.12億円
5301,2019-12-20,1127,1135,09:25,1118,10:37,1125,3350300株,3775百万円,+10,+0.90,1126.727円,2416回,2530.61億円
5301,2019-12-23,1131,1132,09:00,1121,14:30,1123,2490400株,2801百万円,-2,-0.18,1124.792円,2000回,2526.11億円
5301,2019-12-24,1123,1138,15:00,1117,09:33,1138,4655800株,5258百万円,+15,+1.34,1129.343円,2813回,2559.85億円
5301,2019-12-25,1132,1136,09:00,1123,11:03,1130,2473400株,2792百万円,-8,-0.70,1128.837円,2093回,2541.86億円
5301,2019-12-26,1126,1134,09:12,1123,09:01,1132,3181300株,3595百万円,+2,+0.18,1129.968円,2322回,2546.36億円
5301,2019-12-27,1108,1111,09:00,1093,11:09,1101,4207200株,4638百万円,-31,-2.74,1102.402円,2748回,2476.62億円
5301,2019-12-30,1103,1103,09:00,1085,10:17,1095,2535900株,2770百万円,-6,-0.54,1092.454円,2044回,2463.13億円
5301,2020-01-06,1068,1075,14:54,1059,09:22,1074,3158800株,3370百万円,-21,-1.92,1066.891円,2451回,2415.89億円
5301,2020-01-07,1071,1078,09:03,1070,12:38,1073,2280400株,2446百万円,-1,-0.09,1072.717円,1785回,2413.64億円
5301,2020-01-08,1057,1057,09:00,1038,09:41,1045,4566500株,4775百万円,-28,-2.61,1045.762円,3198回,2350.66億円
5301,2020-01-09,1067,1067,09:00,1045,14:59,1045,2528300株,2661百万円,0,0,1052.632円,2178回,2350.66億円
5301,2020-01-10,1044,1046,09:00,1033,09:14,1039,2474600株,2570百万円,-6,-0.57,1038.454円,1924回,2337.16億円
5301,2020-01-14,1035,1044,09:18,1030,13:05,1036,2486100株,2574百万円,-3,-0.29,1035.162円,1762回,2330.41億円
5301,2020-01-15,1035,1041,12:36,1033,09:00,1036,1721300株,1785百万円,0,0,1036.861円,1665回,2330.41億円
5301,2020-01-16,1033,1035,09:00,1025,13:11,1028,2488100株,2560百万円,-8,-0.77,1028.819円,1953回,2312.42億円
5301,2020-01-17,1030,1040,14:28,1029,09:00,1036,2268300株,2349百万円,+8,+0.78,1035.642円,1770回,2330.41億円
5301,2020-01-20,1038,1049,13:23,1037,09:12,1044,1690100株,1764百万円,+8,+0.77,1043.902円,1377回,2348.41億円
5301,2020-01-21,1047,1047,09:00,1032,10:54,1035,2653300株,2749百万円,-9,-0.86,1036.134円,2189回,2328.16億円
5301,2020-01-22,1025,1028,09:00,1008,10:54,1018,4551700株,4623百万円,-17,-1.64,1015.663円,3329回,2289.92億円
5301,2020-01-23,1002,1010,14:53,1000,09:00,1008,2244900株,2258百万円,-10,-0.98,1005.628円,1910回,2267.43億円
5301,2020-01-24,1008,1012,09:31,1004,09:00,1007,1442100株,1452百万円,-1,-0.10,1007.195円,1321回,2265.18億円
5301,2020-01-27,996,1000,10:06,985,09:10,994,3044000株,3024百万円,-13,-1.29,993.373円,2224回,2235.93億円
5301,2020-01-28,983,1002,14:46,982,09:00,999,2911800株,2891百万円,+5,+0.50,992.766円,1988回,2247.18億円
5301,2020-01-29,1000,1008,12:45,996,09:34,1004,2180600株,2188百万円,+5,+0.50,1003.53円,1678回,2258億円
5301,2020-01-30,1006,1015,09:08,997,12:52,1006,2664100株,2676百万円,+2,+0.20,1004.65円,1989回,2263億円
5301,2020-01-31,1006,1023,10:02,1006,09:00,1010,2929400株,2965百万円,+4,+0.40,1012.132円,1982回,2272億円
5301,2020-02-03,987,1009,14:30,984,09:05,1005,2795800株,2795百万円,-5,-0.50,999.77円,2149回,2261億円
5301,2020-02-04,1006,1008,09:00,998,11:26,1006,2346500株,2356百万円,+1,+0.10,1003.877円,1802回,2263億円
5301,2020-02-05,1014,1031,13:53,1012,09:02,1020,3293400株,3367百万円,+14,+1.39,1022.425円,1929回,2294億円
5301,2020-02-06,1033,1046,09:20,1031,09:00,1035,4511900株,4686百万円,+15,+1.47,1038.509円,3182回,2328億円
5301,2020-02-07,1029,1029,09:00,1008,09:49,1027,2797400株,2859百万円,-8,-0.77,1021.873円,2077回,2310億円
5301,2020-02-10,1007,1019,14:29,1006,09:01,1016,2566200株,2603百万円,-11,-1.07,1014.332円,1722回,2285億円
5301,2020-02-10,1016,1019,09:00,989,12:47,1004,5236800株,5234百万円,-12,-1.18,999.554円,3758回,2258億円
5301,2020-02-13,990,1010,09:10,990,09:00,1001,3653500株,3655百万円,-3,-0.30,1000.537円,2486回,2252億円
5301,2020-02-14,999,1027,09:14,995,09:00,1012,4381700株,4439百万円,+11,+1.10,1012.969円,3116回,2276億円
5301,2020-02-17,1003,1017,14:53,991,09:13,1014,3242900株,3263百万円,+2,+0.20,1006.202円,2350回,2281億円
5301,2020-02-17,1002,1011,14:40,991,09:08,1011,3829600株,3846百万円,-3,-0.30,1004.348円,3065回,2274億円
5301,2020-02-18,1011,1026,12:30,1005,09:24,1011,3156300株,3200百万円,0,0,1013.766円,2265回,2274億円
5301,2020-02-20,1028,1042,09:07,1014,12:51,1016,2853300株,2919百万円,+5,+0.49,1023.083円,2354回,2285億円
5301,2020-02-21,1020,1025,09:37,1012,10:02,1016,2236500株,2278百万円,0,0,1018.645円,1648回,2285億円
5301,2020-02-25,966,1002,14:13,964,09:06,1001,4082300株,4053百万円,-15,-1.48,992.887円,3081回,2252億円
5301,2020-02-26,988,1005,09:10,979,11:04,986,4602500株,4548百万円,-15,-1.50,988.16円,3029回,2218億円
5301,2020-02-27,975,981,09:00,957,09:48,973,5172600株,5006百万円,-13,-1.32,967.813円,3673回,2189億円
5301,2020-02-28,935,965,15:00,932,12:37,965,7815600株,7437百万円,-8,-0.82,951.502円,4943回,2171億円
5301,2020-03-02,935,977,12:42,925,09:20,957,7816800株,7459百万円,-8,-0.83,954.285円,6657回,2153億円
5301,2020-03-03,972,975,09:00,956,10:48,961,4615800株,4449百万円,+4,+0.42,963.936円,3378回,2162億円
5301,2020-03-04,950,967,14:48,943,09:21,962,4070000株,3897百万円,+1,+0.10,957.459円,4450回,2164億円
5301,2020-03-05,977,982,09:25,963,11:15,970,3182700株,3090百万円,+8,+0.83,970.823円,2690回,2182億円
5301,2020-03-06,957,966,09:17,950,11:14,956,3892900株,3720百万円,-14,-1.44,955.461円,3213回,2150億円
5301,2020-03-06,917,922,09:07,892,12:51,904,7101700株,6407百万円,-52,-5.44,902.12円,4312回,2033億円
5301,2020-03-10,860,883,12:52,818,09:39,875,10260800株,8822百万円,-29,-3.21,859.784円,8768回,1968億円
5301,2020-03-11,870,885,10:13,849,14:20,855,5303700株,4573百万円,-20,-2.29,862.252円,3630回,1923億円
5301,2020-03-12,828,841,10:07,807,12:50,812,9337300株,7660百万円,-43,-5.03,820.393円,6572回,1827億円
5301,2020-03-13,722,748,09:25,705,13:12,722,9940200株,7218百万円,-90,-11.08,726.145円,6839回,1624億円
5301,2020-03-16,732,743,09:00,694,14:58,698,4937100株,3536百万円,-24,-3.32,716.24円,3838回,1570億円
5301,2020-03-17,670,748,13:54,666,09:08,728,8363000株,6023百万円,+30,+4.30,720.232円,5872回,1638億円
5301,2020-03-18,745,849,13:45,745,09:03,812,10871400株,8814百万円,+84,+11.54,810.752円,8176回,1827億円
5301,2020-03-19,834,884,09:48,828,09:04,851,8522200株,7304百万円,+39,+4.80,857.032円,7665回,1914億円
5301,2020-03-23,825,861,13:36,822,14:32,833,5019600株,4205百万円,-18,-2.12,837.661円,5027回,1874億円
5301,2020-03-24,848,878,14:48,822,09:17,878,4627700株,3948百万円,+45,+5.40,853.197円,4862回,1975億円
5301,2020-03-25,900,905,09:03,881,10:03,903,5426300株,4865百万円,+25,+2.85,896.469円,4530回,2031億円
5301,2020-03-26,889,913,09:10,878,09:00,899,3517800株,3169百万円,-4,-0.44,900.927円,3336回,2022億円
5301,2020-03-27,914,917,09:02,887,09:55,917,3847700株,3485百万円,+18,+2.00,905.812円,3581回,2063億円
5301,2020-03-30,887,903,15:00,876,10:06,903,3851000株,3429百万円,-14,-1.53,890.322円,3449回,2031億円
5301,2020-03-31,917,918,09:00,885,13:38,891,2008200株,1811百万円,-12,-1.33,901.559円,2598回,2004億円
5301,2020-04-01,869,896,11:23,853,14:53,860,4588300株,4012百万円,-32,-3.59,874.363円,5471回,1935億円
5301,2020-04-02,858,890,12:56,847,09:00,881,4336000株,3805百万円,+21,+2.44,877.429円,4323回,1982億円
5301,2020-04-03,891,892,10:13,872,13:16,885,2475200株,2188百万円,+4,+0.45,883.796円,2360回,1991億円
5301,2020-04-06,873,906,14:43,861,09:08,901,2877800株,2564百万円,+16,+1.81,890.819円,3997回,2027億円
