5332,2019-08-06,4095,4095,09:00,3960,12:30,4010,775100株,3111百万円,-135,-3.26,4014.041円,1208回
5332,2019-08-06,3865,4095,14:19,3860,09:06,4090,925400株,3717百万円,+80,+2.00,4016.299円,1481回
5332,2019-08-07,4040,4070,09:59,3980,11:30,4030,527800株,2126百万円,-60,-1.47,4027.099円,975回
5332,2019-08-08,4000,4035,10:23,3970,14:11,3970,649600株,2594百万円,-60,-1.49,3992.879円,832回
5332,2019-08-09,4000,4025,11:08,3955,09:08,3990,615200株,2459百万円,+20,+0.50,3997.614円,880回
5332,2019-08-13,3940,4070,12:34,3920,09:03,4025,671800株,2698百万円,+35,+0.88,4015.771円,1074回
5332,2019-08-14,4090,4120,12:30,4065,09:02,4100,484800株,1986百万円,+75,+1.86,4097.362円,978回
5332,2019-08-15,4030,4040,09:01,3975,09:30,4040,422100株,1699百万円,-60,-1.46,4025.712円,772回
5332,2019-08-16,4025,4075,11:25,4000,09:10,4040,352000株,1421百万円,0,0,4037.984円,747回
5332,2019-08-19,4100,4100,09:00,4060,14:07,4060,311000株,1268百万円,+20,+0.50,4075.92円,723回
5332,2019-08-20,4055,4155,11:28,4050,09:00,4120,372900株,1536百万円,+60,+1.48,4118.819円,746回
5332,2019-08-21,4050,4110,13:16,4050,09:00,4095,235000株,962百万円,-25,-0.61,4092.64円,380回
5332,2019-08-22,4130,4150,09:22,4075,12:30,4100,321200株,1318百万円,+5,+0.12,4103.317円,749回
5332,2019-08-23,3990,4065,14:19,3990,09:03,4050,452200株,1827百万円,-50,-1.22,4040.774円,935回
5332,2019-08-26,3915,3940,12:30,3895,14:59,3905,721100株,2824百万円,-145,-3.58,3916.526円,1180回
5332,2019-08-26,3925,3935,09:00,3825,15:00,3825,694900株,2682百万円,-80,-2.05,3859.204円,978回
5332,2019-08-28,3800,3835,10:25,3785,09:00,3815,567500株,2162百万円,-10,-0.26,3809.518円,866回
5332,2019-08-29,3815,3835,09:00,3760,11:07,3805,448100株,1702百万円,-10,-0.26,3797.714円,846回
5332,2019-08-30,3850,3855,09:00,3815,09:16,3845,492000株,1889百万円,+40,+1.05,3838.884円,718回
5332,2019-09-02,3850,3855,09:08,3815,14:52,3820,246700株,945百万円,-25,-0.65,3828.662円,544回
5332,2019-09-03,3810,3850,11:10,3790,14:10,3810,355000株,1355百万円,-10,-0.26,3816.71円,744回
5332,2019-09-03,3810,3825,09:02,3760,12:50,3785,345400株,1307百万円,-25,-0.66,3783.587円,691回
5332,2019-09-05,3830,3880,12:30,3810,09:52,3860,683800株,2637百万円,+75,+1.98,3856.435円,868回
5332,2019-09-05,3930,3935,09:00,3895,10:15,3920,627100株,2457百万円,+60,+1.55,3917.771円,928回
5332,2019-09-07,3940,3975,10:32,3920,09:16,3940,513100株,2023百万円,+20,+0.51,3942.586円,798回
5332,2019-09-10,3955,3965,13:32,3935,10:19,3960,494200株,1952百万円,+20,+0.51,3950.738円,687回
5332,2019-09-11,4015,4060,13:10,3995,09:13,4050,816400株,3298百万円,+90,+2.27,4039.353円,1385回
5332,2019-09-12,4095,4135,10:14,4085,09:01,4100,683200株,2804百万円,+50,+1.23,4104.106円,844回
5332,2019-09-13,4140,4185,14:59,4095,09:04,4185,1259000株,5228百万円,+85,+2.07,4152.685円,1240回
5332,2019-09-17,4225,4240,10:01,4165,09:03,4205,717600株,3018百万円,+20,+0.48,4205.57円,1084回
5332,2019-09-17,4210,4210,09:00,4130,10:55,4175,505100株,2106百万円,-30,-0.71,4169.656円,950回,7388.97億円
5332,2019-09-19,4175,4190,10:26,4145,09:17,4155,476300株,1983百万円,-20,-0.48,4163.566円,845回,7353.57億円
5332,2019-09-20,4170,4170,09:00,4110,14:59,4130,627000株,2591百万円,-25,-0.60,4131.638円,712回,7309.33億円
5332,2019-09-24,4100,4195,12:30,4095,09:00,4170,561200株,2336百万円,+40,+0.97,4162.747円,1018回,7380.12億円
5332,2019-09-25,4130,4160,12:31,4115,09:02,4135,431400株,1785百万円,-35,-0.84,4137.071円,815回,7318.18億円
5332,2019-09-26,4200,4265,09:48,4190,09:00,4215,629100株,2657百万円,+80,+1.93,4223.826円,1024回,7459.76億円
5332,2019-09-27,4165,4185,09:01,4095,12:35,4115,601800株,2479百万円,-100,-2.37,4118.903円,973回,7282.78億円
5332,2019-09-30,4075,4085,09:00,3995,10:19,4045,792000株,3196百万円,-70,-1.70,4035.497円,1218回,7158.89億円
5332,2019-10-01,4095,4130,10:06,4075,09:00,4085,466400株,1911百万円,+40,+0.99,4096.73円,938回,7229.69億円
5332,2019-10-02,4070,4080,09:01,4005,11:00,4030,661900株,2668百万円,-55,-1.35,4031.224円,1096回,7132.35億円
5332,2019-10-03,3930,3975,10:26,3925,09:04,3965,641200株,2532百万円,-65,-1.61,3948.465円,1197回,7017.31億円
5332,2019-10-04,3940,3980,12:30,3925,09:05,3980,371500株,1473百万円,+15,+0.38,3965.576円,752回,7043.86億円
5332,2019-10-07,3965,3985,10:48,3950,09:30,3960,229400株,910百万円,-20,-0.50,3964.712円,447回,7008.46億円
5332,2019-10-08,4000,4045,10:55,3995,09:00,4025,431100株,1735百万円,+65,+1.64,4025.062円,772回,7123.50億円
5332,2019-10-09,3980,4055,14:47,3975,09:00,4045,374700株,1510百万円,+20,+0.50,4030.58円,697回,7158.89億円
5332,2019-10-10,4060,4060,09:00,4005,09:30,4035,370300株,1494百万円,-10,-0.25,4035.493円,764回,7141.20億円
5332,2019-10-11,4080,4080,09:00,4045,09:04,4070,403100株,1640百万円,+35,+0.87,4069.21円,567回,7203.14億円
5332,2019-10-15,4160,4175,10:39,4115,09:35,4145,639400株,2651百万円,+75,+1.84,4146.68円,1021回,7335.87億円
5332,2019-10-16,4235,4285,10:11,4225,09:03,4235,655100株,2781百万円,+90,+2.17,4244.831円,1288回,7495.16億円
5332,2019-10-17,4250,4260,09:00,4180,15:00,4180,451400株,1897百万円,-55,-1.30,4202.929円,802回,7397.82億円
5332,2019-10-18,4215,4235,11:07,4190,12:49,4200,386000株,1623百万円,+20,+0.48,4205.108円,663回,7433.21億円
5332,2019-10-21,4220,4255,13:44,4220,09:00,4230,263900株,1118百万円,+30,+0.71,4234.655円,492回,7486.31億円
5332,2019-10-23,4265,4270,09:00,4220,09:39,4255,491600株,2089百万円,+25,+0.59,4248.584円,916回,7530.55億円
5332,2019-10-24,4255,4285,09:03,4245,09:44,4280,403900株,1726百万円,+25,+0.59,4273.156円,686回,7574.80億円
5332,2019-10-25,4295,4310,09:05,4265,14:28,4275,465100株,1992百万円,-5,-0.12,4281.89円,754回,7565.95億円
5332,2019-10-28,4295,4365,14:18,4260,09:37,4365,493400株,2141百万円,+90,+2.11,4339.87円,1022回,7725.23億円
5332,2019-10-29,4410,4480,14:12,4370,09:16,4465,701300株,3122百万円,+100,+2.29,4452.179円,1311回,7902.21億円
5332,2019-10-30,4435,4465,09:00,4385,13:38,4390,1032400株,4544百万円,-75,-1.68,4401.714円,1522回,7769.48億円
5332,2019-10-31,4455,4475,09:50,4425,09:15,4455,572800株,2553百万円,+65,+1.48,4456.715円,1051回,7884.52億円
5332,2019-11-01,4175,4375,10:26,4160,09:11,4310,1193200株,5120百万円,-145,-3.25,4291.395円,2811回,7627.89億円
5332,2019-11-05,4450,4585,14:01,4420,09:03,4580,1006100株,4560百万円,+270,+6.26,4532.446円,2011回,8105.74億円
5332,2019-11-06,4585,4655,09:13,4585,09:00,4605,502000株,2312百万円,+25,+0.55,4606.361円,1120回,8149.99億円
5332,2019-11-07,4595,4610,11:02,4575,09:01,4590,323600株,1486百万円,-15,-0.33,4592.553円,827回,8123.44億円
5332,2019-11-08,4645,4645,09:00,4570,12:32,4610,613800株,2834百万円,+20,+0.44,4616.997円,957回,8158.84億円
5332,2019-11-11,4605,4660,10:05,4590,09:00,4630,503200株,2329百万円,+20,+0.43,4628.631円,966回,8194.23億円
5332,2019-11-12,4645,4675,10:50,4635,09:02,4665,700700株,3263百万円,+35,+0.76,4657.261円,1203回,8256.18億円
5332,2019-11-13,4670,4695,09:45,4660,09:00,4665,336200株,1571百万円,0,0,4671.599円,753回,8256.18億円
5332,2019-11-14,4660,4660,09:00,4575,13:08,4610,407800株,1885百万円,-50,-1.07,4623.275円,875回,8158.84億円
5332,2019-11-15,4640,4640,09:00,4565,12:54,4575,481900株,2212百万円,-35,-0.76,4589.377円,976回,8096.89億円
5332,2019-11-18,4575,4610,10:59,4565,09:01,4610,278600株,1281百万円,+35,+0.77,4598.152円,514回,8158.84億円
5332,2019-11-19,4640,4665,14:59,4615,09:01,4660,345700株,1606百万円,+50,+1.08,4646.749円,734回,8247.33億円
5332,2019-11-20,4635,4680,09:16,4585,13:23,4615,318600株,1471百万円,-45,-0.97,4616.391円,788回,8167.69億円
5332,2019-11-21,4585,4620,14:45,4510,10:43,4615,506000株,2321百万円,0,0,4586.381円,1018回,8167.69億円
5332,2019-11-22,4610,4725,11:01,4610,09:00,4700,527000株,2471百万円,+85,+1.84,4688.79円,1229回,8318.12億円
5332,2019-11-25,4725,4755,10:02,4700,12:59,4735,354500株,1677百万円,+35,+0.74,4730.897円,797回,8380.06億円
5332,2019-11-26,4760,4795,10:46,4745,09:15,4765,627700株,2993百万円,+30,+0.63,4768.752円,1152回,8433.16億円
5332,2019-11-27,4795,4795,09:00,4740,15:00,4740,359500株,1710百万円,-25,-0.52,4757.38円,722回,8388.91億円
5332,2019-11-28,4700,4795,14:22,4690,09:00,4765,535000株,2538百万円,+25,+0.53,4743.467円,949回,8433.16億円
5332,2019-11-29,4765,4810,14:57,4750,09:03,4790,597500株,2859百万円,+25,+0.52,4784.628円,1156回,8477.40億円
5332,2019-12-02,4770,4810,12:30,4770,09:00,4785,320100株,1532百万円,-5,-0.10,4784.616円,602回,8468.56億円
5332,2019-12-03,4720,4755,14:53,4705,09:04,4740,386300株,1829百万円,-45,-0.94,4735.511円,819回,8388.91億円
5332,2019-12-05,4740,4795,14:59,4740,09:00,4790,329300株,1574百万円,+70,+1.48,4778.955円,855回,8477.40億円
5332,2019-12-06,4800,4835,09:27,4785,12:35,4805,371000株,1783百万円,+15,+0.31,4806.864円,699回,8503.95億円
5332,2019-12-09,4840,4840,09:00,4785,10:08,4795,260000株,1248百万円,-10,-0.21,4799.096円,432回,8486.25億円
5332,2019-12-10,4770,4815,14:28,4765,09:00,4810,412100株,1977百万円,+15,+0.31,4797.203円,724回,8512.80億円
5332,2019-12-13,4950,4965,09:03,4915,09:43,4940,935800株,4624百万円,+115,+2.38,4940.964円,1259回,8742.88億円
5332,2019-12-16,4940,4940,09:00,4850,14:54,4850,407700株,1991百万円,-90,-1.82,4884.148円,669回,8583.59億円
5332,2019-12-17,4885,4900,09:00,4830,09:59,4870,353300株,1716百万円,+20,+0.41,4858.289円,780回,8618.99億円
5332,2019-12-18,4820,4820,09:00,4750,14:35,4770,500100株,2389百万円,-100,-2.05,4776.096円,917回,8442.01億円
5332,2019-12-19,4780,4800,09:00,4700,12:30,4725,348100株,1647百万円,-45,-0.94,4732.595円,693回,8362.37億円
5332,2019-12-20,4745,4750,09:00,4650,14:38,4660,594500株,2775百万円,-65,-1.38,4667.4円,1003回,8247.33億円
5332,2019-12-23,4700,4715,09:00,4650,10:39,4670,325200株,1520百万円,+10,+0.21,4672.709円,808回,8265.03億円
5332,2019-12-24,4655,4705,13:18,4650,09:36,4690,285600株,1337百万円,+20,+0.43,4681.183円,559回,8300.42億円
5332,2019-12-25,4660,4670,09:01,4630,12:30,4655,162200株,754百万円,-35,-0.75,4647.796円,316回,8238.48億円
5332,2019-12-26,4625,4700,14:55,4625,09:00,4700,237000株,1110百万円,+45,+0.97,4681.443円,425回,8318.12億円
5332,2019-12-27,4730,4745,09:00,4695,14:41,4705,227800株,1074百万円,+5,+0.11,4712.812円,416回,8326.97億円
5332,2019-12-30,4670,4695,11:01,4630,09:09,4640,284800株,1324百万円,-65,-1.38,4648.715円,431回,8211.93億円
5332,2020-01-06,4525,4575,09:16,4510,11:27,4555,431900株,1963百万円,-85,-1.83,4544.951円,782回,8061.50億円
5332,2020-01-07,4570,4675,14:57,4570,09:00,4675,613300株,2853百万円,+120,+2.63,4652.401円,1136回,8273.88億円
5332,2020-01-08,4545,4570,12:30,4495,10:02,4555,694700株,3157百万円,-120,-2.57,4544.3円,1494回,8061.50億円
5332,2020-01-09,4615,4665,14:20,4605,09:01,4660,572300株,2655百万円,+105,+2.31,4639.684円,1136回,8247.33億円
5332,2020-01-10,4685,4725,15:00,4670,09:00,4725,462800株,2177百万円,+65,+1.39,4704.33円,747回,8362.37億円
5332,2020-01-14,4770,4790,09:18,4750,09:00,4780,398400株,1901百万円,+55,+1.16,4771.33円,735回,8459.71億円
5332,2020-01-15,4765,4790,09:48,4750,14:28,4765,358100株,1708百万円,-15,-0.31,4768.429円,615回,8433.16億円
5332,2020-01-16,4800,4835,09:53,4775,14:14,4805,441800株,2122百万円,+40,+0.84,4803.408円,751回,8503.95億円
5332,2020-01-17,4855,4860,09:00,4790,12:36,4805,397200株,1911百万円,0,0,4812.035円,651回,8503.95億円
5332,2020-01-20,4795,4820,14:44,4775,09:53,4810,251100株,1206百万円,+5,+0.10,4804.182円,460回,8512.80億円
5332,2020-01-21,4800,4815,13:49,4745,10:20,4800,328800株,1576百万円,-10,-0.21,4792.14円,619回,8495.10億円
5332,2020-01-22,4795,4855,14:59,4790,09:00,4855,324100株,1568百万円,+55,+1.15,4836.728円,681回,8592.44億円
5332,2020-01-23,4795,4820,11:12,4745,13:29,4770,493600株,2356百万円,-85,-1.75,4772.994円,815回,8442.01億円
5332,2020-01-24,4755,4815,13:51,4755,09:00,4780,362200株,1733百万円,+10,+0.21,4785.634円,602回,8459.71億円
5332,2020-01-27,4650,4680,09:05,4610,14:08,4630,577800株,2685百万円,-150,-3.14,4646.27円,1133回,8194.23億円
5332,2020-01-28,4550,4570,14:47,4500,11:24,4560,593600株,2698百万円,-70,-1.51,4545.815円,1168回,8070.35億円
5332,2020-01-29,4595,4600,09:00,4545,10:00,4575,346700株,1584百万円,+15,+0.33,4568.29円,527回,8097億円
5332,2020-01-30,4535,4560,09:02,4390,14:14,4415,701400株,3112百万円,-160,-3.50,4436.206円,1267回,7814億円
5332,2020-01-31,4460,4540,14:57,4430,09:16,4525,958000株,4310百万円,+110,+2.49,4499.076円,1661回,8008億円
5332,2020-02-03,4595,4710,10:37,4575,09:04,4600,1490000株,6903百万円,+75,+1.66,4633.001円,2991回,8141億円
5332,2020-02-04,4550,4775,13:32,4535,09:00,4760,865800株,4088百万円,+160,+3.48,4722.033円,1767回,8424億円
5332,2020-02-05,4795,4910,13:48,4780,09:00,4870,623700株,3031百万円,+110,+2.31,4860.022円,1211回,8619億円
5332,2020-02-06,4935,5030,12:46,4915,09:00,4995,796400株,3973百万円,+125,+2.57,4988.575円,1118回,8840億円
5332,2020-02-07,5000,5040,09:24,4995,09:18,5010,344000株,1724百万円,+15,+0.30,5012.516円,634回,8867億円
5332,2020-02-10,4925,5020,14:39,4920,09:00,4995,416500株,2073百万円,-15,-0.30,4976.395円,699回,8840億円
5332,2020-02-10,5000,5040,09:03,4930,14:11,4940,469600株,2331百万円,-55,-1.10,4964.616円,973回,8743億円
5332,2020-02-13,4870,4885,09:00,4815,14:50,4830,706600株,3425百万円,-110,-2.23,4847.552円,1369回,8548億円
5332,2020-02-14,4810,4825,09:02,4765,10:50,4785,669200株,3205百万円,-45,-0.93,4789.544円,1076回,8469億円
5332,2020-02-17,4750,4750,09:00,4685,09:41,4725,392100株,1850百万円,-60,-1.25,4718.081円,839回,8362億円
5332,2020-02-17,4720,4725,09:00,4630,12:55,4665,401600株,1875百万円,-60,-1.27,4668.236円,873回,8256億円
5332,2020-02-18,4665,4665,09:00,4570,10:19,4605,802100株,3687百万円,-60,-1.29,4597.298円,1669回,8150億円
5332,2020-02-20,4650,4685,09:20,4590,12:33,4600,385500株,1783百万円,-5,-0.11,4624.045円,853回,8141億円
5332,2020-02-21,4580,4600,09:11,4540,14:53,4545,343800株,1569百万円,-55,-1.20,4564.586円,769回,8044億円
5332,2020-02-25,4335,4450,11:19,4330,09:07,4370,690700株,3028百万円,-175,-3.85,4384.155円,1355回,7734億円
5332,2020-02-26,4300,4330,14:58,4225,10:43,4325,651600株,2802百万円,-45,-1.03,4300.88円,1235回,7654億円
5332,2020-02-27,4230,4260,09:37,4190,14:02,4210,820300株,3461百万円,-115,-2.66,4219.428円,1887回,7451億円
5332,2020-02-28,4070,4095,14:59,4015,12:44,4095,1187200株,4836百万円,-115,-2.73,4073.692円,1874回,7247億円
