5333,2019-08-06,1548,1549,09:00,1505,12:30,1529,1396800株,2130百万円,-20,-1.29,1524.753円,2252回
5333,2019-08-06,1487,1533,13:08,1480,09:03,1525,1179700株,1790百万円,-4,-0.26,1517.481円,1899回
5333,2019-08-07,1519,1530,10:01,1498,14:11,1501,953300株,1439百万円,-24,-1.57,1509.162円,1878回
5333,2019-08-08,1492,1504,11:01,1487,14:58,1490,753900株,1126百万円,-11,-0.73,1493.635円,1626回
5333,2019-08-09,1508,1508,09:00,1487,12:33,1492,798100株,1195百万円,+2,+0.13,1497.391円,1010回
5333,2019-08-13,1464,1470,09:00,1452,10:11,1465,1027800株,1503百万円,-27,-1.81,1462.694円,1588回
5333,2019-08-14,1491,1499,09:00,1463,10:00,1474,700800株,1033百万円,+9,+0.61,1473.455円,1261回
5333,2019-08-15,1441,1456,12:30,1440,09:03,1455,972800株,1411百万円,-19,-1.29,1450.203円,1335回
5333,2019-08-16,1442,1448,09:46,1434,10:49,1444,841200株,1213百万円,-11,-0.76,1441.703円,1565回
5333,2019-08-19,1462,1467,12:49,1449,09:09,1464,732100株,1070百万円,+20,+1.39,1460.969円,1362回
5333,2019-08-20,1458,1479,14:59,1457,10:02,1479,992200株,1458百万円,+15,+1.02,1469.954円,1623回
5333,2019-08-21,1449,1455,09:17,1444,14:59,1445,884800株,1281百万円,-34,-2.30,1448.174円,1431回
5333,2019-08-22,1453,1459,09:01,1443,12:41,1446,784000株,1134百万円,+1,+0.07,1446.887円,1016回
5333,2019-08-23,1438,1447,09:00,1438,09:00,1442,660500株,952百万円,-4,-0.28,1442.042円,1149回
5333,2019-08-26,1398,1411,13:43,1392,09:03,1407,1339200株,1879百万円,-35,-2.43,1403.023円,1834回
5333,2019-08-26,1423,1429,09:00,1411,14:59,1416,951200株,1348百万円,+9,+0.64,1417.583円,1494回
5333,2019-08-28,1407,1410,09:00,1398,09:43,1402,818800株,1149百万円,-14,-0.99,1403.192円,1125回
5333,2019-08-29,1407,1416,09:26,1400,10:45,1411,685300株,965百万円,+9,+0.64,1408.861円,1128回
5333,2019-08-30,1421,1432,09:09,1421,09:00,1426,861300株,1229百万円,+15,+1.06,1426.541円,1389回
5333,2019-09-02,1425,1426,11:05,1414,09:21,1420,639900株,910百万円,-6,-0.42,1421.342円,1091回
5333,2019-09-03,1423,1438,12:30,1423,09:00,1428,683000株,977百万円,+8,+0.56,1430.031円,1228回
5333,2019-09-03,1418,1422,14:34,1408,09:48,1419,694200株,983百万円,-9,-0.63,1416.681円,1022回
5333,2019-09-05,1433,1459,12:35,1432,09:01,1446,1158900株,1678百万円,+27,+1.90,1447.558円,1626回
5333,2019-09-05,1468,1473,09:01,1464,09:10,1468,1098100株,1611百万円,+22,+1.52,1467.458円,1360回
5333,2019-09-07,1465,1476,14:31,1461,09:00,1476,720800株,1061百万円,+8,+0.54,1471.618円,863回
5333,2019-09-10,1498,1522,14:59,1498,09:00,1520,1374300株,2080百万円,+44,+2.98,1513.33円,1755回
5333,2019-09-11,1548,1561,14:24,1545,09:00,1561,1365300株,2125百万円,+41,+2.70,1556.266円,1909回
5333,2019-09-12,1575,1578,13:38,1560,09:27,1566,1127600株,1770百万円,+5,+0.32,1569.537円,1228回
5333,2019-09-13,1573,1577,13:37,1555,09:12,1573,1733000株,2724百万円,+7,+0.45,1571.783円,1328回
5333,2019-09-17,1580,1593,12:32,1568,09:04,1590,1104400株,1753百万円,+17,+1.08,1587.511円,1751回
5333,2019-09-17,1582,1589,12:34,1580,09:28,1584,687400株,1089百万円,-6,-0.38,1584.543円,1126回,5188.55億円
5333,2019-09-19,1585,1606,10:29,1566,14:48,1570,1309100株,2069百万円,-14,-0.88,1580.53円,1865回,5142.70億円
5333,2019-09-20,1577,1589,10:32,1559,14:09,1566,1646900株,2581百万円,-4,-0.25,1567.218円,1766回,5129.59億円
5333,2019-09-24,1565,1581,12:43,1561,09:03,1567,872400株,1369百万円,+1,+0.06,1568.731円,1467回,5132.87億円
5333,2019-09-25,1550,1560,14:08,1541,09:02,1558,822800株,1279百万円,-9,-0.57,1554.593円,1460回,5103.39億円
5333,2019-09-26,1589,1600,09:26,1573,14:56,1580,1092500株,1731百万円,+22,+1.41,1584.839円,1579回,5175.45億円
5333,2019-09-27,1557,1565,09:00,1532,12:35,1545,1337300株,2062百万円,-35,-2.22,1541.832円,1786回,5060.81億円
5333,2019-09-30,1549,1562,09:31,1532,14:59,1539,1076400株,1659百万円,-6,-0.39,1541.632円,1426回,5041.15億円
5333,2019-10-01,1539,1568,10:05,1536,09:00,1566,745500株,1164百万円,+27,+1.75,1561.486円,1396回,5129.59億円
5333,2019-10-02,1542,1554,10:33,1537,09:02,1545,858300株,1328百万円,-21,-1.34,1547.265円,1333回,5060.81億円
5333,2019-10-03,1515,1525,09:04,1504,12:48,1514,1042800株,1577百万円,-31,-2.01,1512.638円,1840回,4959.26億円
5333,2019-10-04,1506,1528,14:16,1505,09:00,1525,688900株,1048百万円,+11,+0.73,1521.6円,1111回,4995.29億円
5333,2019-10-07,1525,1533,09:01,1511,11:25,1518,542500株,824百万円,-7,-0.46,1518.252円,955回,4972.36億円
5333,2019-10-08,1533,1547,09:02,1532,10:41,1537,706800株,1087百万円,+19,+1.25,1537.759円,1317回,5034.60億円
5333,2019-10-09,1511,1536,14:59,1511,09:00,1533,632700株,967百万円,-4,-0.26,1529.005円,1119回,5021.50億円
5333,2019-10-10,1530,1538,10:39,1516,09:30,1533,738500株,1130百万円,0,0,1530.57円,1129回,5021.50億円
5333,2019-10-11,1548,1550,09:00,1529,10:14,1541,1297700株,2000百万円,+8,+0.52,1541.223円,1847回,5047.70億円
5333,2019-10-15,1570,1570,09:00,1547,09:58,1549,1080100株,1677百万円,+8,+0.52,1552.558円,1675回,5073.91億円
5333,2019-10-16,1568,1569,09:00,1546,10:25,1554,1667900株,2593百万円,+5,+0.32,1554.806円,2621回,5090.29億円
5333,2019-10-17,1554,1558,09:00,1545,09:09,1551,924500株,1434百万円,-3,-0.19,1550.865円,1347回,5080.46億円
5333,2019-10-18,1562,1570,09:00,1554,13:50,1555,1047800株,1634百万円,+4,+0.26,1558.982円,1294回,5093.56億円
5333,2019-10-21,1558,1561,09:00,1547,10:54,1549,1084500株,1682百万円,-6,-0.39,1551.163円,1296回,5073.91億円
5333,2019-10-23,1568,1574,15:00,1556,09:06,1574,2830700株,4432百万円,+25,+1.61,1565.844円,2671回,5155.80億円
5333,2019-10-24,1589,1627,14:57,1589,09:00,1627,1709700株,2764百万円,+53,+3.37,1616.523円,1698回,5329.40億円
5333,2019-10-25,1623,1634,10:12,1622,09:00,1629,1533100株,2495百万円,+2,+0.12,1627.569円,1577回,5335.96億円
5333,2019-10-28,1652,1654,09:00,1631,14:59,1632,898100株,1472百万円,+3,+0.18,1638.912円,1166回,5345.78億円
5333,2019-10-29,1645,1663,15:00,1628,09:18,1663,1288300株,2131百万円,+31,+1.90,1654.012円,2000回,5447.33億円
5333,2019-10-30,1659,1662,09:01,1645,09:17,1662,1095400株,1814百万円,-1,-0.06,1656.296円,1635回,5444.05億円
5333,2019-10-31,1664,1677,13:53,1659,09:28,1674,1179300株,1970百万円,+12,+0.72,1670.197円,1968回,5483.36億円
5333,2019-11-01,1724,1743,09:07,1688,09:26,1733,2957200株,5095百万円,+59,+3.52,1722.792円,4494回,5676.62億円
5333,2019-11-05,1750,1815,12:44,1750,09:00,1798,3027200株,5436百万円,+65,+3.75,1795.843円,4360回,5889.53億円
5333,2019-11-06,1816,1833,14:59,1809,09:00,1833,1747100株,3190百万円,+35,+1.95,1825.741円,2514回,6004.18億円
5333,2019-11-07,1848,1854,09:03,1830,10:52,1847,2218000株,4089百万円,+14,+0.76,1843.605円,3035回,6050.04億円
5333,2019-11-08,1862,1863,09:01,1839,11:21,1860,2123800株,3940百万円,+13,+0.70,1855.323円,3026回,6092.62億円
5333,2019-11-11,1870,1878,09:34,1857,11:29,1871,1652700株,3089百万円,+11,+0.59,1868.829円,2402回,6128.65億円
5333,2019-11-12,1874,1900,14:56,1871,09:00,1899,1459100株,2753百万円,+28,+1.50,1886.641円,1913回,6220.37億円
5333,2019-11-13,1877,1880,09:00,1835,11:04,1845,1066900株,1975百万円,-54,-2.84,1851.258円,2427回,6043.49億円
5333,2019-11-14,1831,1833,10:50,1803,14:40,1806,1319700株,2394百万円,-39,-2.11,1814.366円,2335回,5915.74億円
5333,2019-11-15,1790,1814,10:11,1782,09:04,1810,1425400株,2572百万円,+4,+0.22,1804.429円,2270回,5928.84億円
5333,2019-11-18,1810,1812,09:00,1797,09:16,1806,784000株,1415百万円,-4,-0.22,1805.297円,1333回,5915.74億円
5333,2019-11-19,1806,1806,09:00,1786,10:07,1795,991000株,1780百万円,-11,-0.61,1796.575円,1428回,5879.71億円
5333,2019-11-20,1794,1805,09:23,1784,11:10,1788,1229600株,2201百万円,-7,-0.39,1790.196円,1307回,5856.78億円
5333,2019-11-21,1788,1788,09:00,1755,10:42,1778,1068100株,1892百万円,-10,-0.56,1771.634円,1666回,5824.02億円
5333,2019-11-22,1791,1809,11:05,1788,09:00,1794,925400株,1664百万円,+16,+0.90,1797.976円,1267回,5876.43億円
5333,2019-11-25,1833,1845,09:25,1828,09:00,1830,1261900株,2315百万円,+36,+2.01,1834.225円,2063回,5994.35億円
5333,2019-11-26,1847,1848,10:46,1817,13:12,1822,1823700株,3335百万円,-8,-0.44,1828.894円,2389回,5968.15億円
5333,2019-11-27,1825,1831,14:24,1811,09:38,1823,1313300株,2394百万円,+1,+0.05,1822.525円,2032回,5971.42億円
5333,2019-11-28,1826,1839,09:02,1818,09:33,1829,1118100株,2045百万円,+6,+0.33,1829.023円,1956回,5991.08億円
5333,2019-11-29,1830,1837,09:00,1804,14:14,1805,1000200株,1816百万円,-24,-1.31,1815.397円,1478回,5912.46億円
5333,2019-12-02,1822,1859,14:54,1821,09:00,1857,1053000株,1948百万円,+52,+2.88,1849.601円,1700回,6082.79億円
5333,2019-12-03,1820,1840,14:53,1812,09:02,1837,1222000株,2235百万円,-20,-1.08,1828.988円,1826回,6017.28億円
5333,2019-12-05,1874,1897,09:13,1874,09:00,1892,1879900株,3554百万円,+33,+1.78,1890.322円,3094回,6197.44億円
5333,2019-12-06,1901,1920,09:04,1884,14:21,1890,1300200株,2465百万円,-2,-0.11,1895.988円,1806回,6190.89億円
5333,2019-12-09,1910,1917,10:44,1899,09:08,1909,859800株,1642百万円,+19,+1.01,1909.66円,1300回,6253.12億円
5333,2019-12-10,1900,1906,12:30,1886,09:23,1896,833500株,1582百万円,-13,-0.68,1898.082円,1606回,6210.54億円
5333,2019-12-13,1915,1924,12:30,1904,09:09,1919,2143500株,4109百万円,+44,+2.35,1916.939円,2772回,6285.88億円
5333,2019-12-16,1915,1918,09:00,1906,11:12,1908,910900株,1740百万円,-11,-0.57,1909.925円,1580回,6249.85億円
5333,2019-12-17,1919,1924,09:00,1902,09:25,1911,1060600株,2026百万円,+3,+0.16,1910.686円,2004回,6259.68億円
5333,2019-12-18,1923,1925,09:02,1899,13:59,1905,1189500株,2275百万円,-6,-0.31,1912.255円,1843回,6240.02億円
5333,2019-12-19,1902,1907,09:51,1890,12:34,1902,777400株,1476百万円,-3,-0.16,1899.209円,1297回,6230.19億円
5333,2019-12-20,1915,1919,09:00,1901,10:37,1912,1102600株,2108百万円,+10,+0.53,1911.676円,1835回,6262.95億円
5333,2019-12-23,1919,1919,09:00,1898,14:12,1901,787200株,1501百万円,-11,-0.58,1906.227円,1764回,6226.92億円
5333,2019-12-24,1916,1919,09:00,1905,09:36,1910,1005900株,1924百万円,+9,+0.47,1912.778円,2146回,6256.40億円
5333,2019-12-25,1914,1914,09:00,1894,09:21,1899,535300株,1017百万円,-11,-0.58,1899.419円,1374回,6220.37億円
5333,2019-12-26,1908,1920,09:11,1903,09:00,1919,802200株,1537百万円,+20,+1.05,1915.407円,1392回,6285.88億円
5333,2019-12-27,1920,1936,12:41,1909,09:01,1928,972900株,1875百万円,+9,+0.47,1926.86円,1894回,6315.36億円
5333,2019-12-30,1910,1917,09:27,1897,09:02,1904,688000株,1311百万円,-24,-1.24,1905.23円,1355回,6236.75億円
5333,2020-01-06,1890,1922,13:26,1882,09:02,1919,1518600株,2895百万円,+15,+0.79,1906.341円,2245回,6285.88億円
5333,2020-01-07,1946,1954,09:03,1927,10:18,1937,1200700株,2327百万円,+18,+0.94,1937.629円,1970回,6344.84億円
5333,2020-01-08,1884,1891,13:01,1854,10:13,1883,1503100株,2821百万円,-54,-2.79,1876.512円,2877回,6167.96億円
5333,2020-01-09,1931,1947,13:11,1925,09:03,1938,1310600株,2538百万円,+55,+2.92,1936.476円,2791回,6348.12億円
5333,2020-01-10,1960,1965,09:04,1948,09:00,1960,1281400株,2511百万円,+22,+1.14,1959.745円,2105回,6420.18億円
5333,2020-01-14,1977,1994,09:04,1971,09:00,1985,1486900株,2950百万円,+25,+1.28,1983.834円,2842回,6502.07億円
5333,2020-01-15,1977,1979,09:02,1946,13:30,1953,807000株,1580百万円,-32,-1.61,1958.291円,1202回,6397.25億円
5333,2020-01-16,1958,1958,09:00,1929,09:29,1942,845100株,1639百万円,-11,-0.56,1939.906円,1276回,6361.22億円
5333,2020-01-17,1957,1964,09:00,1945,09:05,1953,854400株,1670百万円,+11,+0.57,1954.08円,1305回,6397.25億円
5333,2020-01-20,1953,1974,13:33,1950,09:00,1970,521100株,1024百万円,+17,+0.87,1965.99円,909回,6452.94億円
5333,2020-01-21,1962,1965,09:00,1940,10:19,1954,756400株,1478百万円,-16,-0.81,1954.288円,1141回,6400.53億円
5333,2020-01-22,1943,1962,14:57,1939,09:46,1959,827100株,1616百万円,+5,+0.26,1953.464円,1314回,6416.90億円
5333,2020-01-23,1940,1951,09:02,1933,09:29,1939,902800株,1752百万円,-20,-1.02,1940.811円,1558回,6351.39億円
5333,2020-01-24,1935,1935,09:00,1918,12:35,1924,732200株,1409百万円,-15,-0.77,1924.486円,1044回,6302.26億円
5333,2020-01-27,1904,1912,10:03,1885,09:13,1902,1328400株,2524百万円,-22,-1.14,1899.942円,1860回,6230.19億円
5333,2020-01-28,1885,1913,14:47,1878,09:10,1910,1433300株,2723百万円,+8,+0.42,1899.48円,2055回,6256.40億円
5333,2020-01-29,1910,1922,12:42,1900,09:29,1911,1281600株,2449百万円,+1,+0.05,1911.142円,2522回,6260億円
5333,2020-01-30,1903,1925,09:15,1881,14:40,1888,1711900株,3249百万円,-23,-1.20,1898.034円,2731回,6184億円
5333,2020-01-31,1880,1899,10:03,1846,14:20,1857,1847400株,3443百万円,-31,-1.64,1863.864円,3438回,6083億円
5333,2020-02-03,1827,1842,09:38,1804,09:00,1838,1546600株,2832百万円,-19,-1.02,1831.138円,2824回,6021億円
5333,2020-02-04,1824,1837,14:47,1811,09:39,1832,1128000株,2061百万円,-6,-0.33,1827.031円,1737回,6001億円
5333,2020-02-05,1866,1869,09:00,1844,10:34,1853,1156300株,2146百万円,+21,+1.15,1856.134円,2059回,6070億円
5333,2020-02-06,1892,1923,13:55,1876,09:03,1900,1277100株,2429百万円,+47,+2.54,1902.305円,1957回,6224億円
5333,2020-02-07,1900,1912,14:55,1891,12:33,1908,974700株,1854百万円,+8,+0.42,1902.379円,1958回,6250億円
5333,2020-02-10,1881,1907,11:18,1877,09:00,1887,724500株,1370百万円,-21,-1.10,1890.404円,1284回,6181億円
5333,2020-02-10,1895,1926,12:55,1895,09:00,1919,1233100株,2359百万円,+32,+1.70,1913.308円,2137回,6286億円
5333,2020-02-13,1910,1910,09:00,1876,13:56,1881,1332400株,2517百万円,-38,-1.98,1888.747円,2792回,6161億円
5333,2020-02-14,1879,1900,14:54,1861,09:28,1899,890000株,1682百万円,+18,+0.96,1889.855円,1305回,6220億円
5333,2020-02-17,1890,1897,14:43,1871,09:14,1889,575700株,1086百万円,-10,-0.53,1887.045円,1028回,6188億円
5333,2020-02-17,1878,1892,09:34,1863,13:10,1872,699500株,1311百万円,-17,-0.90,1874.366円,1486回,6132億円
5333,2020-02-18,1874,1881,09:00,1860,10:18,1864,812700株,1518百万円,-8,-0.43,1868.049円,1701回,6106億円
5333,2020-02-20,1884,1899,09:04,1867,12:33,1882,632800株,1191百万円,+18,+0.97,1881.888円,1340回,6165億円
5333,2020-02-21,1892,1906,14:21,1884,11:29,1896,1140200株,2160百万円,+14,+0.74,1894.826円,2152回,6211億円
5333,2020-02-25,1817,1838,11:18,1809,09:16,1826,1737200株,3166百万円,-70,-3.69,1822.69円,2817回,5981億円
5333,2020-02-26,1802,1817,14:57,1779,10:13,1814,1512400株,2725百万円,-12,-0.66,1801.702円,2323回,5942億円
5333,2020-02-27,1785,1786,09:00,1757,13:57,1774,1688200株,2986百万円,-40,-2.21,1768.553円,2895回,5811億円
5333,2020-02-28,1712,1714,09:03,1672,12:44,1697,2281700株,3867百万円,-77,-4.34,1694.766円,3547回,5559億円
