5411,2019-08-06,1312.5,1318.0,09:02,1275.5,12:30,1284.0,5123000株,6611百万円,-46.0,-3.46,1290.391円,6526回
5411,2019-08-06,1249.0,1314.5,14:56,1237.0,09:06,1314.0,5007700株,6454百万円,+30.0,+2.34,1288.733円,6219回
5411,2019-08-07,1299.0,1301.0,09:14,1270.0,10:40,1283.0,4064200株,5223百万円,-31.0,-2.36,1285.223円,6784回
5411,2019-08-08,1280.0,1291.5,12:57,1262.5,09:34,1284.5,3976900株,5084百万円,+1.5,+0.12,1278.385円,5402回
5411,2019-08-09,1287.5,1300.0,13:35,1277.5,10:09,1294.5,2366400株,3056百万円,+10.0,+0.78,1291.318円,3635回
5411,2019-08-13,1235.0,1244.5,09:03,1213.0,14:59,1213.5,5873700株,7179百万円,-81.0,-6.26,1222.28円,6706回
5411,2019-08-14,1236.0,1243.0,09:04,1209.5,09:51,1218.0,4652300株,5671百万円,+4.5,+0.37,1219.002円,5582回
5411,2019-08-15,1188.0,1206.5,14:54,1167.5,09:03,1206.5,3382700株,4037百万円,-11.5,-0.94,1193.354円,4857回
5411,2019-08-16,1190.5,1215.0,14:47,1185.0,09:01,1212.0,2134400株,2575百万円,+5.5,+0.46,1206.332円,3037回
5411,2019-08-19,1222.0,1233.0,09:03,1219.5,09:00,1227.5,2456900株,3014百万円,+15.5,+1.28,1226.854円,3270回
5411,2019-08-20,1229.5,1239.0,09:23,1225.5,10:15,1235.0,2048500株,2522百万円,+7.5,+0.61,1231.276円,2566回
5411,2019-08-21,1221.0,1223.0,09:00,1209.0,11:25,1212.5,2740100株,3327百万円,-22.5,-1.82,1214.354円,4217回
5411,2019-08-22,1213.5,1218.5,09:01,1207.0,09:06,1214.5,2251600株,2732百万円,+2.0,+0.16,1213.382円,3538回
5411,2019-08-23,1224.5,1253.0,10:05,1220.0,09:04,1236.5,3109300株,3848百万円,+22.0,+1.81,1237.602円,4133回
5411,2019-08-26,1200.0,1215.0,12:30,1185.0,09:04,1211.5,3202900株,3861百万円,-25.0,-2.02,1205.513円,4560回
5411,2019-08-26,1215.5,1220.5,10:50,1211.0,14:40,1214.5,2127800株,2586百万円,+3.0,+0.25,1215.285円,3331回
5411,2019-08-28,1199.0,1207.0,10:28,1189.0,09:09,1199.5,2585900株,3101百万円,-15.0,-1.24,1199.145円,3866回
5411,2019-08-29,1211.5,1216.0,09:08,1203.0,10:20,1214.5,2842300株,3445百万円,+15.0,+1.25,1211.937円,3809回
5411,2019-08-30,1229.0,1244.0,14:59,1221.5,09:50,1243.5,2808900株,3475百万円,+29.0,+2.39,1237.033円,3255回
5411,2019-09-02,1243.5,1255.0,09:03,1237.5,12:31,1244.5,2243900株,2793百万円,+1.0,+0.08,1244.721円,3803回
5411,2019-09-03,1239.0,1267.0,12:31,1237.5,09:00,1255.0,2032200株,2555百万円,+10.5,+0.84,1257.426円,2693回
5411,2019-09-03,1254.5,1254.5,09:00,1234.0,14:59,1235.5,2683700株,3327百万円,-19.5,-1.55,1239.581円,3859回
5411,2019-09-05,1238.5,1280.5,14:59,1236.5,09:00,1275.5,4726900株,5983百万円,+40.0,+3.24,1265.68円,5223回
5411,2019-09-05,1285.0,1288.5,09:03,1267.0,10:52,1271.0,2388900株,3043百万円,-4.5,-0.35,1273.98円,3061回
5411,2019-09-07,1272.0,1281.0,14:37,1264.0,09:24,1281.0,1792200株,2287百万円,+10.0,+0.79,1275.913円,2255回
5411,2019-09-10,1304.5,1335.5,15:00,1299.5,09:00,1335.5,4300900株,5700百万円,+54.5,+4.25,1325.327円,5985回
5411,2019-09-11,1365.0,1385.0,14:44,1357.5,10:59,1383.5,4086200株,5624百万円,+48.0,+3.59,1376.258円,5288回
5411,2019-09-12,1391.5,1397.0,09:00,1368.5,09:40,1375.5,3298600株,4549百万円,-8.0,-0.58,1379.214円,4529回
5411,2019-09-13,1378.5,1392.0,13:40,1363.5,09:27,1388.5,3195000株,4416百万円,+13.0,+0.95,1382.097円,3290回
5411,2019-09-17,1382.0,1393.5,10:41,1371.5,09:12,1383.0,2493000株,3446百万円,-5.5,-0.40,1382.104円,3655回
5411,2019-09-17,1341.0,1346.5,09:03,1313.0,09:29,1318.5,4977600株,6572百万円,-64.5,-4.66,1320.335円,6172回,8101.37億円
5411,2019-09-19,1310.0,1329.0,10:19,1303.5,09:00,1318.5,4776800株,6304百万円,0,0,1319.809円,5085回,8101.37億円
5411,2019-09-20,1316.0,1325.0,10:32,1295.0,14:43,1299.5,4923300株,6432百万円,-19.0,-1.44,1306.386円,4734回,7984.63億円
5411,2019-09-24,1309.0,1322.5,09:27,1288.5,09:03,1302.0,3971700株,5178百万円,+2.5,+0.19,1303.708円,4660回,7999.99億円
5411,2019-09-25,1289.5,1316.0,13:22,1280.5,09:02,1307.0,3048400株,3974百万円,+5.0,+0.38,1303.741円,3694回,8030.71億円
5411,2019-09-26,1357.0,1378.5,09:19,1353.5,09:03,1356.5,5929900株,8079百万円,+49.5,+3.79,1362.468円,7463回,8334.86億円
5411,2019-09-27,1327.0,1332.0,09:03,1297.5,11:05,1310.0,4678300株,6126百万円,-46.5,-3.43,1309.43円,5198回,8049.14億円
5411,2019-09-30,1304.0,1318.0,09:31,1295.0,14:08,1300.0,2542200株,3315百万円,-10.0,-0.76,1303.846円,3448回,7987.70億円
5411,2019-10-01,1299.5,1342.0,10:57,1295.0,09:00,1338.0,3447100株,4590百万円,+38.0,+2.92,1331.675円,4992回,8221.19億円
5411,2019-10-02,1319.0,1325.5,09:05,1310.0,09:00,1322.0,2463500株,3252百万円,-16.0,-1.20,1319.954円,3986回,8122.88億円
5411,2019-10-03,1292.0,1295.0,09:08,1276.5,09:53,1284.5,3135000株,4024百万円,-37.5,-2.84,1283.615円,4541回,7892.46億円
5411,2019-10-04,1280.0,1284.0,14:04,1271.5,09:30,1282.0,1717700株,2199百万円,-2.5,-0.19,1279.983円,2965回,7877.10億円
5411,2019-10-07,1289.5,1297.0,09:00,1275.0,10:24,1286.0,1500100株,1926百万円,+4.0,+0.31,1283.943円,2572回,7901.68億円
5411,2019-10-08,1293.5,1310.5,09:14,1291.0,09:00,1296.5,1916500株,2492百万円,+10.5,+0.82,1300.512円,3646回,7966.19億円
5411,2019-10-09,1278.0,1282.0,09:05,1267.0,10:39,1271.5,2425100株,3085百万円,-25.0,-1.93,1272.178円,3448回,7812.58億円
5411,2019-10-10,1267.0,1292.0,14:59,1258.5,09:30,1291.0,2017200株,2582百万円,+19.5,+1.53,1280.2円,3235回,7932.40億円
5411,2019-10-11,1313.5,1328.0,09:25,1308.5,09:53,1325.0,3706900株,4897百万円,+34.0,+2.63,1321.069円,4095回,8141.31億円
5411,2019-10-15,1348.0,1364.5,09:00,1329.5,14:24,1332.0,2389600株,3197百万円,+7.0,+0.53,1337.908円,3299回,8184.32億円
5411,2019-10-16,1353.0,1354.5,09:06,1313.5,13:20,1321.5,3101100株,4124百万円,-10.5,-0.79,1329.778円,4243回,8119.80億円
5411,2019-10-17,1311.0,1312.5,09:02,1288.5,10:32,1301.5,2975300株,3866百万円,-20.0,-1.51,1299.227円,4377回,7996.92億円
5411,2019-10-18,1305.0,1320.5,11:08,1300.0,09:06,1307.0,1994400株,2608百万円,+5.5,+0.42,1307.494円,2994回,8030.71億円
5411,2019-10-21,1317.5,1338.5,11:25,1312.5,09:11,1334.5,2568400株,3416百万円,+27.5,+2.10,1330.162円,2980回,8199.68億円
5411,2019-10-23,1362.0,1368.0,09:00,1336.5,10:54,1355.0,3778700株,5100百万円,+20.5,+1.54,1349.782円,4228回,8325.64億円
5411,2019-10-24,1366.0,1369.5,09:00,1355.0,10:23,1366.5,2286900株,3117百万円,+11.5,+0.85,1363.092円,3389回,8396.30億円
5411,2019-10-25,1368.5,1373.5,09:01,1346.5,09:23,1360.5,2239700株,3044百万円,-6.0,-0.44,1358.888円,3323回,8359.43億円
5411,2019-10-28,1373.0,1376.0,09:00,1359.0,09:27,1362.5,1559500株,2129百万円,+2.0,+0.15,1365.485円,2820回,8371.72億円
5411,2019-10-29,1373.0,1387.5,15:00,1369.0,09:16,1387.5,2949400株,4074百万円,+25.0,+1.83,1381.46円,4312回,8525.33億円
5411,2019-10-30,1380.5,1383.0,09:00,1338.5,12:48,1351.0,4127100株,5577百万円,-36.5,-2.63,1351.295円,4949回,8301.06億円
5411,2019-10-31,1339,1367,14:59,1333,09:00,1367,2289200株,3108百万円,+16,+1.18,1357.684円,2941回,8399.37億円
5411,2019-11-01,1340,1350,15:00,1332,10:00,1350,2164800株,2907百万円,-17,-1.24,1342.641円,3494回,8294.92億円
5411,2019-11-05,1380,1390,09:15,1356,10:45,1374,3238000株,4448百万円,+24,+1.78,1373.762円,3662回,8442.38億円
5411,2019-11-06,1386,1410,14:45,1381,09:00,1409,2823600株,3951百万円,+35,+2.55,1399.289円,3085回,8657.44億円
5411,2019-11-07,1390,1394,09:05,1373,10:50,1384,2794800株,3862百万円,-25,-1.77,1381.864円,3382回,8503.83億円
5411,2019-11-08,1406,1407,09:00,1392,09:06,1403,2929300株,4104百万円,+19,+1.37,1401.018円,2950回,8620.57億円
5411,2019-11-11,1413,1413,09:00,1394,09:15,1402,1711100株,2397百万円,-1,-0.07,1401.041円,2250回,8614.43億円
5411,2019-11-12,1396,1417,14:59,1382,09:09,1416,2907700株,4071百万円,+14,+1.00,1400.227円,3131回,8700.45億円
5411,2019-11-13,1380,1395,09:03,1342,12:57,1345,3704100株,5020百万円,-71,-5.01,1355.36円,5328回,8264.20億円
5411,2019-11-14,1341,1346,09:02,1313,13:29,1315,3630700株,4805百万円,-29,-2.16,1323.458円,3902回,8079.86億円
5411,2019-11-15,1323,1356,10:10,1319,09:15,1331,2925700株,3905百万円,+16,+1.22,1334.757円,3121回,8178.18億円
5411,2019-11-18,1324,1326,09:00,1294,14:23,1303,3182000株,4156百万円,-28,-2.10,1306.1円,3260回,8006.13億円
5411,2019-11-19,1298,1311,11:06,1282,10:03,1300,2184000株,2834百万円,-3,-0.23,1297.559円,2492回,7987.70億円
5411,2019-11-20,1288,1301,09:42,1286,09:02,1291,1934700株,2497百万円,-9,-0.69,1290.829円,2748回,7932.40億円
5411,2019-11-21,1281,1285,09:20,1264,10:48,1282,2330300株,2977百万円,-9,-0.70,1277.601円,3000回,7877.10億円
5411,2019-11-22,1275,1301,10:02,1273,09:00,1288,2115100株,2730百万円,+6,+0.47,1290.921円,2280回,7913.97億円
5411,2019-11-25,1305,1346,14:51,1301,09:01,1342,3763300株,5018百万円,+54,+4.19,1333.42円,3648回,8245.76億円
5411,2019-11-26,1392,1402,09:42,1365,12:47,1376,5790400株,7997百万円,+34,+2.53,1381.111円,4419回,8454.67億円
5411,2019-11-27,1368,1393,14:01,1368,09:00,1386,2884800株,3998百万円,+10,+0.73,1385.832円,3174回,8516.12億円
5411,2019-11-28,1394,1427,10:42,1393,09:00,1401,4696500株,6610百万円,+15,+1.08,1407.327円,4579回,8608.28億円
5411,2019-11-29,1401,1419,09:43,1389,14:29,1395,4474300株,6272百万円,-6,-0.43,1401.749円,3716回,8571.42億円
5411,2019-12-02,1386,1417,14:47,1382,09:00,1412,2713400株,3807百万円,+17,+1.22,1403.143円,3183回,8675.87億円
5411,2019-12-03,1382,1402,15:00,1375,09:03,1402,2974800株,4140百万円,-10,-0.71,1391.656円,3102回,8614.43億円
5411,2019-12-05,1410,1462,13:33,1408,09:03,1447,6435300株,9263百万円,+72,+5.24,1439.353円,5915回,8890.92億円
5411,2019-12-06,1500,1507,09:03,1458,12:54,1462,5067900株,7482百万円,+15,+1.04,1476.31円,5214回,8983.09億円
5411,2019-12-09,1479,1500,13:48,1465,09:06,1493,3768900株,5610百万円,+31,+2.12,1488.466円,4489回,9173.57億円
5411,2019-12-10,1494,1494,09:00,1469,13:30,1472,2486300株,3673百万円,-21,-1.41,1477.346円,2482回,9044.53億円
5411,2019-12-13,1519,1535,13:00,1501,09:09,1518,4784000株,7267百万円,+45,+3.05,1518.99円,4305回,9327.17億円
5411,2019-12-16,1526,1533,09:00,1496,10:34,1505,2626000株,3967百万円,-13,-0.86,1510.538円,2843回,9247.30億円
5411,2019-12-17,1507,1513,09:00,1490,11:12,1500,2446600株,3670百万円,-5,-0.33,1499.909円,2622回,9216.58億円
5411,2019-12-18,1499,1501,10:54,1482,14:34,1483,2615700株,3896百万円,-17,-1.13,1489.282円,2919回,9112.12億円
5411,2019-12-19,1475,1483,09:00,1455,12:30,1459,2580500株,3777百万円,-24,-1.62,1463.821円,2664回,8964.66億円
5411,2019-12-20,1464,1468,09:02,1443,14:45,1445,2860900株,4148百万円,-14,-0.96,1449.776円,2584回,8878.63億円
5411,2019-12-23,1443,1443,09:00,1419,09:42,1427,1930900株,2759百万円,-18,-1.25,1428.798円,2526回,8768.04億円
5411,2019-12-24,1438,1439,09:00,1411,13:39,1416,1623300株,2303百万円,-11,-0.77,1418.942円,2402回,8700.45億円
5411,2019-12-25,1412,1413,09:01,1390,12:31,1392,1593300株,2227百万円,-24,-1.69,1397.636円,1583回,8552.98億円
5411,2019-12-26,1390,1405,10:13,1387,09:00,1402,1667000株,2331百万円,+10,+0.72,1398.262円,1782回,8614.43億円
5411,2019-12-27,1410,1419,14:25,1400,09:17,1414,1619800株,2287百万円,+12,+0.86,1411.775円,2016回,8688.16億円
5411,2019-12-30,1410,1415,10:43,1395,09:10,1411,1702900株,2398百万円,-3,-0.21,1408.305円,2303回,8669.73億円
5411,2020-01-06,1374,1394,15:00,1372,09:03,1394,2658700株,3684百万円,-17,-1.20,1385.599円,2631回,8565.27億円
5411,2020-01-07,1388,1398,11:12,1379,09:00,1388,2334900株,3246百万円,-6,-0.43,1390.052円,2829回,8528.40億円
5411,2020-01-08,1383,1418,14:00,1371,10:37,1402,4949700株,6911百万円,+14,+1.01,1396.3円,4810回,8614.43億円
5411,2020-01-09,1427,1451,13:58,1423,09:09,1445,3001200株,4321百万円,+43,+3.07,1439.746円,4427回,8878.63億円
5411,2020-01-10,1437,1437,09:00,1418,09:17,1427,2345300株,3348百万円,-18,-1.25,1427.725円,2459回,8768.04億円
5411,2020-01-14,1457,1498,11:00,1454,09:00,1485,4444300株,6589百万円,+58,+4.06,1482.51円,4019回,9124.41億円
5411,2020-01-15,1488,1494,09:00,1470,13:43,1483,3324100株,4921百万円,-2,-0.13,1480.361円,2855回,9112.12億円
5411,2020-01-16,1472,1479,14:59,1459,10:11,1478,3051300株,4489百万円,-5,-0.34,1471.265円,3225回,9081.40億円
5411,2020-01-17,1481,1505,14:52,1465,09:56,1503,3373500株,5034百万円,+25,+1.69,1492.197円,3018回,9235.01億円
5411,2020-01-20,1518,1532,10:27,1507,12:45,1517,2775400株,4216百万円,+14,+0.93,1518.912円,2555回,9321.03億円
5411,2020-01-21,1504,1511,09:29,1474,12:55,1481,2542100株,3780百万円,-36,-2.37,1486.931円,3833回,9099.83億円
5411,2020-01-22,1470,1472,09:00,1443,11:13,1457,2780800株,4045百万円,-24,-1.62,1454.693円,3091回,8952.37億円
5411,2020-01-23,1438,1442,09:02,1414,14:12,1419,2507500株,3569百万円,-38,-2.61,1423.416円,3211回,8718.88億円
5411,2020-01-24,1414,1437,10:53,1410,09:00,1432,2989300株,4267百万円,+13,+0.92,1427.499円,2918回,8798.76億円
5411,2020-01-27,1372,1389,10:10,1356,09:08,1380,5089500株,6999百万円,-52,-3.63,1375.24円,4149回,8479.25億円
5411,2020-01-28,1365,1365,09:00,1326,13:05,1334,4320000株,5780百万円,-46,-3.33,1337.863円,4210回,8196.61億円
5411,2020-01-29,1342,1354,09:19,1335,10:06,1341,2706400株,3632百万円,+7,+0.52,1342.08円,3017回,8240億円
5411,2020-01-30,1340,1342,09:03,1299,14:23,1308,3368600株,4425百万円,-33,-2.46,1313.52円,3742回,8037億円
5411,2020-01-31,1311,1328,10:17,1307,13:09,1315,2785400株,3663百万円,+7,+0.54,1315.23円,2983回,8080億円
5411,2020-02-03,1272,1300,11:00,1265,09:05,1293,2897800株,3734百万円,-22,-1.67,1288.621円,4168回,7945億円
5411,2020-02-04,1284,1299,13:30,1277,10:11,1295,2228900株,2877百万円,+2,+0.15,1290.793円,2848回,7957億円
5411,2020-02-05,1322,1326,09:00,1307,10:35,1313,2301800株,3027百万円,+18,+1.39,1315.268円,2570回,8068億円
5411,2020-02-06,1351,1368,13:45,1338,10:43,1359,3649400株,4954百万円,+46,+3.50,1357.543円,3748回,8350億円
5411,2020-02-07,1351,1358,09:30,1335,09:03,1348,2570800株,3461百万円,-11,-0.81,1346.403円,3283回,8283億円
5411,2020-02-10,1294,1344,12:41,1289,09:03,1340,2521300株,3345百万円,-8,-0.59,1326.651円,3945回,8233億円
5411,2020-02-10,1340,1340,09:00,1321,10:39,1330,2517300株,3349百万円,-10,-0.75,1330.358円,3598回,8172億円
5411,2020-02-13,1325,1328,09:00,1268,14:00,1273,4391200株,5642百万円,-57,-4.29,1284.931円,5201回,7822億円
5411,2020-02-14,1258,1262,09:01,1205,11:13,1228,7610900株,9329百万円,-45,-3.53,1225.807円,5214回,7545億円
5411,2020-02-17,1210,1210,09:00,1174,09:15,1197,4553400株,5441百万円,-31,-2.52,1194.886円,4486回,7355億円
5411,2020-02-17,1183,1197,09:35,1167,13:13,1174,3165100株,3726百万円,-23,-1.92,1177.271円,2817回,7214億円
5411,2020-02-18,1163,1166,09:01,1140,14:20,1140,4507200株,5176百万円,-34,-2.90,1148.432円,4316回,7005億円
5411,2020-02-20,1158,1160,09:00,1104,14:38,1108,4751800株,5330百万円,-32,-2.81,1121.602円,4054回,6808億円
5411,2020-02-21,1108,1132,09:02,1100,10:04,1106,3829000株,4259百万円,-2,-0.18,1112.349円,4052回,6796億円
5411,2020-02-25,1050,1070,10:09,1043,13:02,1050,8059000株,8502百万円,-56,-5.06,1054.929円,5332回,6452億円
5411,2020-02-26,1042,1064,14:58,1019,09:05,1062,4889900株,5124百万円,+12,+1.14,1047.87円,4866回,6525億円
5411,2020-02-27,1034,1051,09:10,1030,13:35,1035,4194000株,4347百万円,-27,-2.54,1036.479円,3608回,6359億円
5411,2020-02-28,1005,1025,09:47,990,12:45,1002,6988000株,7007百万円,-33,-3.19,1002.678円,5585回,6157億円
