5711,2019-08-06,2850,2861,09:40,2798,12:44,2831,628000株,1776百万円,-65,-2.24,2827.362円,2014回
5711,2019-08-06,2745,2855,13:08,2742,09:03,2849,598700株,1689百万円,+18,+0.64,2821.762円,2014回
5711,2019-08-07,2822,2850,10:58,2798,14:09,2807,865700株,2442百万円,-42,-1.47,2821.148円,2883回
5711,2019-08-08,2739,2739,09:03,2683,09:09,2703,1118800株,3037百万円,-104,-3.71,2714.633円,3622回
5711,2019-08-09,2745,2756,09:14,2698,11:24,2710,627200株,1704百万円,+7,+0.26,2716.546円,1793回
5711,2019-08-13,2689,2689,09:00,2641,10:23,2660,648100株,1724百万円,-50,-1.85,2660.293円,1699回
5711,2019-08-14,2694,2698,09:00,2640,09:51,2686,593100株,1584百万円,+26,+0.98,2669.891円,1744回
5711,2019-08-15,2611,2643,15:00,2594,09:03,2643,567900株,1491百万円,-43,-1.60,2626.111円,1558回
5711,2019-08-16,2614,2639,12:30,2597,09:02,2629,493900株,1296百万円,-14,-0.53,2623.358円,1394回
5711,2019-08-19,2640,2641,09:00,2601,11:03,2617,631600株,1651百万円,-12,-0.46,2613.234円,1572回
5711,2019-08-20,2644,2649,09:00,2617,10:29,2640,563700株,1483百万円,+23,+0.88,2631.505円,1343回
5711,2019-08-21,2600,2606,09:00,2579,09:27,2588,537000株,1391百万円,-52,-1.97,2590.941円,1702回
5711,2019-08-22,2589,2591,09:01,2561,09:47,2589,499200株,1289百万円,+1,+0.04,2581.729円,1473回
5711,2019-08-23,2581,2600,09:00,2566,13:37,2574,527800株,1359百万円,-15,-0.58,2575.475円,1657回
5711,2019-08-26,2501,2541,14:58,2492,09:25,2533,675900株,1703百万円,-41,-1.59,2520.008円,2385回
5711,2019-08-26,2545,2566,12:30,2539,14:53,2547,732100株,1866百万円,+14,+0.55,2548.619円,1841回
5711,2019-08-28,2548,2550,10:26,2519,09:08,2542,531400株,1349百万円,-5,-0.20,2539.041円,1738回
5711,2019-08-29,2530,2536,09:00,2499,10:33,2526,1949400株,4912百万円,-16,-0.63,2519.623円,2368回
5711,2019-08-30,2527,2579,13:03,2527,09:00,2575,904500株,2315百万円,+49,+1.94,2559.905円,2146回
5711,2019-09-02,2575,2584,09:01,2554,12:30,2568,520000株,1335百万円,-7,-0.27,2567.011円,1412回
5711,2019-09-03,2558,2574,09:05,2553,10:10,2564,547200株,1403百万円,-4,-0.16,2564.481円,1464回
5711,2019-09-03,2568,2569,09:04,2532,12:55,2542,492700株,1254百万円,-22,-0.86,2544.732円,1498回
5711,2019-09-05,2566,2607,10:27,2565,09:00,2598,700700株,1819百万円,+56,+2.20,2596.525円,2141回
5711,2019-09-05,2612,2632,09:03,2606,09:28,2615,554000株,1449百万円,+17,+0.65,2614.944円,1517回
5711,2019-09-07,2624,2670,14:59,2622,09:09,2670,806600株,2143百万円,+55,+2.10,2656.86円,2136回
5711,2019-09-10,2705,2745,14:34,2705,09:00,2739,973200株,2656百万円,+69,+2.58,2729.513円,3152回
5711,2019-09-11,2777,2844,14:04,2775,09:00,2837,1161300株,3272百万円,+98,+3.58,2817.512円,3206回
5711,2019-09-12,2878,2911,12:50,2866,09:40,2877,1013300株,2926百万円,+40,+1.41,2887.183円,2621回
5711,2019-09-13,2900,2946,13:39,2879,09:12,2940,1067400株,3116百万円,+63,+2.19,2919.536円,2397回
5711,2019-09-17,2938,2951,10:12,2905,09:00,2936,923900株,2709百万円,-4,-0.14,2931.629円,3165回
5711,2019-09-17,2918,2932,14:40,2891,09:31,2926,841800株,2454百万円,-10,-0.34,2915.25円,2478回,3847.38億円
5711,2019-09-19,2919,2969,13:04,2908,09:00,2937,820200株,2415百万円,+11,+0.38,2944.03円,2796回,3861.85億円
5711,2019-09-20,2955,2985,10:33,2939,09:03,2954,999800株,2961百万円,+17,+0.58,2961.359円,2135回,3884.20億円
5711,2019-09-24,2954,2991,09:35,2940,09:03,2952,619000株,1834百万円,-2,-0.07,2962.9円,1947回,3881.57億円
5711,2019-09-25,2929,2982,13:24,2915,09:02,2965,440400株,1303百万円,+13,+0.44,2958.69円,1513回,3898.66億円
5711,2019-09-26,2997,3030,09:19,2983,14:59,2990,599900株,1801百万円,+25,+0.84,3001.412円,1260回,3931.54億円
5711,2019-09-27,2947,2975,09:04,2918,10:55,2957,725600株,2135百万円,-33,-1.10,2942.623円,2379回,3888.15億円
5711,2019-09-30,2932,2951,09:31,2906,13:54,2915,677100株,1978百万円,-42,-1.42,2921.065円,1974回,3832.92億円
5711,2019-10-01,2904,2954,09:52,2891,09:00,2906,607400株,1772百万円,-9,-0.31,2917.819円,1721回,3821.09億円
5711,2019-10-02,2879,2914,14:26,2865,09:00,2907,500900株,1451百万円,+1,+0.03,2895.802円,1669回,3822.40億円
5711,2019-10-03,2829,2892,14:31,2820,09:03,2878,449900株,1290百万円,-29,-1.00,2867.012円,1443回,3784.27億円
5711,2019-10-04,2888,2891,09:00,2846,10:00,2873,457400株,1312百万円,-5,-0.17,2869.134円,1189回,3777.69億円
5711,2019-10-07,2884,2900,09:04,2863,12:30,2873,405700株,1167百万円,0,0,2875.823円,1298回,3777.69億円
5711,2019-10-08,2894,2931,09:25,2879,14:42,2886,372700株,1080百万円,+13,+0.45,2898.689円,1344回,3794.79億円
5711,2019-10-09,2843,2872,09:55,2826,09:00,2859,384300株,1097百万円,-27,-0.94,2855.457円,1277回,3759.29億円
5711,2019-10-10,2859,2875,10:41,2838,09:30,2866,363600株,1041百万円,+7,+0.24,2861.935円,1227回,3768.49億円
5711,2019-10-11,2914,2916,14:30,2887,10:14,2905,532500株,1546百万円,+39,+1.36,2903.754円,1905回,3819.77億円
5711,2019-10-15,2955,2993,13:12,2944,09:00,2975,697000株,2075百万円,+70,+2.41,2977.693円,2101回,3911.81億円
5711,2019-10-16,2992,3020,09:09,2974,14:46,2975,472400株,1411百万円,0,0,2987.104円,1614回,3911.81億円
5711,2019-10-17,2955,2966,14:24,2934,09:58,2960,393800株,1163百万円,-15,-0.50,2954.303円,1795回,3892.09億円
5711,2019-10-18,2951,2980,09:40,2946,09:06,2961,675200株,2000百万円,+1,+0.03,2961.364円,2327回,3893.41億円
5711,2019-10-21,2966,2983,13:50,2954,12:44,2975,579500株,1720百万円,+14,+0.47,2968.08円,2037回,3911.81億円
5711,2019-10-23,3010,3040,09:57,2995,09:06,3020,764500株,2306百万円,+45,+1.51,3016.686円,1321回,3970.98億円
5711,2019-10-24,3050,3075,09:55,3030,09:08,3055,721300株,2204百万円,+35,+1.16,3055.923円,1786回,4017.01億円
5711,2019-10-25,3055,3070,10:08,3040,09:16,3065,393200株,1203百万円,+10,+0.33,3059.204円,981回,4030.15億円
5711,2019-10-28,3090,3120,10:20,3090,09:00,3105,618400株,1921百万円,+40,+1.31,3107.165円,1305回,4082.75億円
5711,2019-10-29,3125,3175,13:41,3110,09:00,3170,603800株,1905百万円,+65,+2.09,3154.482円,1265回,4168.22億円
5711,2019-10-30,3155,3165,09:09,3115,12:53,3135,538000株,1687百万円,-35,-1.10,3135.945円,898回,4122.20億円
5711,2019-10-31,3100,3140,14:33,3090,09:00,3130,472200株,1473百万円,-5,-0.16,3119.155円,853回,4115.62億円
5711,2019-11-01,3085,3120,10:20,3075,09:20,3110,364400株,1132百万円,-20,-0.64,3107.123円,741回,4089.32億円
5711,2019-11-05,3180,3195,09:09,3130,10:48,3155,577600株,1823百万円,+45,+1.45,3155.441円,1331回,4148.49億円
5711,2019-11-06,3170,3215,10:50,3150,09:00,3200,572200株,1828百万円,+45,+1.43,3194.377円,1111回,4207.67億円
5711,2019-11-07,3195,3230,13:01,3185,09:00,3215,504500株,1620百万円,+15,+0.47,3211.591円,1094回,4227.39億円
5711,2019-11-08,3225,3225,09:00,3105,10:05,3155,1023400株,3231百万円,-60,-1.87,3157.542円,2017回,4148.49億円
5711,2019-11-11,3125,3165,09:43,3120,09:00,3140,596500株,1874百万円,-15,-0.48,3141.225円,1058回,4128.77億円
5711,2019-11-12,3130,3135,09:00,3065,10:38,3110,601000株,1863百万円,-30,-0.96,3100.341円,1382回,4089.32億円
5711,2019-11-13,3105,3110,09:00,3085,12:30,3090,361200株,1117百万円,-20,-0.64,3093.079円,914回,4063.03億円
5711,2019-11-14,3060,3080,09:02,3040,13:44,3055,402700株,1231百万円,-25,-0.81,3056.579円,814回,4017.01億円
5711,2019-11-15,3065,3090,10:06,3045,09:23,3065,371800株,1140百万円,+10,+0.33,3065.251円,889回,4030.15億円
5711,2019-11-18,3075,3090,09:05,3045,14:10,3060,340500株,1042百万円,-5,-0.16,3059.944円,672回,4023.58億円
5711,2019-11-19,3030,3035,09:00,3000,09:48,3010,478400株,1443百万円,-50,-1.63,3016.878円,1029回,3957.84億円
5711,2019-11-20,3015,3040,09:39,2998,15:00,2998,385600株,1159百万円,-12,-0.40,3006.656円,672回,3942.06億円
5711,2019-11-21,2970,2978,09:02,2914,10:43,2944,544100株,1600百万円,-54,-1.80,2940.464円,2028回,3871.05億円
5711,2019-11-22,2949,2974,10:02,2940,14:20,2942,389800株,1151百万円,-2,-0.07,2951.593円,1278回,3868.42億円
5711,2019-11-25,2989,2993,09:00,2945,14:39,2955,330200株,977百万円,+13,+0.44,2960.038円,977回,3885.52億円
5711,2019-11-26,2970,2979,10:47,2926,14:34,2933,553400株,1629百万円,-22,-0.74,2944.125円,1502回,3856.59億円
5711,2019-11-27,2956,2978,09:28,2942,14:48,2943,295600株,872百万円,+10,+0.34,2951.564円,860回,3869.74億円
5711,2019-11-28,2951,2961,09:03,2928,13:46,2940,248700株,731百万円,-3,-0.10,2939.008円,819回,3865.79億円
5711,2019-11-29,2919,2937,09:21,2918,09:00,2924,444200株,1299百万円,-16,-0.54,2923.586円,1102回,3844.75億円
5711,2019-12-02,2911,2954,10:34,2906,09:01,2952,426900株,1256百万円,+28,+0.96,2942.816円,1405回,3881.57億円
5711,2019-12-03,2932,2954,10:07,2920,09:02,2950,457200株,1345百万円,-2,-0.07,2940.85円,1349回,3878.94億円
5711,2019-12-05,2981,3005,09:04,2950,14:34,2955,701200株,2079百万円,+22,+0.75,2964.867円,2162回,3885.52億円
5711,2019-12-06,2969,2999,09:56,2964,09:00,2972,461700株,1374百万円,+17,+0.58,2975.732円,1507回,3907.87億円
5711,2019-12-09,3025,3030,09:01,3005,09:06,3015,432500株,1304百万円,+43,+1.45,3015.134円,816回,3964.41億円
5711,2019-12-10,3005,3015,12:33,2992,09:03,3010,266500株,802百万円,-5,-0.17,3007.821円,633回,3957.84億円
5711,2019-12-13,3080,3150,09:01,3075,09:00,3100,884800株,2743百万円,+90,+2.99,3100.438円,1854回,4076.18億円
5711,2019-12-16,3095,3105,09:00,3070,10:11,3085,269100株,831百万円,-15,-0.48,3087.594円,558回,4056.45億円
5711,2019-12-17,3100,3105,09:00,3060,12:41,3085,393000株,1211百万円,0,0,3082.061円,993回,4056.45億円
5711,2019-12-18,3095,3110,09:03,3060,14:04,3065,407600株,1255百万円,-20,-0.65,3079.418円,869回,4030.15億円
5711,2019-12-19,3080,3085,09:00,3050,10:40,3075,332800株,1021百万円,+10,+0.33,3066.777円,755回,4043.30億円
5711,2019-12-20,3075,3095,09:02,3050,14:59,3050,365500株,1118百万円,-25,-0.81,3059.873円,584回,4010.43億円
5711,2019-12-23,3040,3045,09:01,3005,12:30,3015,347700株,1049百万円,-35,-1.15,3016.421円,680回,3964.41億円
5711,2019-12-24,3015,3015,09:00,2971,13:31,2986,325900株,974百万円,-29,-0.96,2987.523円,907回,3926.28億円
5711,2019-12-25,2985,2985,09:00,2951,12:30,2971,227300株,675百万円,-15,-0.50,2968.736円,790回,3906.55億円
5711,2019-12-26,2948,2983,15:00,2946,09:00,2983,223800株,665百万円,+12,+0.40,2973.488円,822回,3922.33億円
5711,2019-12-27,2988,3010,10:30,2982,09:13,2988,296500株,887百万円,+5,+0.17,2991.653円,762回,3928.91億円
5711,2019-12-30,2961,2985,10:44,2944,09:10,2977,383600株,1141百万円,-11,-0.37,2974.42円,969回,3914.44億円
5711,2020-01-06,2931,2949,09:00,2908,11:00,2936,507100株,1485百万円,-41,-1.38,2929.023円,1347回,3860.53億円
5711,2020-01-07,2946,2968,13:47,2940,09:00,2950,434400株,1283百万円,+14,+0.48,2953.029円,1197回,3878.94億円
5711,2020-01-08,2903,2917,09:01,2870,10:27,2907,683700株,1984百万円,-43,-1.46,2901.471円,2000回,3822.40億円
5711,2020-01-09,2927,2946,09:03,2910,14:38,2913,526700株,1537百万円,+6,+0.21,2918.091円,1356回,3830.29億円
5711,2020-01-10,2911,2918,09:49,2898,15:00,2898,414700株,1204百万円,-15,-0.51,2904.501円,973回,3810.57億円
5711,2020-01-14,2914,2932,09:06,2900,10:06,2931,522300株,1527百万円,+33,+1.14,2922.999円,1175回,3853.96億円
5711,2020-01-15,2918,2932,10:13,2898,12:30,2924,626700株,1829百万円,-7,-0.24,2918.722円,1610回,3844.75億円
5711,2020-01-16,2915,2918,09:42,2885,09:07,2905,501300株,1457百万円,-19,-0.65,2905.679円,1405回,3819.77億円
5711,2020-01-17,2912,2946,14:55,2908,09:02,2943,404000株,1186百万円,+38,+1.31,2934.927円,1144回,3869.74億円
5711,2020-01-20,2975,2994,10:14,2973,14:46,2979,448300株,1337百万円,+36,+1.22,2981.658円,1253回,3917.07億円
5711,2020-01-21,2967,2986,09:36,2948,12:50,2965,418100株,1239百万円,-14,-0.47,2963.445円,1237回,3898.66億円
5711,2020-01-22,2931,2937,14:43,2907,09:08,2929,562800株,1647百万円,-36,-1.21,2926.343円,1544回,3851.33億円
5711,2020-01-23,2901,2901,09:00,2842,13:20,2857,777400株,2225百万円,-72,-2.46,2861.553円,1911回,3756.66億円
5711,2020-01-24,2824,2853,09:50,2813,09:01,2842,377100株,1069百万円,-15,-0.53,2836.094円,1184回,3736.93億円
5711,2020-01-27,2800,2822,10:04,2786,09:08,2812,513000株,1440百万円,-30,-1.06,2807.435円,1414回,3697.49億円
5711,2020-01-28,2766,2778,09:30,2743,11:26,2764,539700株,1490百万円,-48,-1.71,2761.139円,1599回,3634.37億円
5711,2020-01-29,2770,2792,12:50,2764,09:38,2787,467500株,1300百万円,+23,+0.83,2781.293円,1432回,3665億円
5711,2020-01-30,2789,2798,10:38,2753,14:14,2761,521800株,1446百万円,-26,-0.93,2771.296円,1707回,3630億円
5711,2020-01-31,2779,2790,10:15,2765,09:28,2783,427700株,1189百万円,+22,+0.80,2780.481円,1294回,3659億円
5711,2020-02-03,2710,2765,11:30,2707,09:04,2747,454200株,1247百万円,-36,-1.29,2746.51円,1597回,3612億円
5711,2020-02-04,2720,2774,13:36,2714,09:01,2768,370100株,1022百万円,+21,+0.76,2760.726円,1219回,3640億円
5711,2020-02-05,2834,2839,11:21,2821,09:24,2828,546700株,1547百万円,+60,+2.17,2829.331円,1867回,3719億円
5711,2020-02-06,2915,2950,13:42,2893,10:43,2902,1013800株,2954百万円,+74,+2.62,2913.659円,2967回,3816億円
5711,2020-02-07,2899,2906,09:16,2884,09:46,2886,418400株,1210百万円,-16,-0.55,2891.874円,1352回,3795億円
5711,2020-02-10,2818,2865,14:49,2816,09:03,2861,398200株,1135百万円,-25,-0.87,2851.362円,1343回,3762億円
5711,2020-02-10,2889,2897,09:02,2859,12:30,2863,470200株,1349百万円,+2,+0.07,2868.656円,1697回,3765億円
5711,2020-02-13,2913,2940,09:00,2863,10:33,2880,666100株,1921百万円,+17,+0.59,2884.631円,2264回,3787億円
5711,2020-02-14,2857,2878,14:59,2840,10:26,2873,613100株,1755百万円,-7,-0.24,2862.336円,2017回,3778億円
5711,2020-02-17,2845,2875,14:42,2823,09:14,2872,287700株,821百万円,-1,-0.03,2854.436円,1037回,3776億円
5711,2020-02-17,2851,2874,09:33,2829,13:11,2834,336400株,955百万円,-38,-1.32,2840.152円,1094回,3726億円
5711,2020-02-18,2837,2837,09:00,2780,10:18,2780,598300株,1671百万円,-54,-1.91,2792.997円,1779回,3655億円
5711,2020-02-20,2787,2802,10:48,2759,14:39,2763,729800株,2027百万円,-17,-0.61,2777.542円,2132回,3633億円
5711,2020-02-21,2751,2796,11:15,2743,09:00,2779,491300株,1366百万円,+16,+0.58,2780.312円,1720回,3654億円
5711,2020-02-25,2669,2687,10:13,2647,14:18,2653,835300株,2223百万円,-126,-4.53,2661.586円,2409回,3488億円
5711,2020-02-26,2634,2645,12:39,2585,10:28,2640,724300株,1897百万円,-13,-0.49,2618.511円,2163回,3471億円
5711,2020-02-27,2610,2614,09:04,2565,13:57,2572,631900株,1633百万円,-68,-2.58,2584.394円,1940回,3382億円
5711,2020-02-28,2483,2517,10:01,2452,14:43,2466,1187800株,2937百万円,-106,-4.12,2472.538円,3158回,3243億円
5711,2020-03-02,2401,2478,12:30,2401,09:03,2424,808300株,1961百万円,-42,-1.70,2426.104円,2751回,3187億円
5711,2020-03-03,2469,2475,09:03,2395,15:00,2395,726100株,1758百万円,-29,-1.20,2420.54円,1919回,3149億円
5711,2020-03-04,2362,2397,14:27,2354,09:00,2392,652900株,1556百万円,-3,-0.13,2382.861円,1987回,3145億円
5711,2020-03-05,2417,2431,09:00,2364,13:17,2378,615200株,1467百万円,-14,-0.59,2384.56円,1782回,3127億円
5711,2020-03-06,2328,2333,09:17,2261,14:46,2265,769900株,1755百万円,-113,-4.75,2278.951円,2022回,2978億円
5711,2020-03-06,2173,2187,09:07,2055,14:38,2071,740300株,1552百万円,-194,-8.57,2096.987円,2331回,2723億円
5711,2020-03-10,2000,2114,14:22,1961,09:38,2100,863800株,1779百万円,+29,+1.40,2059.126円,3057回,2761億円
5711,2020-03-11,2102,2174,10:13,2059,14:56,2064,695600株,1463百万円,-36,-1.71,2102.913円,2597回,2714億円
5711,2020-03-12,1982,2020,10:02,1909,14:59,1924,983700株,1918百万円,-140,-6.78,1949.851円,2769回,2530億円
5711,2020-03-13,1800,1928,14:19,1783,11:00,1855,1254200株,2302百万円,-69,-3.59,1835.267円,3998回,2439億円
5711,2020-03-16,1891,1948,14:10,1845,09:17,1873,954900株,1802百万円,+18,+0.97,1886.851円,3419回,2463億円
5711,2020-03-17,1853,1959,10:34,1811,09:09,1931,1349000株,2575百万円,+58,+3.10,1908.498円,4920回,2539億円
5711,2020-03-18,1960,2000,09:14,1862,14:56,1864,1191400株,2305百万円,-67,-3.47,1934.312円,3928回,2451億円
5711,2020-03-19,1930,2076,10:51,1912,09:03,2019,1060300株,2125百万円,+155,+8.32,2004.367円,3331回,2655億円
5711,2020-03-23,2062,2199,09:03,1982,11:24,2114,1452300株,3015百万円,+95,+4.71,2075.895円,5138回,2780億円
5711,2020-03-24,2164,2164,09:00,2034,13:52,2074,986800株,2058百万円,-40,-1.89,2085.818円,3592回,2727億円
5711,2020-03-25,2199,2263,14:56,2149,09:09,2253,761800株,1691百万円,+179,+8.63,2220.291円,2941回,2962億円
5711,2020-03-26,2173,2238,13:32,2111,09:04,2216,768200株,1687百万円,-37,-1.64,2195.506円,2478回,2914億円
5711,2020-03-27,2247,2298,15:00,2171,10:14,2298,892900株,2012百万円,+82,+3.70,2253.716円,2753回,3022億円
5711,2020-03-30,2171,2220,09:12,2150,09:03,2207,755500株,1652百万円,-91,-3.96,2186.805円,2346回,2902億円
5711,2020-03-31,2200,2256,14:26,2172,09:02,2239,498600株,1105百万円,+32,+1.45,2215.957円,2265回,2944億円
5711,2020-04-01,2206,2287,09:09,2109,14:52,2137,592600株,1295百万円,-78,-3.52,2186.071円,2030回,2810億円
5711,2020-04-02,2087,2142,13:21,2080,09:15,2084,477000株,1001百万円,-53,-2.48,2099.216円,1593回,2740億円
5711,2020-04-03,2080,2119,09:01,2045,14:18,2075,479200株,995百万円,-9,-0.43,2075.416円,1536回,2728億円
5711,2020-04-06,2067,2172,14:46,2032,09:09,2149,550700株,1163百万円,+74,+3.57,2112.178円,2015回,2826億円
