5713,2019-08-06,2925.0,2933.0,09:01,2850.5,12:30,2890.5,1408800株,4064百万円,-67.0,-2.27,2884.799円,3802回
5713,2019-08-06,2790.5,2904.0,13:08,2781.0,09:03,2898.0,1291800株,3696百万円,+7.5,+0.26,2860.742円,4027回
5713,2019-08-07,2864.5,2891.0,14:41,2830.0,09:05,2879.0,1290600株,3703百万円,-19.0,-0.66,2869.102円,3835回
5713,2019-08-08,2904.5,2920.5,09:04,2873.5,15:00,2873.5,1267400株,3666百万円,-5.5,-0.19,2892.915円,4027回
5713,2019-08-09,2991.5,3046.0,14:30,2983.5,11:13,3032.0,2422300株,7299百万円,+158.5,+5.52,3013.086円,6040回
5713,2019-08-13,2988.0,3034.0,14:59,2981.0,09:00,3027.0,1350500株,4068百万円,-5.0,-0.16,3012.22円,3394回
5713,2019-08-14,3060.0,3113.0,10:15,3060.0,09:00,3102.0,1407500株,4353百万円,+75.0,+2.48,3092.467円,3805回
5713,2019-08-15,3001.0,3082.0,12:37,2977.5,09:03,3081.0,1033700株,3158百万円,-21.0,-0.68,3055.504円,2773回
5713,2019-08-16,3032.0,3068.0,14:58,2988.0,09:04,3064.0,1276300株,3885百万円,-17.0,-0.55,3043.962円,3172回
5713,2019-08-19,3080.0,3104.0,09:31,3060.0,11:29,3084.0,802700株,2476百万円,+20.0,+0.65,3085.095円,2164回
5713,2019-08-20,3093.0,3111.0,09:10,3037.0,12:30,3076.0,892200株,2743百万円,-8.0,-0.26,3074.525円,2513回
5713,2019-08-21,3043.0,3047.0,09:00,2992.0,14:46,3002.0,1249600株,3765百万円,-74.0,-2.41,3012.757円,3673回
5713,2019-08-22,2990.0,3023.0,10:34,2971.0,09:00,2993.5,940800株,2817百万円,-8.5,-0.28,2994.266円,2930回
5713,2019-08-23,2991.5,3015.0,09:51,2989.0,09:04,3013.0,750400株,2255百万円,+19.5,+0.65,3004.663円,2279回
5713,2019-08-26,2911.5,2981.5,10:41,2910.0,09:03,2967.5,1269800株,3756百万円,-45.5,-1.51,2958.263円,3792回
5713,2019-08-26,2963.0,2963.0,09:00,2913.0,14:59,2913.5,1435300株,4203百万円,-54.0,-1.82,2928.288円,3971回
5713,2019-08-28,2924.0,2931.5,09:02,2888.5,09:38,2915.0,943800株,2748百万円,+1.5,+0.05,2911.724円,2967回
5713,2019-08-29,2910.0,2910.5,09:00,2848.5,10:20,2900.0,1312000株,3783百万円,-15.0,-0.51,2883.606円,3972回
5713,2019-08-30,2943.0,2994.0,13:59,2939.0,09:02,2991.5,1414800株,4212百万円,+91.5,+3.16,2977.07円,3994回
5713,2019-09-02,3042.0,3084.0,11:14,3026.0,09:07,3059.0,2391400株,7316百万円,+67.5,+2.26,3059.244円,5994回
5713,2019-09-03,3057.0,3159.0,10:37,3057.0,09:00,3115.0,1938500株,6062百万円,+56.0,+1.83,3127.218円,4973回
5713,2019-09-03,3134.0,3190.0,14:59,3109.0,09:36,3185.0,1699500株,5365百万円,+70.0,+2.25,3157.029円,4854回
5713,2019-09-05,3224.0,3304.0,10:37,3220.0,09:00,3260.0,2598100株,8506百万円,+75.0,+2.35,3274.078円,5672回
5713,2019-09-05,3266.0,3275.0,09:03,3213.0,14:58,3220.0,1711300株,5528百万円,-40.0,-1.23,3230.104円,3553回
5713,2019-09-07,3199.0,3307.0,13:07,3199.0,09:00,3292.0,1531800株,5017百万円,+72.0,+2.24,3274.981円,3502回
5713,2019-09-10,3324.0,3372.0,09:02,3317.0,09:00,3334.0,1415100株,4724百万円,+42.0,+1.28,3338.23円,3723回
5713,2019-09-11,3390.0,3461.0,09:03,3390.0,09:00,3435.0,1961400株,6719百万円,+101.0,+3.03,3425.586円,4999回
5713,2019-09-12,3450.0,3511.0,12:32,3440.0,09:20,3480.0,2315400株,8064百万円,+45.0,+1.31,3482.956円,5297回
5713,2019-09-13,3494.0,3494.0,09:00,3419.0,09:12,3478.0,2141500株,7440百万円,-2.0,-0.06,3474.209円,3951回
5713,2019-09-17,3445.0,3557.0,10:13,3442.0,09:00,3517.0,1981500株,6963百万円,+39.0,+1.12,3514.227円,4289回
5713,2019-09-17,3487.0,3505.0,09:00,3372.0,12:42,3427.0,1998600株,6832百万円,-90.0,-2.56,3418.513円,5143回,9966.20億円
5713,2019-09-19,3415.0,3455.0,11:25,3394.0,09:01,3424.0,1364400株,4682百万円,-3.0,-0.09,3431.847円,3626回,9957.47億円
5713,2019-09-20,3421.0,3481.0,10:33,3420.0,09:02,3444.0,1723100株,5943百万円,+20.0,+0.58,3449.17円,3457回,10015.63億円
5713,2019-09-24,3445.0,3489.0,09:24,3428.0,13:32,3433.0,888000株,3061百万円,-11.0,-0.32,3447.016円,2372回,9983.65億円
5713,2019-09-25,3379.0,3388.0,09:06,3317.0,10:39,3353.0,1425600株,4785百万円,-80.0,-2.33,3356.386円,3799回,9750.99億円
5713,2019-09-26,3402.0,3424.0,09:51,3385.0,09:14,3396.0,1383600株,4707百万円,+43.0,+1.28,3402.322円,3193回,9876.04億円
5713,2019-09-27,3352.0,3364.0,09:00,3302.0,12:30,3339.0,1075900株,3583百万円,-57.0,-1.68,3330.363円,2705回,9710.28億円
5713,2019-09-30,3352.0,3405.0,09:31,3331.0,14:35,3347.0,1232700株,4144百万円,+8.0,+0.24,3361.873円,2844回,9733.55億円
5713,2019-10-01,3344.0,3357.0,09:31,3313.0,09:06,3332.0,1138500株,3795百万円,-15.0,-0.45,3333.447円,2737回,9689.92億円
5713,2019-10-02,3293.0,3326.0,14:59,3233.0,09:00,3325.0,1475800株,4862百万円,-7.0,-0.21,3294.74円,3729回,9669.57億円
5713,2019-10-03,3255.0,3330.0,14:12,3247.0,09:01,3321.0,1079400株,3557百万円,-4.0,-0.12,3295.313円,3189回,9657.93億円
5713,2019-10-04,3301.0,3320.0,09:01,3273.0,09:30,3307.0,969000株,3195百万円,-14.0,-0.42,3297.367円,2724回,9617.22億円
5713,2019-10-07,3318.0,3338.0,09:04,3285.0,10:25,3320.0,891100株,2954百万円,+13.0,+0.39,3315.152円,2274回,9655.03億円
5713,2019-10-08,3326.0,3366.0,09:23,3309.0,09:03,3326.0,1212400株,4047百万円,+6.0,+0.18,3337.708円,3248回,9672.47億円
5713,2019-10-09,3292.0,3327.0,10:47,3266.0,09:01,3322.0,946000株,3135百万円,-4.0,-0.12,3314.435円,2619回,9660.84億円
5713,2019-10-10,3319.0,3339.0,15:00,3283.0,09:38,3339.0,831200株,2762百万円,+17.0,+0.51,3322.633円,2468回,9710.28億円
5713,2019-10-11,3398.0,3408.0,09:00,3355.0,11:02,3403.0,1176200株,3989百万円,+64.0,+1.92,3391.046円,2461回,9896.40億円
5713,2019-10-15,3456.0,3462.0,09:00,3420.0,09:36,3435.0,1302800株,4481百万円,+32.0,+0.94,3439.356円,3412回,9989.46億円
5713,2019-10-16,3458.0,3487.0,09:09,3373.0,14:58,3382.0,1252800株,4277百万円,-53.0,-1.54,3414.201円,3076回,9835.33億円
5713,2019-10-17,3345.0,3353.0,09:00,3281.0,10:23,3295.0,1544100株,5101百万円,-87.0,-2.57,3303.707円,3511回,9582.32億円
5713,2019-10-18,3280.0,3319.0,10:25,3239.0,09:11,3282.0,1590000株,5218百万円,-13.0,-0.39,3281.969円,3845回,9544.52億円
5713,2019-10-21,3329.0,3377.0,11:29,3324.0,09:00,3349.0,1352100株,4533百万円,+67.0,+2.04,3352.872円,2787回,9739.36億円
5713,2019-10-23,3370.0,3470.0,14:41,3350.0,09:00,3468.0,1888800株,6484百万円,+119.0,+3.55,3432.717円,4519回,10085.43億円
5713,2019-10-24,3497.0,3540.0,09:02,3481.0,10:33,3500.0,1177500株,4121百万円,+32.0,+0.92,3500.109円,2990回,10178.49億円
5713,2019-10-25,3493.0,3572.0,14:49,3488.0,09:00,3569.0,1429400株,5067百万円,+69.0,+1.97,3545.035円,3277回,10379.15億円
5713,2019-10-28,3590.0,3636.0,09:00,3590.0,09:00,3606.0,1418200株,5125百万円,+37.0,+1.04,3614.046円,3796回,10486.75億円
5713,2019-10-29,3640.0,3711.0,15:00,3639.0,09:00,3711.0,1493300株,5509百万円,+105.0,+2.91,3689.119円,3989回,10792.11億円
5713,2019-10-30,3703,3715,09:00,3613,10:10,3633,2182500株,7947百万円,-78,-2.10,3641.34円,4427回,10565.27億円
5713,2019-10-31,3613.0,3658.0,14:59,3603.0,09:18,3656.0,1152100株,4191百万円,+23.0,+0.63,3637.737円,2569回,10632.16億円
5713,2019-11-01,3541.0,3595.0,13:51,3529.0,09:03,3592.0,1141200株,4080百万円,-64.0,-1.75,3575.259円,3305回,10446.04億円
5713,2019-11-05,3662.0,3694.0,09:00,3585.0,10:43,3596.0,1609000株,5817百万円,+4.0,+0.11,3615.514円,4068回,10457.67億円
5713,2019-11-06,3625.0,3654.0,09:39,3601.0,13:17,3616.0,1581700株,5730百万円,+20.0,+0.56,3622.925円,4402回,10515.83億円
5713,2019-11-07,3592.0,3623.0,14:59,3571.0,09:08,3621.0,1068100株,3851百万円,+5.0,+0.14,3605.228円,3087回,10530.38億円
5713,2019-11-08,3642.0,3650.0,09:01,3589.0,10:48,3612.0,1495500株,5412百万円,-9.0,-0.25,3618.584円,3997回,10504.20億円
5713,2019-11-11,3564.0,3590.0,09:45,3516.0,09:05,3529.0,2160300株,7659百万円,-83.0,-2.30,3545.45円,5555回,10262.83億円
5713,2019-11-12,3470.0,3480.0,09:00,3410.0,10:44,3441.0,2330600株,8011百万円,-88.0,-2.49,3437.469円,5677回,10006.91億円
5713,2019-11-13,3450.0,3472.0,09:00,3380.0,13:25,3389.0,1219100株,4158百万円,-52.0,-1.51,3410.746円,3230回,9855.69億円
5713,2019-11-14,3393.0,3422.0,09:09,3358.0,13:04,3364.0,1072500株,3625百万円,-29.0,-0.85,3379.984円,2777回,9782.98億円
5713,2019-11-15,3387.0,3400.0,09:05,3362.0,09:25,3377.0,1034700株,3493百万円,+13.0,+0.39,3375.568円,2731回,9820.79億円
5713,2019-11-18,3387.0,3407.0,09:07,3355.0,14:29,3370.0,902300株,3047百万円,-7.0,-0.21,3376.638円,2077回,9800.43億円
5713,2019-11-19,3360.0,3362.0,09:00,3288.0,12:31,3301.0,1450200株,4802百万円,-69.0,-2.05,3311.509円,4086回,9599.77億円
5713,2019-11-20,3332.0,3405.0,09:44,3318.0,09:00,3358.0,1511700株,5089百万円,+57.0,+1.73,3366.561円,3892回,9765.53億円
5713,2019-11-21,3333.0,3342.0,09:00,3282.0,10:45,3294.0,1400100株,4622百万円,-64.0,-1.91,3301.459円,3443回,9579.41億円
5713,2019-11-22,3288.0,3334.0,10:55,3288.0,09:00,3311.0,1113500株,3691百万円,+17.0,+0.52,3315.159円,2823回,9628.85億円
5713,2019-11-25,3372.0,3415.0,11:06,3360.0,09:04,3399.0,1537000株,5206百万円,+88.0,+2.66,3387.106円,3463回,9884.77億円
5713,2019-11-26,3438.0,3439.0,09:00,3359.0,14:59,3364.0,1568200株,5299百万円,-35.0,-1.03,3379.16円,2731回,9782.98億円
5713,2019-11-27,3412.0,3449.0,09:26,3412.0,09:00,3429.0,1426400株,4895百万円,+65.0,+1.93,3431.672円,3403回,9972.01億円
5713,2019-11-28,3399.0,3421.0,09:03,3378.0,14:52,3385.0,912100株,3095百万円,-44.0,-1.28,3393.402円,2345回,9844.05億円
5713,2019-11-29,3355.0,3370.0,09:00,3316.0,15:00,3316.0,1275400株,4250百万円,-69.0,-2.04,3332.148円,2878回,9643.39億円
5713,2019-12-02,3317.0,3318.0,09:00,3287.0,09:25,3301.0,1381800株,4562百万円,-15.0,-0.45,3301.558円,3099回,9599.77億円
5713,2019-12-03,3280.0,3341.0,10:07,3268.0,09:00,3334.0,1354900株,4492百万円,+33.0,+1.00,3315.066円,3726回,9695.74億円
5713,2019-12-05,3315.0,3324.0,09:00,3270.0,10:03,3309.0,1067100株,3522百万円,+60.0,+1.85,3300.594円,2751回,9623.04億円
5713,2019-12-06,3318.0,3348.0,09:01,3310.0,11:18,3329.0,758700株,2524百万円,+20.0,+0.60,3326.277円,1916回,9681.20億円
5713,2019-12-09,3391.0,3418.0,09:02,3362.0,10:08,3377.0,1389600株,4697百万円,+48.0,+1.44,3380.105円,3313回,9820.79億円
5713,2019-12-10,3405.0,3426.0,12:30,3372.0,09:04,3412.0,1370200株,4671百万円,+35.0,+1.04,3409.085円,2967回,9922.57億円
5713,2019-12-13,3632.0,3666.0,14:29,3618.0,10:19,3660.0,2930600株,10674百万円,+168.0,+4.81,3642.097円,5476回,10643.79億円
5713,2019-12-16,3660.0,3692.0,12:35,3652.0,10:19,3663.0,1458100株,5351百万円,+3.0,+0.08,3670.175円,3501回,10652.52億円
5713,2019-12-17,3667.0,3674.0,09:00,3628.0,09:55,3662.0,1318600株,4818百万円,-1.0,-0.03,3653.909円,3044回,10649.61億円
5713,2019-12-18,3652.0,3653.0,09:00,3622.0,10:09,3637.0,1154900株,4200百万円,-25.0,-0.68,3636.683円,2826回,10576.91億円
5713,2019-12-19,3652.0,3652.0,09:00,3530.0,14:06,3545.0,1769800株,6306百万円,-92.0,-2.53,3562.938円,4481回,10309.36億円
5713,2019-12-20,3568.0,3587.0,09:02,3527.0,09:55,3546.0,1509000株,5355百万円,+1.0,+0.03,3548.503円,3098回,10312.26億円
5713,2019-12-23,3513.0,3520.0,09:00,3447.0,09:46,3469.0,1326700株,4606百万円,-77.0,-2.17,3471.573円,2881回,10088.34億円
5713,2019-12-24,3494.0,3509.0,09:00,3455.0,13:37,3467.0,672500株,2335百万円,-2.0,-0.06,3472.792円,1940回,10082.52億円
5713,2019-12-25,3496.0,3498.0,09:00,3467.0,14:26,3469.0,469100株,1631百万円,+2.0,+0.06,3477.413円,1167回,10088.34億円
5713,2019-12-26,3470.0,3499.0,15:00,3457.0,09:00,3499.0,566600株,1976百万円,+30.0,+0.86,3487.053円,1470回,10175.58億円
5713,2019-12-27,3483.0,3558.0,12:30,3482.0,09:01,3531.0,829600株,2928百万円,+32.0,+0.91,3529.025円,1992回,10268.64億円
5713,2019-12-30,3515.0,3556.0,10:08,3476.0,09:10,3544.0,900200株,3182百万円,+13.0,+0.37,3534.882円,2550回,10306.45億円
5713,2020-01-06,3451.0,3504.0,09:07,3427.0,11:02,3467.0,1294000株,4474百万円,-77.0,-2.17,3457.642円,3259回,10082.52億円
5713,2020-01-07,3429.0,3449.0,11:30,3392.0,09:02,3433.0,1365400株,4682百万円,-34.0,-0.98,3428.74円,3166回,9983.65億円
5713,2020-01-08,3412.0,3427.0,13:28,3349.0,10:38,3413.0,1523500株,5175百万円,-20.0,-0.58,3396.559円,4335回,9925.48億円
5713,2020-01-09,3495.0,3510.0,13:47,3468.0,12:30,3504.0,1206700株,4216百万円,+91.0,+2.67,3494.13円,2783回,10190.12億円
5713,2020-01-10,3491.0,3519.0,09:58,3480.0,10:45,3502.0,1017600株,3562百万円,-2.0,-0.06,3500.323円,2075回,10184.31億円
5713,2020-01-14,3540.0,3570.0,09:12,3534.0,09:00,3563.0,1312500株,4669百万円,+61.0,+1.74,3556.953円,2601回,10361.70億円
5713,2020-01-15,3512.0,3517.0,09:01,3418.0,12:30,3429.0,1630200株,5621百万円,-134.0,-3.76,3448.236円,4412回,9972.01億円
5713,2020-01-16,3447.0,3484.0,14:59,3431.0,09:01,3479.0,1432700株,4966百万円,+50.0,+1.46,3466.005円,3450回,10117.42億円
5713,2020-01-17,3471.0,3493.0,09:47,3461.0,11:22,3475.0,947100株,3291百万円,-4.0,-0.11,3474.313円,2298回,10105.79億円
5713,2020-01-20,3501.0,3543.0,14:47,3500.0,09:10,3533.0,862500株,3041百万円,+58.0,+1.67,3525.652円,2083回,10274.46億円
5713,2020-01-21,3515.0,3537.0,09:00,3483.0,14:59,3490.0,791400株,2768百万円,-43.0,-1.22,3497.94円,2163回,10149.41億円
5713,2020-01-22,3446.0,3451.0,09:00,3391.0,11:06,3415.0,1408300株,4813百万円,-75.0,-2.15,3417.545円,3259回,9931.30億円
5713,2020-01-23,3376.0,3376.0,09:00,3304.0,14:41,3305.0,1756800株,5838百万円,-110.0,-3.22,3323.21円,3789回,9611.40億円
5713,2020-01-24,3300.0,3319.0,14:09,3270.0,09:06,3307.0,1110600株,3664百万円,+2.0,+0.06,3298.945円,2515回,9617.22億円
5713,2020-01-27,3141.0,3224.0,09:59,3141.0,09:06,3194.0,1759800株,5612百万円,-113.0,-3.42,3188.872円,4194回,9288.60億円
5713,2020-01-28,3130.0,3172.0,14:58,3111.0,09:01,3166.0,1713300株,5384百万円,-28.0,-0.88,3142.693円,3421回,9207.17億円
5713,2020-01-29,3168.0,3221.0,14:56,3160.0,09:36,3218.0,1354200株,4333百万円,+52.0,+1.64,3199.63円,3052回,9358億円
5713,2020-01-30,3191.0,3201.0,10:28,3152.0,12:53,3177.0,1400800株,4449百万円,-41.0,-1.27,3176.053円,3999回,9239億円
5713,2020-01-31,3172.0,3200.0,10:02,3155.0,09:01,3164.0,1080800株,3431百万円,-13.0,-0.41,3174.306円,2839回,9201億円
5713,2020-02-03,3064.0,3100.0,14:30,3048.0,09:04,3087.0,1666900株,5131百万円,-77.0,-2.43,3077.913円,3819回,8977億円
5713,2020-02-04,3084.0,3121.0,12:51,3063.0,09:02,3109.0,857000株,2659百万円,+22.0,+0.71,3102.453円,2070回,9041億円
5713,2020-02-05,3179.0,3212.0,13:57,3164.0,09:30,3193.0,1619100株,5165百万円,+84.0,+2.70,3190.28円,3412回,9286億円
5713,2020-02-06,3263.0,3303.0,13:43,3244.0,10:43,3264.0,1543200株,5051百万円,+71.0,+2.22,3272.82円,3793回,9492億円
5713,2020-02-07,3234.0,3245.0,09:00,3206.0,09:46,3215.0,1303700株,4201百万円,-49.0,-1.50,3222.348円,3306回,9350億円
5713,2020-02-10,3130.0,3193.0,12:46,3122.0,09:03,3180.0,1653300株,5236百万円,-35.0,-1.09,3166.949円,4070回,9248億円
5713,2020-02-10,3194.0,3222.0,14:03,3172.0,09:48,3214.0,1522800株,4880百万円,+34.0,+1.07,3204.682円,3852回,9347億円
5713,2020-02-13,3207.0,3253.0,09:12,3182.0,10:20,3214.0,1352600株,4344百万円,0,0,3211.36円,3500回,9347億円
5713,2020-02-14,3190.0,3201.0,09:02,3152.0,11:10,3172.0,1130400株,3586百万円,-42.0,-1.31,3172.258円,2824回,9225億円
