5802,2019-08-06,1264.5,1269.5,09:00,1234.5,12:30,1249.5,2690900株,3365百万円,-23.5,-1.85,1250.477円,4099回
5802,2019-08-06,1202.5,1244.5,14:53,1201.0,09:04,1243.0,2451500株,3014百万円,-6.5,-0.52,1229.521円,3533回
5802,2019-08-07,1229.5,1238.5,09:14,1222.5,10:42,1228.0,1983200株,2437百万円,-15.0,-1.21,1228.823円,3242回
5802,2019-08-08,1221.5,1238.0,12:58,1219.5,09:00,1228.0,1817700株,2234百万円,0,0,1228.916円,2458回
5802,2019-08-09,1234.5,1237.5,14:05,1225.5,09:06,1233.5,2214100株,2731百万円,+5.5,+0.45,1233.435円,2409回
5802,2019-08-13,1204.0,1213.0,14:43,1201.5,09:00,1210.5,1975800株,2386百万円,-23.0,-1.86,1207.838円,3037回
5802,2019-08-14,1226.0,1234.5,09:12,1222.0,09:00,1230.0,1708900株,2100百万円,+19.5,+1.61,1228.697円,2722回
5802,2019-08-15,1202.5,1218.0,12:32,1200.0,09:03,1214.5,1600900株,1937百万円,-15.5,-1.26,1210.145円,2591回
5802,2019-08-16,1201.5,1212.0,14:37,1196.0,09:09,1209.5,1520600株,1833百万円,-5.0,-0.41,1205.731円,2304回
5802,2019-08-19,1210.0,1218.0,14:35,1202.0,09:09,1216.5,1689000株,2049百万円,+7.0,+0.58,1213.2円,2485回
5802,2019-08-20,1216.5,1227.0,14:59,1214.0,09:04,1225.0,1485900株,1815百万円,+8.5,+0.70,1221.477円,2357回
5802,2019-08-21,1207.0,1217.0,10:58,1205.0,09:00,1212.5,1713300株,2078百万円,-12.5,-1.02,1212.753円,2780回
5802,2019-08-22,1204.0,1213.0,13:02,1202.5,09:00,1212.0,1414500株,1711百万円,-0.5,-0.04,1209.832円,2162回
5802,2019-08-23,1201.0,1217.5,11:09,1201.0,09:00,1214.5,1333900株,1617百万円,+2.5,+0.21,1212.302円,1758回
5802,2019-08-26,1177.0,1203.5,14:58,1175.5,09:03,1201.5,2490500株,2980百万円,-13.0,-1.07,1196.461円,3437回
5802,2019-08-26,1214.0,1226.5,10:33,1213.5,09:00,1221.0,2435300株,2973百万円,+19.5,+1.62,1220.875円,3600回
5802,2019-08-28,1221.0,1221.0,09:00,1210.5,09:08,1213.5,1758200株,2136百万円,-7.5,-0.61,1214.855円,2345回
5802,2019-08-29,1218.0,1224.0,14:09,1211.0,10:23,1224.0,1642800株,2004百万円,+10.5,+0.87,1219.622円,2071回
5802,2019-08-30,1236.0,1252.0,14:16,1234.0,09:46,1251.0,2606900株,3248百万円,+27.0,+2.21,1246.098円,3371回
5802,2019-09-02,1255.0,1258.5,09:03,1247.5,10:23,1249.5,1130600株,1415百万円,-1.5,-0.12,1251.433円,1875回
5802,2019-09-03,1243.5,1263.0,13:32,1239.0,09:00,1258.5,1012300株,1272百万円,+9.0,+0.72,1256.657円,1548回
5802,2019-09-03,1249.0,1251.0,09:01,1240.0,09:50,1243.5,1119900株,1394百万円,-15.0,-1.19,1244.775円,1905回
5802,2019-09-05,1242.0,1280.0,14:25,1239.0,09:00,1275.5,2619100株,3330百万円,+32.0,+2.57,1271.456円,3280回
5802,2019-09-05,1296.0,1297.0,09:00,1285.0,09:12,1290.5,1759400株,2269百万円,+15.0,+1.18,1289.853円,2312回
5802,2019-09-07,1292.5,1299.0,14:36,1286.0,09:04,1299.0,1326100株,1718百万円,+8.5,+0.66,1295.718円,1691回
5802,2019-09-10,1317.5,1336.0,14:59,1317.5,09:00,1335.5,2033000株,2704百万円,+36.5,+2.81,1330.037円,2878回
5802,2019-09-11,1357.0,1388.5,14:25,1357.0,09:00,1386.5,3142300株,4335百万円,+51.0,+3.82,1379.579円,4382回
5802,2019-09-12,1389.0,1413.5,13:25,1387.5,09:00,1401.5,2718100株,3810百万円,+15.0,+1.08,1401.779円,3417回
5802,2019-09-13,1415.5,1417.0,13:45,1394.0,09:26,1412.0,3686900株,5206百万円,+10.5,+0.75,1411.959円,2950回
5802,2019-09-17,1404.0,1416.5,10:46,1396.0,09:13,1412.5,2345000株,3304百万円,+0.5,+0.04,1408.89円,3394回
5802,2019-09-17,1399.5,1400.0,09:00,1378.0,10:22,1390.5,2257800株,3134百万円,-22.0,-1.56,1388.174円,3309回,11039.74億円
5802,2019-09-19,1393.0,1420.0,10:21,1392.0,09:00,1397.5,2349900株,3300百万円,+7.0,+0.50,1404.382円,3482回,11095.32億円
5802,2019-09-20,1408.0,1414.5,10:33,1393.5,14:16,1401.5,3095900株,4340百万円,+4.0,+0.29,1401.917円,2823回,11127.08億円
5802,2019-09-24,1397.5,1406.5,10:26,1386.5,09:03,1388.0,2273500株,3171百万円,-13.5,-0.96,1394.71円,3553回,11019.90億円
5802,2019-09-25,1388.0,1401.5,13:22,1381.0,09:00,1396.0,2149000株,2996百万円,+8.0,+0.58,1394.011円,2920回,11083.41億円
5802,2019-09-26,1425.5,1432.5,09:04,1408.0,14:56,1412.0,2571900株,3647百万円,+16.0,+1.15,1418.128円,3109回,11210.44億円
5802,2019-09-27,1390.0,1399.0,09:01,1366.0,11:10,1377.5,3094100株,4258百万円,-34.5,-2.44,1376.228円,4486回,10936.53億円
5802,2019-09-30,1374.5,1386.5,09:21,1365.0,14:37,1371.0,2254700株,3096百万円,-6.5,-0.47,1373.111円,2874回,10884.93億円
5802,2019-10-01,1378.5,1406.5,10:27,1375.0,09:00,1398.5,1769700株,2471百万円,+27.5,+2.01,1396.317円,2662回,11103.26億円
5802,2019-10-02,1381.5,1394.5,10:42,1374.0,09:02,1381.0,1674300株,2316百万円,-17.5,-1.25,1383.12円,2454回,10964.32億円
5802,2019-10-03,1337.0,1356.0,09:21,1335.0,09:03,1352.5,1973000株,2660百万円,-28.5,-2.06,1347.992円,2950回,10738.05億円
5802,2019-10-04,1341.0,1351.0,09:03,1339.5,09:30,1347.5,1368100株,1842百万円,-5.0,-0.37,1346.044円,2400回,10698.35億円
5802,2019-10-07,1343.0,1352.5,09:04,1330.5,10:00,1341.5,1178400株,1580百万円,-6.0,-0.45,1340.39円,1994回,10650.71億円
5802,2019-10-08,1347.0,1361.0,09:19,1346.0,09:00,1349.0,1386100株,1874百万円,+7.5,+0.56,1352.065円,3183回,10710.26億円
5802,2019-10-09,1328.0,1342.0,14:59,1325.5,09:00,1340.5,1475500株,1973百万円,-8.5,-0.63,1337.336円,2251回,10642.77億円
5802,2019-10-10,1347.5,1354.5,09:02,1331.5,09:31,1352.0,1332400株,1795百万円,+11.5,+0.86,1347.064円,2814回,10734.08億円
5802,2019-10-11,1372.0,1386.0,14:57,1365.0,09:00,1385.0,2224100株,3065百万円,+33.0,+2.44,1378.249円,3132回,10996.08億円
5802,2019-10-15,1408.5,1425.5,10:15,1406.0,09:00,1415.5,2223400株,3149百万円,+30.5,+2.20,1416.468円,3134回,11238.23億円
5802,2019-10-16,1450.0,1457.5,09:06,1420.5,13:11,1424.5,2225700株,3188百万円,+9.0,+0.64,1432.546円,3421回,11309.68億円
5802,2019-10-17,1424.0,1426.0,09:13,1409.5,10:32,1415.5,1415600株,2005百万円,-9.0,-0.63,1416.38円,2226回,11238.23億円
5802,2019-10-18,1415.0,1423.5,09:00,1398.0,12:32,1406.5,2194800株,3090百万円,-9.0,-0.64,1407.976円,3287回,11166.77億円
5802,2019-10-21,1428.0,1430.0,09:00,1404.5,14:59,1406.0,2237000株,3157百万円,-0.5,-0.04,1411.458円,2881回,11162.80億円
5802,2019-10-23,1420.5,1443.0,14:27,1414.0,09:19,1440.5,2607400株,3741百万円,+34.5,+2.45,1434.603円,3544回,11436.71億円
5802,2019-10-24,1444.5,1459.0,12:43,1443.0,09:44,1458.0,2006700株,2917百万円,+17.5,+1.21,1453.872円,2958回,11575.65億円
5802,2019-10-25,1460.0,1464.0,09:00,1452.5,09:26,1458.0,1840400株,2682百万円,0,0,1457.453円,2615回,11575.65億円
5802,2019-10-28,1473.0,1483.0,13:41,1469.0,09:34,1479.5,1836000株,2713百万円,+21.5,+1.47,1477.683円,2966回,11746.35億円
5802,2019-10-29,1480.0,1498.0,14:59,1478.0,09:17,1497.5,2311200株,3449百万円,+18.0,+1.22,1492.455円,3424回,11889.26億円
5802,2019-10-30,1497.0,1498.5,14:59,1485.5,09:17,1498.5,2326600株,3478百万円,+1.0,+0.07,1494.76円,2900回,11897.20億円
5802,2019-10-31,1480.0,1501.5,13:39,1476.0,11:10,1496.5,3071700株,4586百万円,-2.0,-0.13,1492.891円,3690回,11881.32億円
5802,2019-11-01,1468.5,1486.0,14:28,1461.0,09:31,1480.0,2696100株,3981百万円,-16.5,-1.10,1476.594円,4881回,11750.32億円
5802,2019-11-05,1522.0,1550.0,13:11,1512.5,10:59,1534.0,5076200株,7765百万円,+54.0,+3.65,1529.765円,8027回,12179.05億円
5802,2019-11-06,1546.0,1570.0,09:46,1543.0,09:00,1570.0,3938300株,6154百万円,+36.0,+2.35,1562.519円,5122回,12464.87億円
5802,2019-11-07,1555.5,1581.5,14:59,1553.5,09:20,1580.5,2620100株,4113百万円,+10.5,+0.67,1569.901円,4000回,12548.23億円
5802,2019-11-08,1591.5,1596.5,09:01,1580.5,14:03,1585.5,3164000株,5018百万円,+5.0,+0.32,1586.098円,3930回,12587.93億円
5802,2019-11-11,1590.0,1591.5,09:00,1572.0,14:13,1573.0,1709800株,2700百万円,-12.5,-0.79,1578.924円,2525回,12488.69億円
5802,2019-11-12,1569.5,1582.0,14:59,1558.5,10:32,1580.0,2099600株,3303百万円,+7.0,+0.45,1573.356円,3045回,12544.26億円
5802,2019-11-13,1569.5,1572.5,10:12,1561.0,13:18,1566.0,1012200株,1586百万円,-14.0,-0.89,1566.812円,2222回,12433.11億円
5802,2019-11-14,1560.0,1573.5,10:54,1554.5,09:01,1561.5,1897500株,2969百万円,-3.0,-0.19,1564.592円,2639回,12397.38億円
5802,2019-11-15,1552.0,1571.0,10:10,1549.0,09:01,1565.5,1551700株,2425百万円,+4.0,+0.26,1563.089円,2416回,12429.14億円
5802,2019-11-18,1562.5,1569.0,09:00,1547.5,14:23,1554.5,1309300株,2036百万円,-11.0,-0.70,1555.121円,2402回,12341.81億円
5802,2019-11-19,1536.0,1550.5,11:29,1530.5,09:01,1538.5,1567000株,2413百万円,-16.0,-1.03,1540.115円,2197回,12214.78億円
5802,2019-11-20,1530.0,1547.5,09:32,1527.5,11:09,1539.0,1403100株,2156百万円,+0.5,+0.03,1536.366円,1983回,12218.75億円
5802,2019-11-21,1526.5,1533.0,09:01,1501.5,10:55,1526.5,1749200株,2660百万円,-12.5,-0.81,1520.469円,2955回,12119.50億円
5802,2019-11-22,1536.5,1541.0,09:00,1528.0,09:24,1534.5,1746600株,2680百万円,+8.0,+0.52,1534.307円,3134回,12183.02億円
5802,2019-11-25,1546.5,1552.5,09:21,1541.5,09:01,1548.0,1220100株,1888百万円,+13.5,+0.88,1547.158円,2005回,12290.20億円
5802,2019-11-26,1576.0,1609.0,10:47,1575.0,09:00,1580.0,5746200株,9132百万円,+32.0,+2.07,1589.254円,5380回,12544.26億円
5802,2019-11-27,1600.5,1627.5,09:28,1600.5,09:00,1617.5,3868200株,6250百万円,+37.5,+2.37,1615.667円,6195回,12841.99億円
5802,2019-11-28,1623.5,1630.5,09:06,1608.5,09:33,1615.0,2401400株,3883百万円,-2.5,-0.15,1616.866円,3902回,12822.14億円
5802,2019-11-29,1640.5,1676.0,11:10,1633.0,14:59,1634.0,4439400株,7333百万円,+19.0,+1.18,1651.801円,6710回,12972.99億円
5802,2019-12-02,1700.0,1713.0,09:11,1672.0,12:39,1674.5,4367700株,7371百万円,+40.5,+2.48,1687.555円,6596回,13294.53億円
5802,2019-12-03,1650.0,1670.0,13:25,1635.5,09:01,1664.0,2965700株,4920百万円,-10.5,-0.63,1658.91円,4710回,13211.17億円
5802,2019-12-05,1658.5,1667.5,13:20,1646.5,09:06,1662.0,2418100株,4016百万円,+24.0,+1.47,1660.827円,3802回,13195.29億円
5802,2019-12-06,1665.0,1669.0,09:00,1648.0,11:22,1657.0,2057900株,3411百万円,-5.0,-0.30,1657.438円,3584回,13155.60億円
5802,2019-12-09,1682.0,1688.0,09:00,1665.0,09:08,1668.5,1486900株,2484百万円,+11.5,+0.69,1670.636円,2410回,13246.90億円
5802,2019-12-10,1652.0,1657.5,12:31,1645.0,09:00,1650.0,2421900株,3999百万円,-18.5,-1.11,1651.218円,2892回,13100.02億円
5802,2019-12-13,1688.5,1696.0,12:30,1672.5,09:09,1690.5,4101600株,6927百万円,+53.5,+3.27,1688.786円,4188回,13421.57億円
5802,2019-12-16,1683.5,1691.5,09:05,1671.0,10:14,1674.0,1389500株,2328百万円,-16.5,-0.98,1675.695円,2183回,13290.57億円
5802,2019-12-17,1683.0,1689.0,09:00,1675.5,09:22,1682.5,1834100株,3084百万円,+8.5,+0.51,1681.672円,2141回,13358.05億円
5802,2019-12-18,1684.5,1686.0,09:00,1669.5,09:24,1675.0,1768200株,2963百万円,-7.5,-0.45,1675.699円,2229回,13298.50億円
5802,2019-12-19,1667.5,1684.0,14:59,1660.0,12:30,1680.5,1886600株,3160百万円,+5.5,+0.33,1674.915円,3005回,13342.17億円
5802,2019-12-20,1685.0,1689.5,09:00,1660.0,10:42,1663.0,3134100株,5222百万円,-17.5,-1.04,1666.043円,3694回,13203.23億円
5802,2019-12-23,1658.0,1658.0,09:00,1640.5,09:14,1645.0,2110500株,3475百万円,-18.0,-1.08,1646.591円,2972回,13060.32億円
5802,2019-12-24,1658.0,1664.5,09:00,1641.0,14:06,1646.0,2096600株,3456百万円,+1.0,+0.06,1648.204円,3170回,13068.26億円
5802,2019-12-25,1645.5,1649.5,09:01,1640.5,12:30,1643.0,795800株,1308百万円,-3.0,-0.18,1643.729円,1131回,13044.44億円
5802,2019-12-26,1628.0,1652.5,15:00,1626.0,09:00,1652.5,1224700株,2016百万円,+9.5,+0.58,1646.134円,1632回,13119.87億円
5802,2019-12-27,1660.0,1670.0,12:30,1656.0,09:00,1660.0,1137200株,1889百万円,+7.5,+0.45,1661.294円,1580回,13179.41億円
5802,2019-12-30,1652.0,1657.0,10:43,1641.5,09:10,1652.0,1544500株,2552百万円,-8.0,-0.48,1652.404円,1759回,13115.90億円
5802,2020-01-06,1619.0,1637.5,13:24,1611.5,09:00,1637.0,2535700株,4130百万円,-15.0,-0.91,1628.75円,3546回,12996.81億円
5802,2020-01-07,1644.5,1657.0,14:22,1635.0,09:16,1653.5,2228100株,3677百万円,+16.5,+1.01,1650.473円,3080回,13127.81億円
5802,2020-01-08,1620.5,1632.0,12:30,1608.0,10:15,1624.0,2388300株,3873百万円,-29.5,-1.78,1621.475円,4209回,12893.59億円
5802,2020-01-09,1644.0,1654.0,09:03,1639.5,14:59,1642.5,1856900株,3054百万円,+18.5,+1.14,1644.725円,3278回,13040.47億円
5802,2020-01-10,1654.0,1655.5,09:02,1637.5,14:59,1638.0,1555600株,2557百万円,-4.5,-0.27,1643.588円,2297回,13004.75億円
5802,2020-01-14,1643.5,1651.0,09:00,1626.0,10:06,1637.0,2252500株,3685百万円,-1.0,-0.06,1636.163円,3467回,12996.81億円
5802,2020-01-15,1620.0,1628.0,09:02,1605.0,12:30,1615.0,2102000株,3394百万円,-22.0,-1.34,1614.592円,2856回,12822.14億円
5802,2020-01-16,1602.0,1616.5,09:02,1598.0,09:00,1610.0,2435900株,3917百万円,-5.0,-0.31,1607.829円,2994回,12782.44億円
5802,2020-01-17,1632.0,1636.0,09:00,1613.0,09:04,1619.0,2638700株,4275百万円,+9.0,+0.56,1620.267円,3169回,12853.90億円
5802,2020-01-20,1629.0,1631.0,12:47,1618.0,09:09,1624.5,1468200株,2387百万円,+5.5,+0.34,1625.501円,2319回,12897.56億円
5802,2020-01-21,1618.0,1624.0,09:34,1602.5,14:29,1605.0,2116700株,3407百万円,-19.5,-1.20,1609.446円,3268回,12742.75億円
5802,2020-01-22,1597.0,1613.5,12:32,1594.0,09:00,1612.5,1554800株,2500百万円,+7.5,+0.47,1607.745円,2727回,12802.29億円
5802,2020-01-23,1596.0,1606.5,10:34,1593.0,09:23,1603.0,1820000株,2915百万円,-9.5,-0.59,1601.41円,2531回,12726.87億円
5802,2020-01-24,1615.0,1615.0,09:00,1595.5,09:04,1599.5,1570200株,2516百万円,-3.5,-0.22,1602.586円,1804回,12699.08億円
5802,2020-01-27,1564.5,1568.0,09:01,1546.0,14:49,1548.5,2325800株,3614百万円,-51.0,-3.19,1553.799円,3263回,12294.17億円
5802,2020-01-28,1532.0,1534.5,10:11,1518.0,11:26,1524.0,2624600株,4001百万円,-24.5,-1.58,1524.528円,3869回,12099.65億円
5802,2020-01-29,1507.0,1526.0,10:33,1505.5,09:00,1515.5,3486100株,5282百万円,-8.5,-0.56,1515.125円,4239回,12032億円
5802,2020-01-30,1511.0,1514.0,09:00,1478.5,13:03,1485.5,3044900株,4538百万円,-30.0,-1.98,1490.27円,4060回,11794億円
5802,2020-01-31,1495.0,1499.5,10:03,1477.5,14:59,1480.0,2408700株,3576百万円,-5.5,-0.37,1484.772円,3331回,11750億円
5802,2020-02-03,1450.0,1468.5,11:01,1439.5,09:01,1458.0,2619200株,3819百万円,-22.0,-1.49,1457.948円,4424回,11576億円
5802,2020-02-04,1450.5,1471.0,13:37,1447.0,09:00,1471.0,2943600株,4305百万円,+13.0,+0.89,1462.612円,3734回,11679億円
5802,2020-02-05,1494.0,1495.0,09:00,1473.0,14:59,1475.5,2415800株,3575百万円,+4.5,+0.31,1479.983円,3555回,11715億円
5802,2020-02-06,1545.5,1558.0,09:03,1484.0,09:03,1542.5,4383100株,6768百万円,+67.0,+4.54,1544.192円,6135回,12247億円
5802,2020-02-07,1533.5,1537.5,09:00,1514.0,12:35,1518.0,2026400株,3083百万円,-24.5,-1.59,1521.514円,3229回,12052億円
5802,2020-02-10,1495.5,1499.5,10:44,1485.5,14:16,1490.5,2191900株,3270百万円,-27.5,-1.81,1491.761円,3120回,11834億円
5802,2020-02-10,1487.0,1495.5,12:54,1477.5,09:48,1492.5,2067100株,3078百万円,+2.0,+0.13,1489.278円,3201回,11850億円
5802,2020-02-13,1491.0,1491.0,09:00,1475.5,10:00,1485.0,1754000株,2603百万円,-7.5,-0.50,1484.18円,3094回,11790億円
5802,2020-02-14,1474.0,1476.0,12:30,1459.5,09:42,1469.0,2554200株,3751百万円,-16.0,-1.08,1468.516円,3378回,11663億円
5802,2020-02-17,1447.5,1464.0,14:43,1436.0,09:15,1459.0,1568200株,2279百万円,-10.0,-0.68,1453.353円,3021回,11584億円
5802,2020-02-17,1449.0,1467.5,10:31,1448.5,09:00,1457.0,1921400株,2800百万円,-2.0,-0.14,1457.444円,3101回,11568億円
5802,2020-02-18,1452.0,1452.0,09:00,1435.0,10:19,1444.0,2028500株,2930百万円,-13.0,-0.89,1444.41円,3142回,11465億円
5802,2020-02-20,1466.5,1477.5,09:04,1453.0,12:30,1458.5,1715700株,2506百万円,+14.5,+1.00,1460.481円,3039回,11580億円
5802,2020-02-21,1457.5,1470.0,09:09,1450.0,11:29,1453.0,1487700株,2168百万円,-5.5,-0.38,1457.071円,3236回,11536億円
5802,2020-02-25,1370.0,1398.5,11:27,1368.0,09:06,1389.5,3263100株,4530百万円,-63.5,-4.37,1388.329円,4630回,11032億円
5802,2020-02-26,1370.0,1383.0,12:43,1356.5,09:03,1380.0,3172700株,4356百万円,-9.5,-0.68,1373.027円,4172回,10956億円
5802,2020-02-27,1350.0,1360.0,09:02,1338.0,13:59,1343.5,2772600株,3734百万円,-36.5,-2.64,1346.576円,4463回,10667億円
5802,2020-02-28,1310.5,1314.5,09:03,1281.5,14:27,1290.5,4989900株,6453百万円,-53.0,-3.94,1293.276円,6953回,10246億円
