5807,2019-10-16,2131,2166,09:04,2101,10:13,2118,14700株,31百万円,-1,-0.05,2127.306円,108回,144.21億円
5807,2019-10-17,2115,2121,14:24,2101,11:26,2110,6100株,13百万円,-8,-0.38,2110.541円,48回,143.67億円
5807,2019-10-18,2108,2122,11:29,2104,09:19,2120,6600株,14百万円,+10,+0.47,2112.818円,44回,144.35億円
5807,2019-10-21,2121,2148,09:22,2121,09:00,2126,6600株,14百万円,+6,+0.28,2131.152円,50回,144.75億円
5807,2019-10-23,2135,2145,14:59,2128,09:18,2135,6700株,14百万円,+9,+0.42,2138.731円,57回,145.37億円
5807,2019-10-24,2135,2140,12:34,2126,09:09,2128,7000株,15百万円,-7,-0.33,2132.514円,54回,144.89億円
5807,2019-10-25,2130,2167,13:25,2130,09:00,2160,12000株,26百万円,+32,+1.50,2148.117円,81回,147.07億円
5807,2019-10-28,2160,2187,12:59,2158,09:03,2184,9500株,21百万円,+24,+1.11,2175.158円,69回,148.70億円
5807,2019-10-29,2200,2275,15:00,2187,09:00,2275,34100株,76百万円,+91,+4.17,2235.909円,179回,154.90億円
5807,2019-10-30,2236,2266,09:46,2186,14:58,2195,36600株,81百万円,-80,-3.52,2215.314円,163回,149.45億円
5807,2019-10-31,2197,2223,09:35,2183,11:07,2189,13900株,31百万円,-6,-0.27,2200.518円,93回,149.04億円
5807,2019-11-01,2175,2175,09:00,2111,09:40,2113,18800株,40百万円,-76,-3.47,2126.186円,131回,143.87億円
5807,2019-11-05,2132,2173,09:53,2132,09:00,2137,10200株,22百万円,+24,+1.14,2151.823円,77回,145.50億円
5807,2019-11-07,2160,2161,09:04,2142,09:18,2159,3500株,8百万円,-6,-0.28,2154円,24回,147.00億円
5807,2019-11-08,2163,2175,11:04,2154,09:03,2172,6700株,15百万円,+13,+0.60,2168.896円,40回,147.89億円
5807,2019-11-11,2155,2190,09:54,2155,09:00,2172,9100株,20百万円,0,0,2166.352円,37回,147.89億円
5807,2019-11-12,2190,2207,14:59,2184,10:13,2200,3900株,9百万円,+28,+1.29,2193.051円,26回,149.79億円
5807,2019-11-13,2203,2203,09:00,2160,11:29,2175,3400株,7百万円,-25,-1.14,2176.588円,25回,148.09億円
5807,2019-11-14,2161,2161,09:00,2127,12:55,2146,5500株,12百万円,-29,-1.33,2142.327円,45回,146.12億円
5807,2019-11-15,2131,2142,14:05,2127,09:32,2136,3700株,8百万円,-10,-0.47,2134.865円,24回,145.44億円
5807,2019-11-18,2137,2150,13:15,2129,13:53,2140,4200株,9百万円,+4,+0.19,2138.119円,38回,145.71億円
5807,2019-11-19,2137,2137,09:00,2125,12:30,2126,4700株,10百万円,-14,-0.65,2130.511円,29回,144.75億円
5807,2019-11-20,2122,2132,09:52,2120,09:03,2128,5600株,12百万円,+2,+0.09,2124.911円,39回,144.89億円
5807,2019-11-21,2128,2129,09:37,2104,10:29,2128,7100株,15百万円,0,0,2117.056円,53回,144.89億円
5807,2019-11-22,2128,2135,10:46,2121,13:25,2122,2700株,6百万円,-6,-0.28,2127.185円,19回,144.48億円
5807,2019-11-25,2125,2168,15:00,2125,09:00,2168,8600株,19百万円,+46,+2.17,2155.174円,65回,147.61億円
5807,2019-11-26,2157,2189,10:40,2154,09:27,2162,3500株,8百万円,-6,-0.28,2169.429円,26回,147.21億円
5807,2019-11-27,2162,2206,09:12,2162,09:00,2202,8200株,18百万円,+40,+1.85,2196.671円,62回,149.93億円
5807,2019-11-28,2207,2250,14:59,2202,09:00,2250,14200株,32百万円,+48,+2.18,2232.38円,101回,153.20億円
5807,2019-11-29,2260,2270,14:58,2245,09:14,2269,6500株,15百万円,+19,+0.84,2257.108円,50回,154.49億円
5807,2019-12-02,2269,2269,09:00,2236,14:02,2237,7400株,17百万円,-32,-1.41,2249.014円,42回,152.31億円
5807,2019-12-03,2235,2297,12:52,2200,09:00,2267,23000株,52百万円,+30,+1.34,2262.039円,138回,154.36億円
5807,2019-12-05,2253,2253,09:00,2239,09:51,2245,2600株,6百万円,+4,+0.18,2247.077円,13回,152.86億円
5807,2019-12-06,2250,2260,12:36,2228,14:43,2239,5500株,12百万円,-6,-0.27,2242.364円,42回,152.45億円
5807,2019-12-09,2241,2284,13:07,2241,09:00,2276,8400株,19百万円,+37,+1.65,2264.345円,54回,154.97億円
5807,2019-12-10,2271,2280,09:17,2255,09:49,2278,4500株,10百万円,+2,+0.09,2271.622円,28回,155.10億円
5807,2019-12-13,2298,2298,09:00,2273,13:00,2285,10300株,24百万円,+30,+1.33,2285.524円,60回,155.58億円
5807,2019-12-16,2285,2288,09:00,2266,11:30,2281,4200株,10百万円,-4,-0.18,2276.095円,31回,155.31億円
5807,2019-12-17,2289,2289,09:00,2267,09:57,2273,3500株,8百万円,-8,-0.35,2273.029円,18回,154.76億円
5807,2019-12-18,2279,2279,09:00,2247,14:39,2267,5800株,13百万円,-6,-0.26,2261.138円,42回,154.36億円
5807,2019-12-19,2277,2283,14:25,2259,11:30,2265,3900株,9百万円,-2,-0.09,2269.897円,22回,154.22億円
5807,2019-12-20,2285,2285,09:00,2251,11:30,2275,5500株,12百万円,+10,+0.44,2263.618円,39回,154.90億円
5807,2019-12-23,2286,2286,09:00,2256,12:30,2262,3700株,8百万円,-13,-0.57,2264.919円,29回,154.01億円
5807,2019-12-24,2255,2255,09:00,2242,09:16,2252,4300株,10百万円,-10,-0.44,2249.861円,35回,153.33億円
5807,2019-12-25,2252,2252,09:00,2241,09:13,2251,3000株,7百万円,-1,-0.04,2248.067円,23回,153.27億円
5807,2019-12-26,2251,2269,14:21,2241,09:52,2268,5200株,12百万円,+17,+0.76,2257.115円,37回,154.42億円
5807,2019-12-27,2262,2277,10:18,2262,09:00,2270,4400株,10百万円,+2,+0.09,2270.932円,27回,154.56億円
5807,2019-12-30,2275,2335,13:49,2261,09:10,2322,15000株,34百万円,+52,+2.29,2298.767円,89回,158.10億円
5807,2020-01-06,2277,2331,10:09,2267,09:00,2302,9500株,22百万円,-20,-0.86,2300.821円,54回,156.74億円
5807,2020-01-07,2319,2350,14:58,2312,09:23,2338,9100株,21百万円,+36,+1.56,2330.341円,61回,159.19億円
5807,2020-01-08,2328,2336,13:06,2300,09:39,2314,9200株,21百万円,-24,-1.03,2317.685円,64回,157.56億円
5807,2020-01-09,2350,2389,10:08,2347,09:20,2377,11400株,27百万円,+63,+2.72,2367.088円,65回,161.84億円
5807,2020-01-10,2388,2388,09:00,2349,15:00,2349,8100株,19百万円,-28,-1.18,2372.531円,63回,159.94億円
5807,2020-01-14,2373,2385,09:14,2362,10:14,2371,4700株,11百万円,+22,+0.94,2371.085円,27回,161.44億円
5807,2020-01-15,2371,2371,09:00,2361,11:27,2371,4400株,10百万円,0,0,2367.682円,29回,161.44億円
5807,2020-01-16,2383,2383,09:00,2363,12:58,2370,4000株,9百万円,-1,-0.04,2373.175円,23回,161.37億円
5807,2020-01-17,2371,2388,12:46,2371,09:00,2383,5700株,14百万円,+13,+0.55,2381.368円,40回,162.25億円
5807,2020-01-20,2383,2386,14:14,2374,10:11,2381,4200株,10百万円,-2,-0.08,2381.381円,29回,162.12億円
5807,2020-01-21,2389,2414,14:28,2386,09:09,2411,7000株,17百万円,+30,+1.26,2396.757円,48回,164.16億円
5807,2020-01-22,2417,2530,14:57,2415,09:11,2528,16300株,41百万円,+117,+4.85,2485.037円,111回,172.13億円
5807,2020-01-23,2521,2528,13:47,2492,09:20,2515,9300株,23百万円,-13,-0.51,2514.538円,67回,171.24億円
5807,2020-01-24,2524,2524,09:00,2473,12:55,2498,8000株,20百万円,-17,-0.68,2499.238円,67回,170.08億円
5807,2020-01-27,2497,2510,10:20,2458,14:52,2478,13300株,33百万円,-20,-0.80,2483.549円,100回,168.72億円
5807,2020-01-28,2442,2488,14:01,2410,09:47,2457,12000株,29百万円,-21,-0.85,2445.117円,90回,167.29億円
5807,2020-01-29,2468,2468,09:00,2442,13:39,2450,4800株,12百万円,-7,-0.28,2452.875円,41回,167億円
5807,2020-01-30,2434,2434,09:00,2354,13:01,2373,11000株,26百万円,-77,-3.14,2381.736円,84回,162億円
5807,2020-01-31,2407,2448,15:00,2363,12:30,2448,6000株,14百万円,+75,+3.16,2411.317円,44回,167億円
5807,2020-02-03,2400,2446,09:36,2382,09:02,2442,23300株,56百万円,-6,-0.25,2420.288円,86回,166億円
5807,2020-02-04,2443,2497,14:39,2443,09:00,2497,11000株,27百万円,+55,+2.25,2476.854円,59回,170億円
5807,2020-02-05,2500,2567,11:01,2500,09:00,2550,10800株,27百万円,+53,+2.12,2537.454円,72回,174億円
5807,2020-02-06,2600,2625,10:26,2587,14:45,2597,15200株,40百万円,+47,+1.84,2602.395円,90回,177億円
5807,2020-02-07,2597,2604,09:26,2531,15:00,2531,9600株,25百万円,-66,-2.54,2571.562円,72回,172億円
5807,2020-02-10,2530,2618,13:28,2525,09:00,2593,10000株,26百万円,+62,+2.45,2573.55円,75回,177億円
5807,2020-02-12,2611,2650,09:10,2595,09:31,2623,15200株,40百万円,+30,+1.16,2627.217円,110回,179億円
5807,2020-02-13,2623,2645,11:04,2606,14:40,2625,7600株,20百万円,+2,+0.08,2622.684円,55回,179億円
5807,2020-02-14,2625,2625,09:00,2536,14:39,2579,11300株,29百万円,-46,-1.75,2584.593円,82回,176億円
5807,2020-02-17,2575,2616,14:52,2555,09:20,2605,8200株,21百万円,+26,+1.01,2582.963円,61回,177億円
5807,2020-02-17,2620,2620,09:00,2587,12:59,2598,12600株,33百万円,-7,-0.27,2603.849円,91回,177億円
5807,2020-02-18,2598,2615,12:52,2574,09:06,2605,7600株,20百万円,+7,+0.27,2593.224円,52回,177億円
5807,2020-02-20,2605,2630,09:17,2556,13:01,2574,11000株,29百万円,-31,-1.19,2600.882円,81回,175億円
5807,2020-02-21,2574,2591,10:18,2566,13:11,2568,6900株,18百万円,-6,-0.23,2574.522円,40回,175億円
5807,2020-02-25,2431,2514,11:24,2404,09:06,2470,18900株,47百万円,-98,-3.82,2469.243円,118回,168億円
5807,2020-02-26,2450,2518,09:39,2450,09:00,2516,16100株,40百万円,+46,+1.86,2491.074円,104回,171億円
5807,2020-02-27,2516,2560,09:32,2493,14:50,2503,15200株,38百万円,-13,-0.52,2523.059円,102回,170億円
5807,2020-02-28,2403,2419,09:42,2303,14:55,2313,26500株,63百万円,-190,-7.59,2361.736円,179回,157億円
5807,2020-03-02,2250,2506,14:56,2250,09:03,2495,25200株,60百万円,+182,+7.87,2389.048円,176回,170億円
5807,2020-03-03,2505,2595,09:15,2439,13:30,2490,16700株,42百万円,-5,-0.20,2511.299円,124回,170億円
5807,2020-03-04,2480,2490,09:07,2429,09:16,2460,13400株,33百万円,-30,-1.20,2464.903円,100回,168億円
5807,2020-03-05,2460,2525,11:15,2460,09:00,2484,12300株,31百万円,+24,+0.98,2496.122円,87回,169億円
5807,2020-03-06,2460,2484,09:43,2393,14:59,2399,13700株,33百万円,-85,-3.42,2428.241円,84回,163億円
5807,2020-03-06,2331,2338,09:10,2154,14:48,2178,33300株,76百万円,-221,-9.21,2271.775円,140回,148億円
5807,2020-03-10,2128,2221,14:33,2019,09:33,2190,34500株,73百万円,+12,+0.55,2128.003円,173回,149億円
5807,2020-03-11,2213,2245,09:18,2118,15:00,2118,15700株,34百万円,-72,-3.29,2185.599円,124回,144億円
5807,2020-03-12,2081,2110,09:56,2025,13:01,2025,16400株,34百万円,-93,-4.39,2052.488円,127回,138億円
5807,2020-03-13,1860,1936,14:19,1750,10:20,1900,25600株,47百万円,-125,-6.17,1852.699円,158回,129億円
5807,2020-03-16,2020,2089,10:21,2002,09:09,2010,16200株,33百万円,+110,+5.79,2030.654円,88回,137億円
5807,2020-03-17,1994,2209,14:59,1968,09:02,2204,32800株,68百万円,+194,+9.65,2087.128円,204回,150億円
5807,2020-03-18,2254,2308,09:06,2147,14:52,2172,32000株,72百万円,-32,-1.45,2253.712円,79回,148億円
5807,2020-03-19,2172,2280,09:38,2172,09:00,2193,8900株,20百万円,+21,+0.97,2211.551円,52回,149億円
5807,2020-03-23,2200,2323,15:00,2185,11:20,2323,14500株,32百万円,+130,+5.93,2238.331円,88回,158億円
5807,2020-03-24,2396,2430,09:34,2346,09:06,2428,12400株,30百万円,+105,+4.52,2391.008円,89回,165億円
5807,2020-03-25,2499,2535,15:00,2428,12:40,2535,15600株,39百万円,+107,+4.41,2489.128円,109回,173億円
5807,2020-03-26,2530,2631,13:25,2452,10:13,2629,17700株,45百万円,+94,+3.71,2559.113円,123回,179億円
5807,2020-03-27,2632,2632,09:00,2530,13:39,2597,26200株,68百万円,-32,-1.22,2586.901円,169回,177億円
5807,2020-03-30,2417,2417,09:08,2250,11:01,2330,24100株,57百万円,-267,-10.28,2376.199円,95回,159億円
5807,2020-03-31,2335,2421,14:53,2335,09:00,2418,9500株,23百万円,+88,+3.78,2381.411円,61回,165億円
5807,2020-04-01,2368,2380,12:33,2223,15:00,2223,10000株,23百万円,-195,-8.06,2292.83円,75回,151億円
5807,2020-04-02,2267,2268,09:02,2135,14:59,2209,3100株,7百万円,-14,-0.63,2207.226円,19回,150億円
5807,2020-04-03,2209,2230,09:14,2076,14:14,2147,8500株,18百万円,-62,-2.81,2134.294円,63回,146億円
5807,2020-04-06,2147,2217,12:33,2134,09:25,2178,8500株,18百万円,+31,+1.44,2176.388円,54回,148億円
5807,2020-04-07,2179,2349,14:53,2179,09:00,2346,9500株,22百万円,+168,+7.71,2280.263円,66回,160億円
5807,2020-04-08,2296,2343,09:29,2243,11:10,2343,3100株,7百万円,-3,-0.13,2319.839円,16回,160億円
5807,2020-04-09,2345,2345,09:00,2270,13:33,2338,7400株,17百万円,-5,-0.21,2301.568円,58回,159億円
5807,2020-04-10,2338,2345,15:00,2307,12:58,2345,2200株,5百万円,+7,+0.30,2334.955円,12回,160億円
5807,2020-04-13,2345,2345,09:00,2313,14:59,2331,4200株,10百万円,-14,-0.60,2328.619円,31回,159億円
5807,2020-04-14,2331,2348,14:41,2261,09:26,2348,2900株,7百万円,+17,+0.73,2333.655円,19回,160億円
5807,2020-04-15,2332,2332,09:00,2292,09:01,2315,3700株,9百万円,-33,-1.41,2312.432円,21回,158億円
5807,2020-04-16,2265,2314,15:00,2265,09:00,2314,2400株,6百万円,-1,-0.04,2306.625円,6回,158億円
5807,2020-04-17,2314,2357,09:40,2268,09:16,2306,4100株,9百万円,-8,-0.35,2314.268円,27回,157億円
5807,2020-04-20,2281,2307,12:30,2263,14:29,2283,2000株,5百万円,-23,-1.00,2281.8円,15回,155億円
5807,2020-04-21,2260,2285,15:00,2225,13:30,2285,3800株,9百万円,+2,+0.09,2264.553円,26回,156億円
5807,2020-04-22,2285,2285,09:00,2241,14:54,2263,1700株,4百万円,-22,-0.96,2258.294円,8回,154億円
5807,2020-04-23,2251,2316,12:54,2251,09:00,2307,2600株,6百万円,+44,+1.94,2291.808円,19回,157億円
5807,2020-04-24,2307,2307,09:00,2257,12:32,2307,2800株,6百万円,0,0,2292.786円,16回,157億円
5807,2020-04-27,2316,2389,15:00,2278,13:30,2389,4300株,10百万円,+82,+3.55,2347.023円,23回,163億円
5807,2020-04-28,2408,2483,13:54,2384,09:46,2419,6900株,17百万円,+30,+1.26,2450.261円,53回,165億円
5807,2020-04-30,2468,2469,09:00,2332,09:15,2460,5500株,13百万円,+41,+1.69,2422.273円,34回,168億円
5807,2020-05-01,2470,2490,09:03,2412,15:00,2412,7600株,19百万円,-48,-1.95,2459.303円,58回,164億円
5807,2020-05-07,2362,2399,12:32,2362,09:00,2379,1700株,4百万円,-33,-1.37,2379.059円,9回,162億円
5807,2020-05-08,2428,2428,09:00,2386,09:37,2427,1800株,4百万円,+48,+2.02,2412.5円,12回,165億円
