5901,2019-08-06,1644,1648,09:01,1611,11:16,1637,1009900株,1646百万円,-15,-0.91,1629.587円,2373回
5901,2019-08-06,1597,1653,13:16,1590,09:00,1648,986600株,1612百万円,+11,+0.67,1634.056円,2607回
5901,2019-08-07,1624,1633,09:00,1589,12:32,1598,1367200株,2190百万円,-50,-3.03,1601.876円,2722回
5901,2019-08-08,1615,1678,12:40,1615,09:00,1667,1066900株,1770百万円,+69,+4.32,1659.32円,2800回
5901,2019-08-09,1690,1698,09:00,1659,09:42,1673,1202900株,2020百万円,+6,+0.36,1679.346円,1836回
5901,2019-08-13,1643,1663,14:33,1626,09:05,1659,818500株,1351百万円,-14,-0.84,1651.129円,1626回
5901,2019-08-14,1681,1689,09:01,1641,14:15,1644,769300株,1271百万円,-15,-0.90,1651.661円,1740回
5901,2019-08-15,1619,1622,09:06,1596,13:14,1603,559300株,898百万円,-41,-2.49,1604.761円,1226回
5901,2019-08-16,1583,1599,09:24,1574,09:00,1584,710300株,1127百万円,-19,-1.19,1586.964円,1477回
5901,2019-08-19,1610,1621,10:20,1601,11:05,1611,420500株,677百万円,+27,+1.70,1610.901円,1061回
5901,2019-08-20,1600,1612,09:28,1588,13:04,1592,490400株,783百万円,-19,-1.18,1595.835円,1073回
5901,2019-08-21,1572,1575,09:17,1551,10:31,1555,478800株,747百万円,-37,-2.32,1559.256円,1275回
5901,2019-08-22,1552,1556,12:46,1535,09:06,1546,487000株,753百万円,-9,-0.58,1546.588円,1165回
5901,2019-08-23,1531,1562,09:54,1525,09:00,1552,493300株,764百万円,+6,+0.39,1549.706円,1222回
5901,2019-08-26,1496,1503,09:03,1485,14:24,1491,625300株,933百万円,-61,-3.93,1492.597円,1349回
5901,2019-08-26,1510,1536,12:35,1507,09:00,1512,470000株,713百万円,+21,+1.41,1516.79円,861回
5901,2019-08-28,1504,1528,10:05,1502,09:01,1518,536400株,815百万円,+6,+0.40,1518.471円,1171回
5901,2019-08-29,1522,1539,09:44,1511,11:29,1520,395400株,602百万円,+2,+0.13,1521.649円,1037回
5901,2019-08-30,1551,1561,09:07,1543,10:06,1548,646800株,1003百万円,+28,+1.84,1550.671円,1273回
5901,2019-09-02,1533,1538,09:00,1507,13:09,1507,363000株,549百万円,-41,-2.65,1513.626円,839回
5901,2019-09-03,1510,1558,13:56,1510,09:00,1548,517400株,799百万円,+41,+2.72,1545.009円,1186回
5901,2019-09-03,1548,1563,10:35,1530,09:21,1556,550500株,855百万円,+8,+0.52,1553.032円,1585回
5901,2019-09-05,1569,1593,10:37,1568,09:01,1589,769800株,1222百万円,+33,+2.12,1587.041円,1183回
5901,2019-09-05,1610,1618,09:00,1601,13:41,1604,819300株,1317百万円,+15,+0.94,1607.217円,1360回
5901,2019-09-07,1606,1612,09:11,1593,10:07,1604,596600株,956百万円,0,0,1601.891円,1203回
5901,2019-09-10,1621,1641,10:26,1618,09:20,1634,572400株,933百万円,+30,+1.87,1630.504円,1373回
5901,2019-09-11,1652,1674,12:34,1649,09:00,1671,676400株,1128百万円,+37,+2.26,1667.456円,1664回
5901,2019-09-12,1709,1711,09:00,1676,09:41,1689,833600株,1407百万円,+18,+1.08,1688.01円,1641回
5901,2019-09-13,1716,1716,09:00,1672,09:16,1713,1507800株,2579百万円,+24,+1.42,1710.116円,1771回
5901,2019-09-17,1732,1754,12:30,1706,09:05,1742,1029000株,1790百万円,+29,+1.69,1739.474円,2146回
5901,2019-09-17,1749,1752,09:00,1715,14:59,1721,912100株,1578百万円,-21,-1.21,1729.883円,1726回,3491.26億円
5901,2019-09-19,1721,1748,10:30,1699,14:59,1699,723700株,1238百万円,-22,-1.28,1709.995円,1542回,3446.63億円
5901,2019-09-20,1693,1742,14:00,1684,09:01,1726,1137100株,1963百万円,+27,+1.59,1726.104円,2018回,3501.40億円
5901,2019-09-24,1662,1711,09:34,1662,09:03,1703,609200株,1036百万円,-23,-1.33,1700.09円,1265回,3454.74億円
5901,2019-09-25,1695,1706,12:39,1674,09:48,1692,456900株,774百万円,-11,-0.65,1692.959円,972回,3432.43億円
5901,2019-09-26,1700,1715,09:08,1684,14:58,1690,481000株,816百万円,-2,-0.12,1696.714円,1079回,3428.37億円
5901,2019-09-27,1700,1707,09:00,1669,12:30,1685,518800株,874百万円,-5,-0.30,1684.351円,1056回,3418.23億円
5901,2019-09-30,1689,1698,10:36,1666,14:38,1676,668300株,1121百万円,-9,-0.53,1677.619円,1263回,3399.97億円
5901,2019-10-01,1706,1716,10:52,1696,09:02,1710,474600株,811百万円,+34,+2.03,1708.738円,942回,3468.94億円
5901,2019-10-02,1685,1697,09:02,1677,13:07,1688,525500株,886百万円,-22,-1.29,1686.823円,1106回,3424.31億円
5901,2019-10-03,1654,1662,09:03,1628,10:42,1651,498900株,821百万円,-37,-2.19,1645.648円,1084回,3349.25億円
5901,2019-10-04,1635,1656,14:44,1626,09:00,1655,524800株,864百万円,+4,+0.24,1645.531円,1084回,3357.37億円
5901,2019-10-07,1665,1686,09:00,1657,09:59,1682,323700株,542百万円,+27,+1.63,1674.894円,805回,3412.14億円
5901,2019-10-08,1687,1704,09:14,1680,13:32,1686,425000株,717百万円,+4,+0.24,1688.039円,1033回,3420.26億円
5901,2019-10-09,1653,1653,09:00,1622,10:46,1636,511200株,837百万円,-50,-2.97,1636.56円,1261回,3318.82億円
5901,2019-10-10,1651,1673,14:59,1631,09:36,1671,430900株,716百万円,+35,+2.14,1661.98円,1162回,3389.83億円
5901,2019-10-11,1704,1704,09:00,1672,10:41,1703,682800株,1160百万円,+32,+1.92,1698.872円,1108回,3454.74億円
5901,2019-10-15,1741,1753,09:04,1726,12:34,1734,493400株,856百万円,+31,+1.82,1735.778円,1107回,3517.63億円
5901,2019-10-16,1705,1746,09:10,1701,09:00,1734,717900株,1243百万円,0,0,1730.96円,1767回,3517.63億円
5901,2019-10-17,1734,1735,09:00,1710,12:34,1721,500900株,863百万円,-13,-0.75,1722.572円,1261回,3491.26億円
5901,2019-10-18,1739,1767,11:08,1733,09:00,1743,380800株,665百万円,+22,+1.28,1746.134円,823回,3535.89億円
5901,2019-10-21,1757,1762,09:00,1742,10:05,1750,384800株,674百万円,+7,+0.40,1751.029円,651回,3550.09億円
5901,2019-10-23,1765,1770,09:00,1711,11:11,1745,433700株,755百万円,-5,-0.29,1739.97円,1299回,3539.94億円
5901,2019-10-24,1754,1760,09:00,1731,10:02,1747,397600株,694百万円,+2,+0.11,1744.709円,1064回,3544.00億円
5901,2019-10-25,1748,1765,09:00,1737,09:58,1760,479600株,842百万円,+13,+0.74,1754.608円,918回,3570.37億円
5901,2019-10-28,1762,1768,09:00,1744,13:08,1750,303900株,532百万円,-10,-0.57,1751.111円,925回,3550.09億円
5901,2019-10-29,1762,1764,09:00,1748,12:48,1758,316500株,556百万円,+8,+0.46,1757.735円,794回,3566.32億円
5901,2019-10-30,1752,1756,09:07,1729,13:38,1745,667000株,1162百万円,-13,-0.74,1742.792円,1400回,3539.94億円
5901,2019-10-31,1746,1762,10:18,1718,13:15,1727,594500株,1029百万円,-18,-1.03,1731.348円,1455回,3503.43億円
5901,2019-11-01,1950,1972,09:16,1855,14:59,1864,1305800株,2475百万円,+137,+7.93,1895.374円,4468回,3781.35億円
5901,2019-11-05,1875,1981,14:27,1869,09:00,1965,1257000株,2448百万円,+101,+5.42,1947.331円,3852回,3986.24億円
5901,2019-11-06,1975,2007,09:07,1952,13:20,1973,818600株,1613百万円,+8,+0.41,1970.752円,2413回,4002.47億円
5901,2019-11-07,1971,1988,09:00,1958,12:36,1971,482200株,949百万円,-2,-0.10,1968.966円,1361回,3998.41億円
5901,2019-11-08,1984,2005,09:25,1938,09:00,1961,1101800株,2174百万円,-10,-0.51,1973.215円,1815回,3978.13億円
5901,2019-11-11,1980,1995,09:01,1963,09:15,1965,484600株,956百万円,+4,+0.20,1972.49円,1321回,3986.24億円
5901,2019-11-12,1965,1982,14:53,1946,11:01,1975,547400株,1078百万円,+10,+0.51,1968.687円,1330回,4006.53億円
5901,2019-11-13,1962,1966,09:00,1917,14:18,1926,322900株,624百万円,-49,-2.48,1931.503円,1238回,3907.13億円
5901,2019-11-14,1909,1910,09:08,1876,13:04,1889,447300株,846百万円,-30,-1.56,1890.781円,1439回,3832.07億円
5901,2019-11-15,1907,1941,12:30,1906,09:25,1927,430600株,830百万円,+38,+2.01,1926.855円,1103回,3909.15億円
5901,2019-11-18,1916,1938,13:54,1913,09:00,1933,443500株,856百万円,+6,+0.31,1930.538円,1194回,3921.33億円
5901,2019-11-19,1922,1946,11:29,1916,10:05,1923,352600株,679百万円,-10,-0.52,1927.1円,988回,3901.04億円
5901,2019-11-20,1897,1910,09:17,1876,14:56,1877,416800株,786百万円,-46,-2.39,1885.076円,1177回,3807.72億円
5901,2019-11-21,1876,1886,09:19,1833,10:49,1866,642000株,1195百万円,-11,-0.59,1861.54円,1947回,3785.41億円
5901,2019-11-22,1881,1910,11:05,1881,09:00,1888,415100株,787百万円,+22,+1.18,1894.992円,1254回,3830.04億円
5901,2019-11-25,1905,1936,12:49,1905,09:00,1921,342100株,657百万円,+33,+1.75,1920.758円,1043回,3896.98億円
5901,2019-11-26,1933,1945,10:47,1913,12:30,1927,677900株,1307百万円,+6,+0.31,1927.903円,1219回,3909.15億円
5901,2019-11-27,1954,1962,13:55,1939,10:39,1949,460600株,898百万円,+22,+1.14,1950.312円,1299回,3953.78億円
5901,2019-11-28,1955,1955,09:00,1920,14:45,1926,310800株,600百万円,-23,-1.18,1931.235円,743回,3907.13億円
5901,2019-11-29,1936,1936,09:00,1907,15:00,1907,469900株,900百万円,-19,-0.99,1914.392円,995回,3868.58億円
5901,2019-12-02,1916,1950,11:29,1913,09:00,1942,375600株,728百万円,+35,+1.84,1939.022円,1112回,3939.58億円
5901,2019-12-03,1912,1926,13:31,1899,09:03,1913,530600株,1016百万円,-29,-1.49,1914.295円,1389回,3880.75億円
5901,2019-12-05,1905,1937,10:20,1905,09:00,1932,391000株,755百万円,+33,+1.74,1929.79円,1176回,3919.30億円
5901,2019-12-06,1946,1960,09:03,1935,15:00,1935,303800株,590百万円,+3,+0.16,1941.292円,705回,3925.38億円
5901,2019-12-09,1958,1974,09:01,1952,10:08,1967,301500株,592百万円,+32,+1.65,1965.042円,714回,3990.30億円
5901,2019-12-10,1940,1953,09:07,1925,15:00,1925,315900株,610百万円,-42,-2.14,1931.367円,671回,3905.10億円
5901,2019-12-13,1980,2024,14:55,1980,09:03,2017,1359700株,2718百万円,+82,+4.24,1998.608円,1820回,4091.73億円
5901,2019-12-16,2011,2014,09:00,1970,10:18,1986,421800株,838百万円,-31,-1.54,1986.557円,1097回,4028.84億円
5901,2019-12-17,1989,2000,09:05,1974,09:55,1991,433300株,862百万円,+5,+0.25,1990.31円,1016回,4038.99億円
5901,2019-12-18,2008,2032,09:02,2008,09:00,2027,700400株,1418百万円,+36,+1.81,2024.04円,1728回,4112.02億円
5901,2019-12-19,2007,2007,09:00,1947,14:59,1950,517700株,1016百万円,-77,-3.80,1962.13円,1629回,3955.81億円
5901,2019-12-20,1945,1967,09:04,1909,15:00,1909,624800株,1200百万円,-41,-2.10,1920.083円,1204回,3872.64億円
5901,2019-12-23,1909,1919,12:59,1887,09:14,1903,410800株,783百万円,-6,-0.31,1905.17円,1247回,3860.47億円
5901,2019-12-24,1912,1926,09:33,1895,14:23,1900,194700株,371百万円,-3,-0.16,1904.727円,466回,3854.38億円
5901,2019-12-25,1907,1907,09:00,1861,14:58,1862,233100株,437百万円,-38,-2.00,1873.188円,527回,3777.29億円
5901,2019-12-26,1870,1904,11:09,1864,09:00,1898,336600株,636百万円,+36,+1.93,1890.578円,829回,3850.32億円
5901,2019-12-27,1905,1925,13:29,1901,09:27,1920,231100株,443百万円,+22,+1.16,1917.402円,486回,3894.95億円
5901,2019-12-30,1897,1913,10:43,1887,09:09,1890,345600株,654百万円,-30,-1.56,1893.719円,700回,3834.09億円
5901,2020-01-06,1861,1870,13:29,1847,09:15,1858,522400株,971百万円,-32,-1.69,1858.388円,1365回,3769.18億円
5901,2020-01-07,1858,1912,13:37,1858,09:00,1905,571200株,1084百万円,+47,+2.53,1897.733円,1385回,3864.52億円
5901,2020-01-08,1870,1885,12:33,1837,09:53,1850,644300株,1196百万円,-55,-2.89,1855.558円,1824回,3752.95億円
5901,2020-01-09,1875,1921,14:38,1869,09:00,1914,430800株,822百万円,+64,+3.46,1907.41円,1251回,3882.78億円
5901,2020-01-10,1938,1955,11:12,1926,09:01,1943,650800株,1262百万円,+29,+1.52,1939.667円,1318回,3941.61億円
5901,2020-01-14,1937,1959,09:03,1932,09:00,1941,441800株,858百万円,-2,-0.10,1943.148円,1151回,3937.55億円
5901,2020-01-15,1935,1951,09:15,1916,13:30,1934,442500株,855百万円,-7,-0.36,1931.943円,1239回,3923.35億円
5901,2020-01-16,1944,1954,14:45,1927,10:05,1947,403900株,785百万円,+13,+0.67,1944.102円,1020回,3949.73億円
5901,2020-01-17,1969,2005,14:59,1968,09:00,2002,536500株,1069百万円,+55,+2.82,1991.966円,1285回,4061.30億円
5901,2020-01-20,1989,2001,09:16,1982,09:00,1987,190400株,379百万円,-15,-0.75,1989.248円,507回,4030.87億円
5901,2020-01-21,1991,1998,10:02,1967,12:54,1970,413100株,815百万円,-17,-0.86,1973.924円,919回,3996.38億円
5901,2020-01-22,1966,1972,14:32,1944,10:10,1963,319400株,626百万円,-7,-0.36,1961.117円,970回,3982.18億円
5901,2020-01-23,1955,1959,09:00,1915,14:26,1923,473300株,912百万円,-40,-2.04,1927.936円,1150回,3901.04億円
5901,2020-01-24,1935,1948,09:23,1921,14:50,1923,322600株,622百万円,0,0,1928.374円,797回,3901.04億円
5901,2020-01-27,1883,1896,13:22,1865,09:16,1886,387000株,729百万円,-37,-1.92,1884.451円,1115回,3825.98億円
5901,2020-01-28,1859,1887,14:47,1850,09:16,1879,612100株,1147百万円,-7,-0.37,1873.473円,1572回,3811.78億円
5901,2020-01-29,1879,1900,09:16,1870,11:28,1875,458200株,860百万円,-4,-0.21,1877.598円,1237回,3804億円
5901,2020-01-30,1861,1870,09:19,1827,13:25,1841,440300株,811百万円,-34,-1.81,1841.617円,1394回,3735億円
5901,2020-01-31,1860,1899,10:16,1860,09:00,1876,578300株,1085百万円,+35,+1.90,1876.793円,1365回,3806億円
5901,2020-02-03,1815,1871,10:41,1815,09:03,1858,430800株,800百万円,-18,-0.96,1857.15円,1221回,3769億円
5901,2020-02-04,1841,1879,14:40,1841,09:00,1866,559200株,1043百万円,+8,+0.43,1865.298円,1294回,3785億円
5901,2020-02-05,1896,1922,14:00,1886,09:28,1908,395600株,755百万円,+42,+2.25,1907.25円,1000回,3871億円
5901,2020-02-06,1957,1989,13:43,1954,10:43,1975,627000株,1238百万円,+67,+3.51,1974.473円,1980回,4007億円
5901,2020-02-07,1974,1982,09:15,1950,09:49,1969,343900株,677百万円,-6,-0.30,1968.832円,924回,3994億円
5901,2020-02-10,1946,1967,14:50,1921,09:55,1958,384800株,752百万円,-11,-0.56,1954.145円,915回,3972億円
5901,2020-02-10,1970,1992,12:40,1960,09:02,1983,560800株,1111百万円,+25,+1.28,1981.295円,1372回,4023億円
5901,2020-02-13,1993,2009,14:59,1980,09:28,2008,486200株,973百万円,+25,+1.26,2001.211円,1169回,4073億円
5901,2020-02-14,2003,2010,09:01,1970,13:40,1975,426500株,846百万円,-33,-1.64,1983.594円,999回,4007億円
5901,2020-02-17,1956,1970,14:57,1924,09:14,1963,277200株,542百万円,-12,-0.61,1955.659円,808回,3982億円
5901,2020-02-17,1954,1961,14:40,1937,09:01,1956,270700株,529百万円,-7,-0.36,1952.684円,890回,3968億円
5901,2020-02-18,1953,1983,13:17,1932,09:09,1960,442200株,866百万円,+4,+0.20,1959.361円,997回,3976億円
5901,2020-02-20,1984,2009,09:56,1976,12:32,1987,420600株,837百万円,+27,+1.38,1990.034円,1235回,4031億円
5901,2020-02-21,1979,1998,09:18,1962,15:00,1962,379900株,751百万円,-25,-1.26,1977.55円,1113回,3980億円
5901,2020-02-25,1851,1866,09:07,1806,14:59,1812,796300株,1454百万円,-150,-7.65,1826.278円,2088回,3676億円
5901,2020-02-26,1794,1797,12:45,1752,10:43,1783,733900株,1306百万円,-29,-1.60,1779.628円,2110回,3617億円
5901,2020-02-27,1759,1790,12:52,1744,09:20,1779,793200株,1408百万円,-4,-0.22,1775.419円,2376回,3609億円
5901,2020-02-28,1713,1749,11:14,1708,09:03,1730,999900株,1727百万円,-49,-2.75,1727.642円,2222回,3510億円
