6062,2019-09-13,1899,1942,12:30,1886,09:01,1898,233700株,446百万円,+39,+2.10,1906.399円,1001回
6062,2019-09-17,1886,1924,09:11,1858,11:07,1887,270800株,513百万円,-11,-0.58,1892.831円,1132回
6062,2019-09-17,1887,1927,09:53,1865,13:44,1889,143500株,272百万円,+2,+0.11,1893.413円,644回,265.52億円
6062,2019-09-19,1902,2000,13:59,1902,09:00,1990,275300株,542百万円,+101,+5.35,1967.013円,1196回,279.71億円
6062,2019-09-20,1991,2057,12:45,1966,09:17,2035,318700株,645百万円,+45,+2.26,2025.323円,1343回,286.04億円
6062,2019-09-24,2072,2198,12:31,2071,09:00,2198,356900株,768百万円,+163,+8.01,2152.801円,1370回,308.95億円
6062,2019-09-25,2175,2198,09:03,2123,12:43,2142,182900株,394百万円,-56,-2.55,2151.979円,865回,301.08億円
6062,2019-09-26,2146,2192,09:39,2100,14:32,2112,184700株,395百万円,-30,-1.40,2139.446円,728回,296.86億円
6062,2019-09-27,2089,2173,14:55,2078,09:00,2171,123800株,265百万円,+59,+2.79,2139.666円,590回,305.16億円
6062,2019-09-30,2157,2193,09:07,2125,12:30,2151,120200株,259百万円,-20,-0.92,2150.831円,562回,302.34億円
6062,2019-10-01,2172,2197,12:36,2142,09:21,2189,99700株,217百万円,+38,+1.77,2177.591円,464回,307.69億円
6062,2019-10-02,2151,2297,13:12,2151,09:00,2257,208500株,469百万円,+68,+3.11,2247.231円,965回,317.24億円
6062,2019-10-03,2240,2325,14:58,2201,09:00,2320,155800株,356百万円,+63,+2.79,2282.856円,660回,326.10億円
6062,2019-10-04,2345,2407,13:57,2307,10:14,2392,264300株,625百万円,+72,+3.10,2363.936円,1122回,336.22億円
6062,2019-10-07,2402,2486,14:32,2356,09:32,2477,241100株,589百万円,+85,+3.55,2441.284円,1192回,348.17億円
6062,2019-10-08,2460,2493,13:49,2428,12:31,2475,145300株,358百万円,-2,-0.08,2465.756円,707回,347.89億円
6062,2019-10-09,2465,2516,09:06,2442,09:00,2449,151500株,375百万円,-26,-1.05,2473.978円,755回,344.23億円
6062,2019-10-10,2437,2445,09:03,2345,10:12,2353,239200株,567百万円,-96,-3.92,2371.391円,1329回,330.74億円
6062,2019-10-11,2358,2392,09:02,2308,14:50,2309,167000株,390百万円,-44,-1.87,2336.697円,782回,324.55億円
6062,2019-10-15,2320,2469,14:23,2283,09:06,2449,224800株,538百万円,+140,+6.06,2394.285円,1151回,344.23億円
6062,2019-10-16,2462,2477,09:00,2345,14:42,2350,156800株,378百万円,-99,-4.04,2410.472円,703回,330.32億円
6062,2019-10-17,2335,2391,09:08,2306,13:03,2311,157700株,367百万円,-39,-1.66,2330.247円,762回,324.83億円
6062,2019-10-18,2320,2363,09:34,2269,14:54,2277,122600株,283百万円,-34,-1.47,2308.82円,646回,320.06億円
6062,2019-10-21,2283,2326,10:04,2256,14:38,2261,88100株,201百万円,-16,-0.70,2285.067円,482回,317.81億円
6062,2019-10-23,2269,2281,09:01,2193,13:18,2221,158200株,351百万円,-40,-1.77,2221.214円,750回,312.18億円
6062,2019-10-24,2227,2246,09:00,2191,14:16,2204,101000株,224百万円,-17,-0.77,2214.059円,525回,309.79億円
6062,2019-10-25,2204,2237,09:46,2162,12:31,2178,145100株,318百万円,-26,-1.18,2188.247円,732回,306.14億円
6062,2019-10-28,2195,2248,09:56,2178,09:02,2216,131800株,293百万円,+38,+1.74,2223.727円,646回,311.48億円
6062,2019-10-29,2246,2269,09:00,2162,10:49,2180,151500株,332百万円,-36,-1.62,2190.957円,781回,306.42億円
6062,2019-10-30,2180,2207,09:14,2156,10:27,2194,116700株,255百万円,+14,+0.64,2182.3円,476回,308.39億円
6062,2019-10-31,2201,2218,09:02,2176,09:59,2201,71500株,157百万円,+7,+0.32,2191.617円,366回,309.37億円
6062,2019-11-01,2190,2265,14:51,2183,09:25,2263,182600株,407百万円,+62,+2.82,2227.058円,789回,318.09億円
6062,2019-11-05,2318,2318,09:03,2204,10:51,2286,304200株,689百万円,+23,+1.02,2264.737円,1594回,321.32億円
6062,2019-11-07,2125,2148,09:00,2074,09:21,2108,294700株,619百万円,-18,-0.85,2099.749円,1260回,296.30億円
6062,2019-11-08,2101,2129,09:37,2065,13:41,2084,254600株,532百万円,-24,-1.14,2090.925円,1179回,292.93億円
6062,2019-11-11,2080,2187,12:30,2069,09:00,2162,261000株,561百万円,+78,+3.74,2148.141円,1259回,303.89億円
6062,2019-11-12,2112,2198,10:44,2112,09:00,2163,159400株,344百万円,+1,+0.05,2158.008円,748回,304.03億円
6062,2019-11-13,2174,2280,12:39,2150,09:49,2245,324200株,722百万円,+82,+3.79,2225.514円,1610回,315.56億円
6062,2019-11-14,2234,2335,10:58,2213,13:04,2246,240600株,548百万円,+1,+0.04,2276.369円,1216回,315.70億円
6062,2019-11-15,2246,2264,09:06,2180,12:51,2185,136900株,302百万円,-61,-2.72,2209.172円,653回,307.12億円
6062,2019-11-18,1989,2018,09:09,1902,09:27,1937,1347700株,2635百万円,-248,-11.35,1955.509円,2570回,272.26億円
6062,2019-11-19,1960,1973,09:01,1920,10:35,1962,265900株,519百万円,+25,+1.29,1950.166円,943回,275.78億円
6062,2019-11-20,1966,2015,11:27,1952,09:00,1983,245900株,489百万円,+21,+1.07,1987.377円,1012回,278.73億円
6062,2019-11-21,1993,1993,09:00,1937,10:54,1970,173000株,340百万円,-13,-0.66,1966.207円,677回,276.90億円
6062,2019-11-22,1972,1987,10:21,1961,09:16,1961,115400株,227百万円,-9,-0.46,1971.109円,430回,275.64億円
6062,2019-11-25,1961,1969,09:06,1938,14:15,1951,304200株,594百万円,-10,-0.51,1951.79円,765回,274.23億円
6062,2019-11-26,1951,1978,09:07,1916,12:32,1950,472600株,918百万円,-1,-0.05,1941.663円,1299回,274.09億円
6062,2019-11-27,1950,1974,14:35,1928,09:51,1959,249600株,487百万円,+9,+0.46,1950.011円,807回,275.36億円
6062,2019-11-28,1963,1992,10:32,1943,09:32,1973,203100株,401百万円,+14,+0.71,1974.674円,762回,277.32億円
6062,2019-11-29,1979,1996,09:11,1949,10:18,1973,239800株,473百万円,0,0,1971.582円,815回,277.32億円
6062,2019-12-02,1960,2013,09:08,1953,15:00,1953,313500株,620百万円,-20,-1.01,1977.173円,945回,274.51億円
6062,2019-12-03,1960,1988,10:24,1934,09:22,1984,1270000株,2495百万円,+31,+1.59,1964.64円,2031回,318.55億円
6062,2019-12-05,2000,2090,09:28,1992,13:47,1998,462800株,940百万円,+7,+0.35,2030.828円,1537回,320.80億円
6062,2019-12-06,2000,2017,09:00,1938,10:41,1967,277800株,545百万円,-31,-1.55,1960.047円,931回,315.82億円
6062,2019-12-09,1998,2034,11:01,1981,09:00,1998,241900株,485百万円,+31,+1.58,2006.953円,829回,320.80億円
6062,2019-12-10,2000,2014,09:00,1970,13:38,1989,132000株,262百万円,-9,-0.45,1986.705円,501回,319.35億円
6062,2019-12-13,1899,1900,09:00,1840,09:10,1853,365500株,676百万円,-40,-2.11,1850.733円,1119回,297.52億円
6062,2019-12-16,1853,1892,15:00,1841,09:00,1892,114200株,214百万円,+39,+2.10,1872.176円,386回,303.78億円
6062,2019-12-17,1903,1988,14:55,1903,09:00,1987,226000株,441百万円,+95,+5.02,1952.1円,816回,319.03億円
6062,2019-12-18,1968,1998,09:31,1919,12:34,1951,165100株,323百万円,-36,-1.81,1956.926円,585回,313.25億円
6062,2019-12-19,1959,1973,09:04,1933,10:58,1939,60100株,117百万円,-12,-0.62,1944.246円,267回,311.33億円
6062,2019-12-20,1933,1961,10:23,1928,14:59,1930,83500株,162百万円,-9,-0.46,1941.727円,294回,309.88億円
6062,2019-12-23,1920,1943,09:25,1914,15:00,1914,92000株,177百万円,-16,-0.83,1928.248円,339回,307.31億円
6062,2019-12-24,1920,1961,14:10,1911,09:41,1948,187200株,364百万円,+34,+1.78,1943.592円,625回,312.77億円
6062,2019-12-25,1950,1986,09:24,1948,09:00,1971,110600株,218百万円,+23,+1.18,1975.548円,336回,316.46億円
6062,2019-12-26,1985,2013,10:28,1961,13:16,1964,150700株,299百万円,-7,-0.36,1986.928円,540回,321.23億円
6062,2019-12-27,991,1005,14:22,967,09:03,1000,184200株,183百万円,+18,+1.83,992.145円,466回,327.12億円
6062,2019-12-30,1010,1010,09:00,996,09:11,1002,148000株,148百万円,+2,+0.20,1001.805円,432回,327.77億円
6062,2020-01-06,998,998,09:00,952,09:03,967,204500株,200百万円,-35,-3.49,975.95円,478回,316.33億円
6062,2020-01-07,972,1000,10:27,972,09:00,993,128900株,128百万円,+26,+2.69,993.345円,447回,324.83億円
6062,2020-01-08,982,987,09:01,948,10:18,972,242100株,233百万円,-21,-2.11,961.983円,632回,317.96億円
6062,2020-01-09,985,985,09:00,969,10:03,973,107900株,105百万円,+1,+0.10,975.571円,334回,318.29億円
6062,2020-01-10,973,986,09:24,973,09:00,980,80900株,79百万円,+7,+0.72,978.407円,177回,320.58億円
6062,2020-01-14,992,1006,09:24,979,12:58,988,155500株,154百万円,+8,+0.82,991.556円,430回,323.19億円
6062,2020-01-15,984,990,09:11,967,15:00,967,128800株,126百万円,-21,-2.13,975.436円,322回,316.33億円
6062,2020-01-16,965,979,09:08,952,10:59,960,134400株,129百万円,-7,-0.72,961.674円,393回,314.04億円
6062,2020-01-17,968,977,09:03,944,09:48,952,173700株,165百万円,-8,-0.83,952.355円,515回,311.42億円
6062,2020-01-20,960,973,09:14,956,11:05,961,85300株,82百万円,+9,+0.95,961.651円,268回,314.36億円
6062,2020-01-21,962,965,09:00,940,10:57,953,164600株,156百万円,-8,-0.83,949.088円,535回,311.75億円
6062,2020-01-22,950,960,12:34,943,09:04,955,123200株,117百万円,+2,+0.21,952.476円,406回,312.40億円
6062,2020-01-23,957,957,09:00,938,09:25,943,145300株,137百万円,-12,-1.26,941.76円,423回,308.47億円
6062,2020-01-24,940,941,09:02,918,10:03,930,210800株,195百万円,-13,-1.38,927.139円,535回,304.22億円
6062,2020-01-27,903,926,12:37,896,09:03,915,180800株,164百万円,-15,-1.61,909.736円,410回,299.31億円
6062,2020-01-28,896,934,14:37,896,09:03,934,203800株,186百万円,+19,+2.08,911.81円,438回,305.53億円
6062,2020-01-29,930,937,09:07,913,12:39,927,164300株,152百万円,-7,-0.75,922.383円,401回,303億円
6062,2020-01-30,935,935,09:00,877,14:19,879,385300株,342百万円,-48,-5.18,887.406円,806回,288億円
6062,2020-01-31,877,902,09:06,877,09:00,882,138800株,123百万円,+3,+0.34,886.158円,412回,289億円
6062,2020-02-03,851,884,12:33,840,09:26,871,264600株,228百万円,-11,-1.25,861.904円,692回,285億円
6062,2020-02-04,872,901,14:58,868,09:06,899,124000株,110百万円,+28,+3.21,886.701円,394回,294億円
6062,2020-02-05,914,914,09:00,897,10:01,905,140100株,127百万円,+6,+0.67,904.448円,348回,296億円
6062,2020-02-06,916,927,14:59,906,09:02,924,96600株,89百万円,+19,+2.10,919.461円,259回,302億円
6062,2020-02-07,927,928,09:00,898,10:11,905,133900株,121百万円,-19,-2.06,907.227円,452回,296億円
6062,2020-02-10,965,973,09:20,938,09:59,959,457500株,438百万円,+54,+5.97,957.893円,1186回,314億円
6062,2020-02-12,964,1002,10:41,964,09:00,985,386700株,382百万円,+26,+2.71,989.055円,939回,322億円
6062,2020-02-13,993,1006,09:05,976,10:13,1005,277700株,277百万円,+20,+2.03,997.51円,700回,329億円
6062,2020-02-14,1002,1005,09:04,982,09:37,1000,175700株,175百万円,-5,-0.50,996.219円,620回,327億円
6062,2020-02-17,975,978,11:06,945,09:09,975,285700株,276百万円,-25,-2.50,967.667円,839回,319億円
6062,2020-02-17,960,961,09:00,917,12:58,932,304300株,284百万円,-43,-4.41,934.135円,735回,305億円
6062,2020-02-18,930,965,12:32,930,09:00,956,102600株,98百万円,+24,+2.58,952.866円,391回,313億円
6062,2020-02-20,975,976,09:03,930,12:56,938,111600株,106百万円,-18,-1.88,951.185円,372回,307億円
6062,2020-02-21,933,947,09:25,927,09:02,933,82000株,77百万円,-5,-0.53,934.843円,327回,305億円
6062,2020-02-25,873,910,09:34,863,09:09,893,211700株,189百万円,-40,-4.29,891.935円,676回,292億円
6062,2020-02-26,878,894,12:37,847,11:06,882,272700株,238百万円,-11,-1.23,872.987円,627回,289億円
6062,2020-02-27,867,874,09:03,805,12:55,819,454600株,379百万円,-63,-7.14,833.296円,1110回,268億円
6062,2020-02-28,778,808,09:35,750,09:20,762,514600株,397百万円,-57,-6.96,772.098円,1118回,249億円
6062,2020-03-02,747,851,14:02,747,09:02,844,436900株,357百万円,+82,+10.76,818.043円,1300回,276億円
6062,2020-03-03,873,895,09:08,825,14:17,828,229900株,196百万円,-16,-1.90,850.772円,648回,271億円
6062,2020-03-04,812,855,12:35,808,09:03,841,214500株,179百万円,+13,+1.57,835.386円,694回,275億円
6062,2020-03-05,861,872,09:49,847,09:10,855,173000株,149百万円,+14,+1.66,860.41円,637回,280億円
6062,2020-03-06,845,845,09:00,804,11:14,827,185800株,153百万円,-28,-3.27,821.652円,578回,271億円
6062,2020-03-06,785,786,09:19,731,11:12,742,312100株,235百万円,-85,-10.28,752.169円,772回,243億円
6062,2020-03-10,712,797,14:19,701,09:40,789,308400株,229百万円,+47,+6.33,744.131円,865回,258億円
6062,2020-03-11,778,797,09:13,741,11:00,744,282100株,214百万円,-45,-5.70,758.829円,819回,243億円
6062,2020-03-12,723,747,10:02,697,12:37,710,342100株,244百万円,-34,-4.57,714.474円,1086回,232億円
6062,2020-03-13,625,660,14:17,594,13:14,641,392700株,245百万円,-69,-9.72,623.383円,1003回,210億円
6062,2020-03-16,671,699,11:17,631,09:17,648,243400株,163百万円,+7,+1.09,671.554円,868回,212億円
6062,2020-03-17,616,720,14:20,610,09:09,707,316600株,216百万円,+59,+9.10,682.873円,1027回,231億円
6062,2020-03-18,713,759,09:05,682,14:59,685,304400株,219百万円,-22,-3.11,718.793円,1028回,224億円
6062,2020-03-19,735,750,09:31,690,14:16,700,414300株,297百万円,+15,+2.19,717.942円,1181回,229億円
6062,2020-03-23,685,737,09:22,682,09:02,702,402200株,286百万円,+2,+0.29,710.79円,1162回,230億円
6062,2020-03-24,740,767,12:31,725,09:30,750,254900株,191百万円,+48,+6.84,750.689円,682回,245億円
6062,2020-03-25,795,818,10:41,773,14:20,789,318900株,254百万円,+39,+5.20,797.566円,1072回,258億円
6062,2020-03-26,750,775,13:00,738,09:06,758,197700株,151百万円,-31,-3.93,762.351円,631回,248億円
6062,2020-03-27,770,807,09:20,770,09:00,792,202300株,159百万円,+34,+4.49,787.588円,556回,259億円
6062,2020-03-30,750,781,09:24,748,09:06,766,214900株,164百万円,-26,-3.28,763.042円,731回,251億円
6062,2020-03-31,766,793,10:05,756,13:38,764,164100株,127百万円,-2,-0.26,775.528円,513回,250億円
6062,2020-04-01,755,781,09:48,713,14:50,719,143000株,107百万円,-45,-5.89,746.071円,475回,235億円
6062,2020-04-02,700,718,09:05,672,10:11,690,155100株,107百万円,-29,-4.03,689.213円,549回,226億円
6062,2020-04-03,700,722,09:02,662,13:18,676,128500株,88百万円,-14,-2.03,681.521円,510回,221億円
6062,2020-04-06,658,705,14:47,649,09:11,699,149400株,101百万円,+23,+3.40,677.15円,392回,229億円
6062,2020-04-07,730,734,09:07,694,13:07,730,122800株,88百万円,+31,+4.43,717.171円,558回,239億円
6062,2020-04-08,729,755,13:53,708,10:00,749,107100株,79百万円,+19,+2.60,736.091円,447回,245億円
6062,2020-04-09,754,795,14:59,742,09:08,793,117700株,91百万円,+44,+5.87,775.278円,486回,259億円
6062,2020-04-10,790,797,09:04,756,10:00,781,143600株,112百万円,-12,-1.51,776.692円,517回,255億円
6062,2020-04-13,766,788,11:08,760,09:02,770,86100株,67百万円,-11,-1.41,773.98円,308回,252億円
6062,2020-04-14,772,790,14:48,764,09:01,785,115300株,90百万円,+15,+1.95,779.394円,442回,257億円
6062,2020-04-15,783,815,13:55,775,09:01,806,126400株,101百万円,+21,+2.68,798.294円,506回,264億円
6062,2020-04-16,800,834,14:47,800,09:00,828,109400株,90百万円,+22,+2.73,820.146円,443回,271億円
6062,2020-04-17,829,843,09:02,814,11:15,828,176400株,146百万円,0,0,826.035円,647回,271億円
6062,2020-04-20,826,848,12:55,815,09:02,847,127000株,107百万円,+19,+2.29,838.887円,509回,277億円
6062,2020-04-21,836,838,09:05,796,12:44,806,135500株,110百万円,-41,-4.84,812.4円,539回,264億円
6062,2020-04-22,785,805,14:59,765,09:07,800,137200株,108百万円,-6,-0.74,789.461円,608回,262億円
6062,2020-04-23,805,819,10:05,786,13:38,789,130700株,104百万円,-11,-1.38,797.756円,560回,258億円
6062,2020-04-24,789,809,14:20,785,09:04,804,103600株,83百万円,+15,+1.90,800.371円,452回,263億円
6062,2020-04-27,809,821,13:52,799,09:02,819,113300株,92百万円,+15,+1.87,812.31円,474回,268億円
6062,2020-04-28,819,841,14:59,811,09:31,837,102900株,85百万円,+18,+2.20,830.791円,447回,274億円
6062,2020-04-30,848,848,09:00,825,10:50,831,86300株,72百万円,-6,-0.72,833.862円,296回,272億円
6062,2020-05-01,817,838,14:15,810,09:02,830,93100株,77百万円,-1,-0.12,825.17円,398回,272億円
6062,2020-05-07,835,863,09:20,828,09:00,837,173700株,146百万円,+7,+0.84,842.119円,653回,274億円
6062,2020-05-08,855,896,14:59,852,09:07,894,213200株,187百万円,+57,+6.81,877.679円,777回,292億円
6062,2020-05-11,921,945,09:19,903,10:06,917,281200株,259百万円,+23,+2.57,922.541円,1124回,300億円,04/24,37.4,255.3,6.83
6062,2020-05-12,970,996,09:17,951,13:46,961,378600株,367百万円,+44,+4.80,969.781円,1041回,314億円,05/01,35.2,231.6,6.58
6062,2020-05-13,946,979,12:54,925,09:02,968,193400株,186百万円,+7,+0.73,960.085円,802回,317億円,05/01,35.2,231.6,6.58
6062,2020-05-14,959,979,13:07,938,09:01,955,204600株,197百万円,-13,-1.34,961.732円,772回,312億円,05/01,35.2,231.6,6.58
6062,2020-05-15,959,960,09:04,922,11:25,937,138100株,130百万円,-18,-1.88,938.582円,661回,307億円,05/01,35.2,231.6,6.58
6062,2020-05-18,937,976,14:59,935,09:01,974,186000株,179百万円,+37,+3.95,964.953円,722回,319億円,05/01,35.2,231.6,6.58
6062,2020-05-19,981,989,09:00,959,14:34,965,133700株,130百万円,-9,-0.92,969.347円,540回,316億円,05/01,35.2,231.6,6.58
6062,2020-05-20,969,973,09:32,934,11:20,944,146200株,139百万円,-21,-2.18,949.967円,609回,309億円,05/01,35.2,231.6,6.58
6062,2020-05-21,910,912,09:06,881,09:43,895,468400株,420百万円,-49,-5.19,897.429円,1162回,293億円,05/15,34.5,197.9,5.74
6062,2020-05-22,895,912,09:25,889,09:01,891,311600株,280百万円,-4,-0.45,897.783円,627回,291億円,05/15,34.5,197.9,5.74
