6072,2019-10-03,181,183,09:08,180,12:34,182,29300株,5百万円,-3,-1.62,181.194円,36回,42.02億円
6072,2019-10-04,181,184,15:00,181,09:00,184,14400株,3百万円,+2,+1.10,181.667円,30回,42.48億円
6072,2019-10-07,184,184,09:00,180,14:52,182,18900株,3百万円,-2,-1.09,181.804円,30回,42.02億円
6072,2019-10-08,182,185,14:56,182,09:00,185,27500株,5百万円,+3,+1.65,183.025円,37回,42.71億円
6072,2019-10-09,185,185,09:00,182,10:05,184,18500株,3百万円,-1,-0.54,183.627円,34回,42.48億円
6072,2019-10-10,184,185,10:30,182,13:15,184,21800株,4百万円,0,0,183.555円,27回,42.48億円
6072,2019-10-11,189,225,09:01,189,09:00,208,3787000株,791百万円,+24,+13.04,208.86円,3119回,48.02億円
6072,2019-10-15,209,213,09:01,197,09:07,201,1315100株,270百万円,-7,-3.37,205.374円,1012回,46.41億円
6072,2019-10-16,202,210,09:43,201,09:00,206,408400株,84百万円,+5,+2.49,205.696円,358回,47.56億円
6072,2019-10-17,210,211,09:00,197,13:22,202,272400株,56百万円,-4,-1.94,204.2円,238回,46.64億円
6072,2019-10-18,200,204,09:18,198,09:00,199,112800株,23百万円,-3,-1.49,200.287円,124回,45.94億円
6072,2019-10-21,200,202,15:00,198,09:30,202,53700株,11百万円,+3,+1.51,199.717円,60回,46.64億円
6072,2019-10-23,202,202,09:00,193,12:40,197,166200株,33百万円,-5,-2.48,196.206円,127回,45.48億円
6072,2019-10-24,194,197,09:03,192,09:17,197,70300株,14百万円,0,0,194.283円,90回,45.48億円
6072,2019-10-25,197,200,13:08,194,15:00,194,68900株,14百万円,-3,-1.52,196.723円,98回,44.79億円
6072,2019-10-28,195,195,09:00,191,14:37,193,68400株,13百万円,-1,-0.52,192.636円,60回,44.56億円
6072,2019-10-29,193,198,12:54,193,09:00,194,58000株,11百万円,+1,+0.52,195.397円,66回,44.79億円
6072,2019-10-30,194,198,13:27,193,10:08,198,44200株,9百万円,+4,+2.06,195.762円,48回,45.71億円
6072,2019-10-31,196,205,09:54,196,09:00,200,116000株,23百万円,+2,+1.01,200.918円,126回,46.17億円
6072,2019-11-01,199,202,14:59,199,09:00,202,36200株,7百万円,+2,+1.00,199.903円,51回,46.64億円
6072,2019-11-05,203,204,09:07,197,14:50,198,59200株,12百万円,-4,-1.98,199.635円,68回,45.71億円
6072,2019-11-07,199,199,09:00,197,09:15,198,7000株,1百万円,-1,-0.50,198.386円,22回,45.71億円
6072,2019-11-08,198,200,13:14,197,09:39,198,20900株,4百万円,0,0,198.206円,35回,45.71億円
6072,2019-11-11,198,200,09:08,198,09:00,198,17500株,3百万円,0,0,198.497円,24回,45.71億円
6072,2019-11-12,199,200,09:54,198,09:56,200,31100株,6百万円,+2,+1.01,198.916円,48回,46.17億円
6072,2019-11-13,200,205,13:38,198,14:58,201,179400株,36百万円,+1,+0.50,201.897円,140回,46.41億円
6072,2019-11-14,206,217,09:00,202,10:29,203,352900株,73百万円,+2,+1.00,207.349円,410回,46.87億円
6072,2019-11-15,202,205,14:57,201,09:00,204,61900株,13百万円,+1,+0.49,203.229円,98回,47.10億円
6072,2019-11-18,207,207,09:00,204,09:45,207,52800株,11百万円,+3,+1.47,205.841円,72回,47.79億円
6072,2019-11-19,208,217,13:01,208,09:00,215,184600株,39百万円,+8,+3.86,212.585円,205回,49.64億円
6072,2019-11-20,215,216,09:38,209,11:00,210,109700株,23百万円,-5,-2.33,211.962円,102回,48.48億円
6072,2019-11-21,208,210,09:00,204,10:09,207,96200株,20百万円,-3,-1.43,207.253円,124回,47.79億円
6072,2019-11-22,207,208,09:12,204,09:25,204,43300株,9百万円,-3,-1.45,205.233円,75回,47.10億円
6072,2019-11-25,205,207,09:19,204,11:23,207,39900株,8百万円,+3,+1.47,205.682円,50回,47.79億円
6072,2019-11-26,206,208,09:21,204,13:47,204,22400株,5百万円,-3,-1.45,205.295円,44回,47.10億円
6072,2019-11-27,203,205,09:14,198,15:00,198,115000株,23百万円,-6,-2.94,200.595円,140回,45.71億円
6072,2019-11-28,199,206,10:23,199,09:00,206,70100株,14百万円,+8,+4.04,201.842円,83回,47.56億円
6072,2019-11-29,204,205,09:05,201,15:00,201,32400株,7百万円,-5,-2.43,203.491円,49回,46.41億円
6072,2019-12-02,203,204,09:04,200,12:40,203,42500株,9百万円,+2,+1.00,202.038円,73回,46.87億円
6072,2019-12-03,201,209,10:18,198,10:20,202,115200株,23百万円,-1,-0.49,201.909円,154回,46.64億円
6072,2019-12-05,201,204,09:38,200,10:16,203,70800株,14百万円,+5,+2.53,202.011円,66回,46.87億円
6072,2019-12-06,204,236,10:21,204,09:00,229,3090800株,698百万円,+26,+12.81,225.725円,2512回,52.87億円
6072,2019-12-09,229,232,09:00,218,14:12,219,664000株,149百万円,-10,-4.37,223.689円,600回,50.56億円
6072,2019-12-10,217,218,09:16,214,09:09,215,207100株,45百万円,-4,-1.83,215.862円,199回,49.64億円
6072,2019-12-13,209,214,10:08,208,14:43,208,182000株,38百万円,0,0,211.01円,169回,48.02億円
