6074,2019-12-17,684,697,14:24,680,10:31,695,4700株,3百万円,+17,+2.51,690.702円,27回,27.98億円
6074,2019-12-18,701,701,09:00,691,13:02,691,2100株,1百万円,-4,-0.58,698.048円,7回,27.82億円
6074,2019-12-19,690,690,13:37,689,13:39,689,200株,－百万円,-2,-0.29,689.5円,2回,27.74億円
6074,2019-12-20,698,700,12:35,697,09:13,700,3900株,3百万円,+11,+1.60,698.333円,15回,28.18億円
6074,2019-12-23,700,713,09:58,700,09:00,711,15500株,11百万円,+11,+1.57,706.639円,48回,28.63億円
6074,2019-12-24,720,720,09:00,708,10:16,709,4000株,3百万円,-2,-0.28,712.325円,21回,28.54億円
6074,2019-12-25,715,715,09:00,709,12:46,715,6400株,5百万円,+6,+0.85,712.062円,27回,28.79億円
6074,2019-12-26,710,756,14:14,710,09:00,754,11500株,8百万円,+39,+5.45,737.217円,60回,30.36億円
6074,2019-12-27,760,798,09:42,760,09:00,796,12900株,10百万円,+42,+5.57,780.961円,56回,32.05億円
6074,2019-12-30,810,946,09:18,810,09:00,842,115600株,102百万円,+46,+5.78,878.997円,584回,33.90億円
6074,2020-01-06,872,872,09:05,800,10:32,817,27900株,23百万円,-25,-2.97,841.287円,97回,32.89億円
6074,2020-01-07,817,828,09:00,776,12:58,787,16300株,13百万円,-30,-3.67,790.638円,86回,31.69億円
6074,2020-01-08,799,820,14:30,750,09:51,805,13100株,10百万円,+18,+2.29,783.931円,79回,32.41億円
6074,2020-01-09,830,830,09:03,806,10:26,824,5600株,5百万円,+19,+2.36,822.607円,24回,33.17億円
6074,2020-01-10,818,827,14:36,805,09:00,823,4100株,3百万円,-1,-0.12,816.829円,24回,33.13億円
6074,2020-01-14,823,826,10:16,812,13:38,813,4200株,3百万円,-10,-1.22,817.5円,19回,32.73億円
6074,2020-01-15,813,813,09:00,780,13:11,784,9000株,7百万円,-29,-3.57,801.144円,36回,31.56億円
6074,2020-01-16,786,810,12:30,786,09:00,805,1200株,1百万円,+21,+2.68,799.333円,10回,32.41億円
6074,2020-01-17,813,813,09:00,807,12:32,807,900株,1百万円,+2,+0.25,811円,6回,32.49億円
6074,2020-01-20,810,813,10:11,800,11:29,801,3700株,3百万円,-6,-0.74,807.811円,20回,32.25億円
6074,2020-01-21,801,801,09:00,801,09:00,801,600株,－百万円,0,0,801円,3回,32.25億円
6074,2020-01-22,801,802,14:20,801,12:53,802,500株,－百万円,+1,+0.12,801.6円,4回,32.29億円
6074,2020-01-23,812,812,09:00,803,12:59,809,2100株,2百万円,+7,+0.87,807.857円,9回,32.57億円
6074,2020-01-24,810,812,10:18,800,12:56,800,3100株,2百万円,-9,-1.11,806.29円,19回,32.21億円
6074,2020-01-27,799,799,09:00,777,10:02,785,3900株,3百万円,-15,-1.88,788.179円,15回,31.60億円
6074,2020-01-28,780,781,15:00,778,09:36,781,3000株,2百万円,-4,-0.51,779.633円,10回,31.44億円
6074,2020-01-29,781,791,13:45,781,09:00,791,1200株,1百万円,+10,+1.28,783.75円,9回,31.9億円
6074,2020-01-30,791,791,09:00,737,14:01,745,14100株,11百万円,-46,-5.82,754.596円,66回,30.0億円
6074,2020-01-31,741,741,09:00,714,13:34,719,8300株,6百万円,-26,-3.49,727.783円,44回,29.0億円
6074,2020-02-03,711,737,12:33,711,09:00,726,1600株,1百万円,+7,+0.97,722.5円,9回,29.2億円
6074,2020-02-04,726,727,10:56,726,10:48,727,200株,－百万円,+1,+0.14,726.5円,2回,29.3億円
6074,2020-02-05,735,765,10:42,735,09:10,764,1200株,1百万円,+37,+5.09,750.333円,10回,30.8億円
6074,2020-02-06,777,778,09:33,756,11:23,760,3200株,2百万円,-4,-0.52,768.219円,20回,30.6億円
6074,2020-02-07,766,771,10:50,760,15:00,760,1400株,1百万円,0,0,769.071円,8回,30.6億円
6074,2020-02-10,760,779,14:56,756,09:15,776,3200株,2百万円,+16,+2.11,767.531円,16回,31.2億円
6074,2020-02-12,768,774,13:05,767,10:04,770,3000株,2百万円,-6,-0.77,771.367円,12回,31.0億円
6074,2020-02-13,776,776,09:00,766,09:31,770,1700株,1百万円,0,0,769.471円,10回,31.0億円
6074,2020-02-14,764,765,09:28,741,10:55,750,4800株,4百万円,-20,-2.60,750.833円,24回,30.2億円
6074,2020-02-17,720,737,09:26,713,09:18,725,2700株,2百万円,-25,-3.33,722.074円,14回,29.2億円
6074,2020-02-17,717,717,09:00,700,14:22,700,2800株,2百万円,-25,-3.45,711.464円,15回,28.2億円
6074,2020-02-18,701,703,09:32,696,15:00,696,2300株,2百万円,-4,-0.57,701.304円,14回,28.0億円
6074,2020-02-20,697,703,12:44,692,15:00,692,6000株,4百万円,-4,-0.57,700.733円,18回,27.9億円
6074,2020-02-21,690,711,10:54,681,09:18,687,4900株,3百万円,-5,-0.72,697.857円,20回,27.7億円
6074,2020-02-25,657,675,11:28,657,09:07,670,14400株,9百万円,-17,-2.47,659.694円,20回,27.0億円
6074,2020-02-26,670,670,09:00,635,12:58,659,6300株,4百万円,-11,-1.64,648.952円,25回,26.5億円
6074,2020-02-27,646,650,09:53,601,13:06,618,20400株,13百万円,-41,-6.22,619.034円,51回,24.9億円
6074,2020-02-28,588,594,10:24,540,14:28,557,15600株,9百万円,-61,-9.87,566.212円,72回,22.4億円
6074,2020-03-02,537,573,12:36,515,09:03,567,17500株,10百万円,+10,+1.80,547.091円,70回,22.8億円
6074,2020-03-03,580,596,09:15,561,14:59,561,6800株,4百万円,-6,-1.06,575.397円,26回,22.6億円
6074,2020-03-04,561,561,09:00,532,13:34,545,4000株,2百万円,-16,-2.85,545.4円,25回,21.9億円
6074,2020-03-05,547,567,13:56,547,09:00,548,6300株,3百万円,+3,+0.55,554.222円,30回,22.1億円
6074,2020-03-06,540,540,09:00,520,13:05,520,3000株,2百万円,-28,-5.11,526.867円,22回,20.9億円
6074,2020-03-06,482,496,09:45,433,12:57,455,25300株,11百万円,-65,-12.50,454.36円,75回,18.3億円
6074,2020-03-10,431,475,14:41,416,09:36,472,14500株,6百万円,+17,+3.74,439.793円,49回,19.0億円
6074,2020-03-11,466,494,10:20,452,14:57,452,6300株,3百万円,-20,-4.24,470.587円,33回,18.2億円
6074,2020-03-12,451,451,09:00,420,09:38,424,5000株,2百万円,-28,-6.19,427.02円,26回,17.1億円
6074,2020-03-13,384,394,09:54,362,13:45,387,25300株,10百万円,-37,-8.73,375.573円,91回,15.6億円
6074,2020-03-16,443,447,10:14,372,15:00,372,72900株,30百万円,-15,-3.88,417.387円,219回,15.0億円
6074,2020-03-17,362,398,14:21,352,09:17,398,15300株,6百万円,+26,+6.99,367.353円,42回,16.0億円
6074,2020-03-18,425,440,12:40,417,09:55,418,17400株,7百万円,+20,+5.03,428.753円,62回,16.8億円
6074,2020-03-19,418,425,09:06,375,12:41,393,13100株,5百万円,-25,-5.98,395.947円,41回,15.8億円
6074,2020-03-23,385,412,09:57,385,09:00,401,5400株,2百万円,+8,+2.04,399.167円,20回,16.1億円
6074,2020-03-24,409,431,11:14,409,09:00,417,11700株,5百万円,+16,+3.99,414.47円,25回,16.8億円
6074,2020-03-26,449,449,09:09,431,14:57,433,20800株,9百万円,+16,+3.84,439.149円,43回,17.4億円
6074,2020-03-26,430,435,14:57,421,09:06,435,3400株,1百万円,+2,+0.46,428.882円,18回,17.5億円
6074,2020-03-27,437,451,09:09,437,09:00,441,4900株,2百万円,+6,+1.38,442.408円,29回,17.8億円
6074,2020-03-30,408,420,09:43,407,13:39,413,7600株,3百万円,-28,-6.35,410.079円,29回,16.6億円
6074,2020-03-31,427,440,12:30,418,14:55,422,8100株,3百万円,+9,+2.18,429.926円,36回,17.0億円
6074,2020-04-01,413,421,14:28,411,14:22,418,2900株,1百万円,-4,-0.95,414.862円,21回,16.8億円
6074,2020-04-02,411,411,09:00,407,11:03,410,1800株,1百万円,-8,-1.91,409.722円,9回,16.5億円
6074,2020-04-03,405,410,13:08,400,10:26,403,2100株,1百万円,-7,-1.71,404.095円,10回,16.2億円
6074,2020-04-06,399,418,14:46,384,09:24,418,4500株,2百万円,+15,+3.72,402.511円,23回,16.8億円
6074,2020-04-07,412,427,09:19,407,14:04,410,5900株,2百万円,-8,-1.91,413.407円,23回,16.5億円
6074,2020-04-08,410,416,09:02,410,09:00,412,1300株,1百万円,+2,+0.49,411.385円,6回,16.6億円
6074,2020-04-09,413,429,12:31,413,09:00,425,4300株,2百万円,+13,+3.16,422.465円,17回,17.1億円
6074,2020-04-10,421,421,09:23,419,10:02,420,500株,－百万円,-5,-1.18,420.4円,5回,16.9億円
6074,2020-04-13,420,420,09:00,400,09:08,407,4800株,2百万円,-13,-3.10,411.417円,18回,16.4億円
6074,2020-04-14,406,414,12:30,406,09:12,409,700株,－百万円,+2,+0.49,411円,6回,16.5億円
6074,2020-04-15,410,410,09:14,399,12:57,402,4600株,2百万円,-7,-1.71,402.261円,17回,16.2億円
6074,2020-04-16,400,400,09:02,396,10:43,400,3900株,2百万円,-2,-0.50,399.897円,3回,16.1億円
6074,2020-04-17,401,415,09:57,401,09:14,408,2200株,1百万円,+8,+2.00,408.454円,18回,16.4億円
6074,2020-04-20,410,410,09:00,406,15:00,406,2200株,1百万円,-2,-0.49,409.818円,2回,16.4億円
6074,2020-04-21,406,425,09:53,400,14:53,400,3400株,1百万円,-6,-1.48,411.323円,22回,16.1億円
6074,2020-04-22,399,400,10:15,395,14:35,396,3500株,1百万円,-4,-1.00,398.314円,12回,15.9億円
6074,2020-04-23,391,404,12:39,391,09:00,400,1400株,1百万円,+4,+1.01,397.786円,9回,16.1億円
6074,2020-04-24,400,400,09:42,394,14:44,398,3600株,1百万円,-2,-0.50,399.333円,13回,16.0億円
6074,2020-04-27,396,403,13:39,396,09:00,403,1000株,－百万円,+5,+1.26,398.2円,5回,16.2億円
6074,2020-04-28,403,408,15:00,401,09:58,408,1400株,1百万円,+5,+1.24,405.5円,9回,16.4億円
6074,2020-04-30,416,425,12:48,413,15:00,413,12700株,5百万円,+5,+1.23,419.032円,39回,16.6億円
6074,2020-05-01,421,421,09:02,412,11:08,412,1500株,1百万円,-1,-0.24,413.333円,9回,16.6億円
6074,2020-05-07,413,419,15:00,403,09:07,419,2500株,1百万円,+7,+1.70,408.64円,15回,16.9億円
6074,2020-05-08,420,431,14:29,420,09:00,427,2400株,1百万円,+8,+1.91,423.042円,19回,17.2億円
6074,2020-05-11,433,475,10:50,433,09:00,461,9800株,4百万円,+34,+7.96,452.847円,52回,18.6億円,05/01,0.0,85.5,－
6074,2020-05-12,473,476,12:48,455,14:04,455,5100株,2百万円,-6,-1.30,464.843円,34回,18.3億円,05/01,0.0,85.5,－
6074,2020-05-13,459,461,13:31,451,14:32,451,1400株,1百万円,-4,-0.88,454.214円,10回,18.2億円,05/01,0.0,85.5,－
6074,2020-05-14,450,460,12:33,435,15:00,435,3200株,1百万円,-16,-3.55,448.5円,16回,17.5億円,05/01,0.0,85.5,－
6074,2020-05-15,443,443,09:02,390,10:40,419,8500株,3百万円,-16,-3.68,409.4円,47回,16.9億円,05/01,0.0,85.5,－
6074,2020-05-18,416,437,13:36,416,09:00,416,4200株,2百万円,-3,-0.72,420.357円,28回,16.8億円,05/01,0.0,85.5,－
6074,2020-05-19,425,441,14:30,425,09:07,432,4200株,2百万円,+16,+3.85,434.143円,19回,17.4億円,05/01,0.0,85.5,－
6074,2020-05-20,432,440,13:22,432,09:39,434,2600株,1百万円,+2,+0.46,436.269円,13回,17.5億円,05/15,0.0,84.2,－
6074,2020-05-21,438,445,10:15,438,09:22,440,1300株,1百万円,+6,+1.38,439.923円,8回,17.7億円,05/15,0.0,84.2,－
6074,2020-05-22,446,446,12:30,442,15:00,442,500株,－百万円,+2,+0.45,443.8円,5回,17.8億円,05/15,0.0,84.2,－
6074,2020-05-25,450,471,12:42,450,09:00,469,5600株,3百万円,+27,+6.11,461.054円,35回,18.9億円,05/15,0.0,84.2,－
6074,2020-05-26,495,545,09:33,495,09:09,520,18700株,10百万円,+51,+10.87,522.701円,76回,20.9億円,05/15,0.0,84.2,－
6074,2020-05-27,540,542,09:16,497,12:30,513,9900株,5百万円,-7,-1.35,523.646円,54回,20.7億円,05/22,0.0,82.1,－
6074,2020-05-28,507,521,14:59,501,09:27,511,3400株,2百万円,-2,-0.39,511.823円,27回,20.6億円,05/22,0.0,82.1,－
6074,2020-05-29,503,529,12:56,503,09:00,510,2800株,1百万円,-1,-0.20,510.75円,14回,20.5億円,05/22,0.0,82.1,－
6074,2020-06-01,523,523,09:03,505,14:18,512,3100株,2百万円,+2,+0.39,512.935円,14回,20.6億円,05/22,0.0,82.1,－
6074,2020-06-02,505,509,12:53,502,10:15,508,2200株,1百万円,-4,-0.78,505円,15回,20.5億円,05/22,0.0,82.1,－
6074,2020-06-03,501,501,09:00,482,11:03,494,5800株,3百万円,-14,-2.76,493.897円,32回,19.9億円,05/22,0.0,82.1,－
6074,2020-06-04,492,501,10:33,480,13:07,480,2500株,1百万円,-14,-2.83,490.6円,18回,19.3億円,05/29,0.0,80.9,－
6074,2020-06-05,488,499,13:31,481,09:04,499,3100株,2百万円,+19,+3.96,491.355円,18回,20.1億円,05/29,0.0,80.9,－
6074,2020-06-08,501,510,14:57,496,12:35,509,5100株,3百万円,+10,+2.00,502.471円,18回,20.5億円,05/29,0.0,80.9,－
6074,2020-06-09,500,500,09:00,492,15:00,492,2300株,1百万円,-17,-3.34,495.956円,13回,19.8億円,05/29,0.0,80.9,－
6074,2020-06-10,492,503,15:00,492,09:00,503,600株,－百万円,+11,+2.24,495.833円,5回,20.3億円,06/05,0.0,80.8,－
6074,2020-06-11,517,517,09:03,488,14:57,491,3200株,2百万円,-12,-2.39,501.781円,16回,19.8億円,06/05,0.0,80.8,－
6074,2020-06-12,478,491,13:03,465,10:34,481,3300株,2百万円,-10,-2.04,475.939円,21回,19.4億円,06/05,0.0,80.8,－
6074,2020-06-15,473,490,13:45,466,14:21,466,2200株,1百万円,-15,-3.12,479.364円,16回,18.8億円,06/05,0.0,80.8,－
6074,2020-06-16,466,468,09:40,450,10:07,457,6700株,3百万円,-9,-1.93,461.075円,31回,18.4億円,06/05,0.0,80.8,－
6074,2020-06-17,457,473,14:07,457,09:40,459,1600株,1百万円,+2,+0.44,460.375円,8回,18.5億円,06/12,0.0,76.1,－
6074,2020-06-18,475,475,09:03,457,14:44,465,2800株,1百万円,+6,+1.31,463.714円,20回,18.7億円,06/12,0.0,76.1,－
6074,2020-06-19,465,470,11:02,465,09:00,470,3600株,2百万円,+5,+1.08,467.083円,14回,18.9億円,06/12,0.0,76.1,－
6074,2020-06-22,470,486,09:29,470,09:00,470,2200株,1百万円,0,0,473.546円,14回,18.9億円,06/12,0.0,76.1,－
6074,2020-06-23,482,487,09:10,479,09:07,479,800株,－百万円,+9,+1.91,482.375円,6回,19.3億円,06/12,0.0,76.1,－
6074,2020-06-24,471,488,09:13,469,14:59,469,4000株,2百万円,-10,-2.09,476.125円,29回,18.9億円,06/19,0.0,76.3,－
6074,2020-06-25,474,474,09:04,459,15:00,459,2200株,1百万円,-10,-2.13,464.273円,19回,18.5億円,06/19,0.0,76.3,－
6074,2020-06-26,459,467,12:31,456,14:44,459,2700株,1百万円,0,0,460.185円,13回,18.5億円,06/19,0.0,76.3,－
6074,2020-06-29,458,458,09:00,440,09:36,445,3700株,2百万円,-14,-3.05,443.216円,19回,17.9億円,06/19,0.0,76.3,－
6074,2020-06-30,442,448,09:16,428,09:40,431,6800株,3百万円,-14,-3.15,438.382円,33回,17.4億円,06/26,0.0,58.7,－
6074,2020-07-01,431,432,09:00,422,15:00,422,4600株,2百万円,-9,-2.09,428.978円,22回,17.0億円,06/26,0.0,58.7,－
6074,2020-07-02,421,421,09:00,410,14:15,415,5200株,2百万円,-7,-1.66,414.904円,21回,16.7億円,06/26,0.0,58.7,－
