6089,2019-08-30,788,825,10:45,788,09:00,813,156000株,127百万円,+30,+3.83,812.074円,544回
6089,2019-09-02,808,810,14:36,792,09:39,805,102600株,82百万円,-8,-0.98,801.495円,393回
6089,2019-09-03,804,832,13:55,804,09:00,826,76900株,63百万円,+21,+2.61,823.772円,287回
6089,2019-09-03,822,830,12:49,811,09:46,826,62500株,51百万円,0,0,823.101円,271回
6089,2019-09-05,830,845,10:51,829,09:00,834,118600株,99百万円,+8,+0.97,838.132円,372回
6089,2019-09-05,842,843,13:48,832,09:11,836,58500株,49百万円,+2,+0.24,836.952円,212回
6089,2019-09-07,833,840,11:06,831,09:14,836,66100株,55百万円,0,0,835.927円,259回
6089,2019-09-10,843,866,10:16,842,14:58,842,131700株,112百万円,+6,+0.72,853.823円,437回
6089,2019-09-11,847,852,13:39,830,10:01,842,141700株,119百万円,0,0,840.964円,484回
6089,2019-09-12,853,858,09:49,841,12:38,844,103400株,88百万円,+2,+0.24,848.98円,342回
6089,2019-09-13,851,871,13:19,849,09:02,862,118500株,102百万円,+18,+2.13,861.327円,472回
6089,2019-09-17,866,895,12:54,862,09:02,881,182900株,162百万円,+19,+2.20,883.239円,613回
6089,2019-09-17,882,886,09:02,863,14:53,868,191400株,167百万円,-13,-1.48,871.846円,609回,193.18億円
6089,2019-09-19,867,888,09:29,862,12:54,864,116500株,102百万円,-4,-0.46,872.922円,439回,192.29億円
6089,2019-09-20,969,1014,13:39,950,09:25,1014,2084500株,2061百万円,+150,+17.36,988.572円,4405回,225.68億円
6089,2019-09-24,1027,1050,09:01,992,09:11,1012,1032500株,1055百万円,-2,-0.20,1022.026円,2901回,225.23億円
6089,2019-09-25,996,999,09:42,968,09:09,982,625700株,615百万円,-30,-2.96,982.202円,1557回,218.55億円
6089,2019-09-26,997,1012,09:37,971,14:59,975,325100株,322百万円,-7,-0.71,989.352円,943回,217.00億円
6089,2019-09-27,989,998,10:51,969,12:35,980,254500株,250百万円,+5,+0.51,981.019円,669回,218.11億円
6089,2019-09-30,980,984,09:00,926,13:56,939,326900株,310百万円,-41,-4.18,947.308円,828回,208.98億円
6089,2019-10-01,954,973,14:55,948,09:02,969,174100株,167百万円,+30,+3.19,961.708円,513回,215.66億円
6089,2019-10-02,955,964,09:10,947,09:27,955,124800株,119百万円,-14,-1.44,955.726円,434回,212.54億円
6089,2019-10-03,940,952,09:31,932,13:09,945,154000株,145百万円,-10,-1.05,940.194円,494回,210.32億円
6089,2019-10-04,945,968,09:24,945,09:00,965,155000株,149百万円,+20,+2.12,959.865円,600回,214.77億円
6089,2019-10-07,984,1014,14:32,976,09:04,1014,297900株,297百万円,+49,+5.08,998.427円,912回,225.68億円
6089,2019-10-08,1016,1021,09:02,986,09:43,1006,308300株,309百万円,-8,-0.79,1002.532円,1000回,223.90億円
6089,2019-10-09,997,997,09:00,972,09:52,984,224500株,221百万円,-22,-2.19,983.908円,734回,219.00億円
6089,2019-10-10,981,989,10:03,958,14:59,963,221200株,215百万円,-21,-2.13,971.331円,704回,214.33億円
6089,2019-10-11,967,967,09:00,947,11:22,959,156700株,150百万円,-4,-0.42,956.288円,499回,213.44億円
6089,2019-10-15,968,984,14:06,965,12:36,981,133800株,131百万円,+22,+2.29,977.068円,498回,218.33億円
6089,2019-10-16,986,995,09:18,969,13:53,975,201600株,197百万円,-6,-0.61,978.767円,519回,217.00億円
6089,2019-10-17,980,993,14:05,970,09:04,992,135100株,133百万円,+17,+1.74,983.459円,491回,220.78億円
6089,2019-10-18,996,1005,09:16,978,12:30,983,140300株,139百万円,-9,-0.91,988.44円,444回,218.78億円
6089,2019-10-21,984,999,09:29,978,09:00,992,151500株,150百万円,+9,+0.92,989.68円,479回,220.78億円
6089,2019-10-23,998,1029,14:43,989,09:21,1029,237900株,242百万円,+37,+3.73,1015.398円,648回,229.01億円
6089,2019-10-24,1045,1055,09:02,1012,12:34,1027,202300株,209百万円,-2,-0.19,1033.281円,691回,228.57億円
6089,2019-10-25,1025,1036,13:10,1007,10:50,1030,144700株,148百万円,+3,+0.29,1021.567円,537回,229.24億円
6089,2019-10-28,1028,1030,09:00,1009,14:11,1015,94800株,96百万円,-15,-1.46,1016.219円,345回,225.90億円
6089,2019-10-29,1016,1028,09:07,1002,14:39,1006,144500株,146百万円,-9,-0.89,1013.168円,466回,223.90億円
6089,2019-10-30,1014,1014,09:00,977,14:07,986,211100株,209百万円,-20,-1.99,988.255円,583回,219.44億円
6089,2019-10-31,995,1018,13:25,995,09:00,1001,148700株,150百万円,+15,+1.52,1005.831円,428回,222.78億円
6089,2019-11-01,1002,1043,13:40,996,09:04,1034,276500株,282百万円,+33,+3.30,1021.599円,641回,230.13億円
6089,2019-11-05,1034,1041,09:00,1012,14:39,1019,135600株,139百万円,-15,-1.45,1024.805円,419回,226.79億円
6089,2019-11-07,1012,1021,14:59,995,09:18,1019,165600株,167百万円,+12,+1.19,1011.12円,534回,226.79億円
6089,2019-11-08,1065,1099,09:10,1031,09:37,1048,599500株,635百万円,+29,+2.85,1058.937円,2020回,233.24億円
6089,2019-11-11,1048,1081,09:03,1048,09:00,1077,260200株,276百万円,+29,+2.77,1062.124円,745回,239.70億円
6089,2019-11-12,1074,1085,10:36,1052,09:02,1082,234700株,253百万円,+5,+0.46,1076.04円,734回,240.81億円
6089,2019-11-13,1072,1072,09:00,1031,10:45,1059,267100株,281百万円,-23,-2.13,1051.794円,857回,235.69億円
6089,2019-11-14,1059,1068,09:00,1028,13:13,1037,168200株,175百万円,-22,-2.08,1038.512円,605回,230.79億円
6089,2019-11-15,1040,1053,13:09,1028,09:00,1045,112400株,117百万円,+8,+0.77,1043.407円,524回,232.58億円
6089,2019-11-18,1050,1055,10:16,1029,11:29,1045,124000株,129百万円,0,0,1042.157円,587回,232.58億円
6089,2019-11-19,1045,1062,09:24,1043,12:32,1048,100500株,105百万円,+3,+0.29,1049.441円,344回,233.24億円
6089,2019-11-20,1041,1058,09:22,1033,13:13,1038,117800株,123百万円,-10,-0.95,1042.175円,428回,231.42億円
6089,2019-11-21,1031,1042,09:23,1010,10:44,1034,200000株,205百万円,-4,-0.39,1023.486円,578回,230.53億円
6089,2019-11-22,1043,1121,14:08,1043,09:00,1115,384500株,420百万円,+81,+7.83,1091.2円,1145回,248.58億円
6089,2019-11-25,1132,1162,09:04,1130,09:00,1150,283900株,326百万円,+35,+3.14,1148.109円,861回,256.39億円
6089,2019-11-26,1150,1157,09:03,1136,14:46,1136,165700株,190百万円,-14,-1.22,1146.523円,571回,253.27億円
6089,2019-11-27,1154,1213,13:00,1154,09:00,1207,459400株,547百万円,+71,+6.25,1191.57円,1391回,269.10億円
6089,2019-11-28,1190,1191,12:48,1164,09:09,1181,190100株,224百万円,-26,-2.15,1178.899円,541回,263.30億円
6089,2019-11-29,1199,1199,09:00,1167,14:30,1170,126500株,149百万円,-11,-0.93,1177.137円,438回,260.85億円
6089,2019-12-02,1190,1190,09:00,1156,14:48,1157,130500株,153百万円,-13,-1.11,1168.661円,464回,257.95億円
6089,2019-12-03,1150,1188,14:54,1133,09:07,1188,195400株,228百万円,+31,+2.68,1168.552円,540回,264.86億円
6089,2019-12-05,1218,1223,09:02,1169,14:49,1171,137800株,164百万円,-17,-1.43,1192.07円,400回,261.07億円
6089,2019-12-06,1171,1203,12:51,1161,09:00,1199,128200株,153百万円,+28,+2.39,1191.134円,410回,267.31億円
6089,2019-12-09,1205,1245,12:34,1205,09:00,1228,230800株,283百万円,+29,+2.42,1227.783円,713回,273.78億円
6089,2019-12-10,1230,1245,14:59,1213,09:04,1242,118000株,145百万円,+14,+1.14,1232.131円,408回,276.90億円
6089,2019-12-13,1216,1224,09:20,1190,14:34,1196,135800株,164百万円,+4,+0.34,1205.829円,459回,266.64億円
6089,2019-12-16,1197,1211,10:58,1180,09:00,1203,88100株,106百万円,+7,+0.59,1199.774円,287回,268.20億円
6089,2019-12-17,1206,1232,13:30,1195,09:04,1232,123500株,151百万円,+29,+2.41,1221.159円,377回,274.67億円
6089,2019-12-18,1230,1230,09:00,1197,12:54,1204,99600株,120百万円,-28,-2.27,1209.182円,387回,268.43億円
6089,2019-12-19,1209,1222,09:02,1182,14:33,1189,93000株,111百万円,-15,-1.25,1195.69円,350回,265.08億円
6089,2019-12-20,1179,1197,14:42,1158,09:57,1195,161800株,191百万円,+6,+0.50,1179.951円,577回,266.42億円
6089,2019-12-23,1200,1211,14:04,1185,10:26,1204,102100株,123百万円,+9,+0.75,1200.728円,314回,268.43億円
6089,2019-12-24,1207,1241,13:48,1206,09:00,1227,171600株,211百万円,+23,+1.91,1228.456円,632回,273.55億円
6089,2019-12-25,1230,1245,09:02,1218,14:39,1219,110200株,135百万円,-8,-0.65,1228.907円,418回,271.77億円
6089,2019-12-26,1226,1240,09:04,1215,14:12,1217,135600株,166百万円,-2,-0.16,1226.001円,525回,271.33億円
6089,2019-12-27,1229,1262,12:31,1227,09:00,1234,200300株,249百万円,+17,+1.40,1243.937円,680回,275.12億円
6089,2019-12-30,1235,1252,14:08,1214,09:09,1252,107000株,132百万円,+18,+1.46,1236.503円,427回,279.13億円
6089,2020-01-06,1215,1219,09:03,1164,12:44,1173,298600株,352百万円,-79,-6.31,1179.348円,1041回,261.52億円
6089,2020-01-07,1221,1326,12:46,1221,09:03,1296,754800株,973百万円,+123,+10.49,1288.801円,2618回,288.94億円
6089,2020-01-08,1282,1300,09:02,1220,09:42,1240,404300株,504百万円,-56,-4.32,1247.649円,1567回,276.45億円
6089,2020-01-09,1283,1306,10:18,1264,13:37,1277,233100株,299百万円,+37,+2.98,1282.596円,883回,284.70億円
6089,2020-01-10,1292,1292,09:00,1245,10:02,1264,173500株,219百万円,-13,-1.02,1260.255円,758回,281.80億円
6089,2020-01-14,1279,1289,09:17,1264,14:05,1276,147100株,188百万円,+12,+0.95,1278.028円,588回,284.48億円
6089,2020-01-15,1271,1283,11:12,1256,13:20,1261,154700株,196百万円,-15,-1.18,1266.234円,542回,281.13億円
6089,2020-01-16,1262,1273,09:00,1233,14:15,1237,106300株,133百万円,-24,-1.90,1247.487円,406回,275.78億円
6089,2020-01-17,1254,1255,12:40,1226,09:10,1240,95300株,119百万円,+3,+0.24,1243.551円,344回,276.45億円
6089,2020-01-20,1241,1264,09:34,1231,13:38,1238,121200株,151百万円,-2,-0.16,1244.976円,476回,276.13億円
6089,2020-01-21,1231,1244,09:53,1215,14:58,1218,115900株,142百万円,-20,-1.62,1225.876円,433回,271.67億円
6089,2020-01-22,1211,1263,12:31,1207,09:00,1250,167100株,208百万円,+32,+2.63,1242.988円,609回,278.81億円
6089,2020-01-23,1248,1264,10:15,1236,14:13,1237,129200株,161百万円,-13,-1.04,1249.149円,543回,275.91億円
6089,2020-01-24,1252,1252,09:00,1209,13:20,1217,138400株,169百万円,-20,-1.62,1221.485円,634回,271.45億円
6089,2020-01-27,1173,1192,09:05,1165,14:07,1169,187400株,220百万円,-48,-3.94,1175.616円,650回,260.74億円
6089,2020-01-28,1140,1159,14:48,1139,09:00,1157,139100株,160百万円,-12,-1.03,1150.406円,521回,258.06億円
6089,2020-01-29,1165,1166,09:00,1122,10:10,1129,162700株,185百万円,-28,-2.42,1135.503円,635回,252億円
6089,2020-01-30,1111,1120,09:07,1051,14:21,1060,341700株,368百万円,-69,-6.11,1077.851円,1236回,236億円
6089,2020-01-31,1065,1087,09:04,1060,09:29,1081,166900株,179百万円,+21,+1.98,1074.235円,610回,241億円
6089,2020-02-03,1032,1071,14:49,1021,09:03,1063,253100株,266百万円,-18,-1.67,1050.842円,931回,237億円
6089,2020-02-04,1070,1098,14:35,1061,09:18,1094,124700株,135百万円,+31,+2.92,1083.654円,426回,244億円
6089,2020-02-05,1124,1124,09:00,1088,10:21,1104,205200株,226百万円,+10,+0.91,1100.419円,766回,246億円
6089,2020-02-06,1114,1145,14:31,1102,09:03,1138,254300株,287百万円,+34,+3.08,1128.009円,795回,254億円
6089,2020-02-07,1149,1153,09:00,1086,10:31,1101,427300株,473百万円,-37,-3.25,1107.426円,1378回,246億円
6089,2020-02-10,1101,1184,09:42,1097,09:00,1147,489400株,565百万円,+46,+4.18,1155.118円,1729回,256億円
6089,2020-02-12,1157,1160,09:00,1102,09:50,1128,299600株,336百万円,-19,-1.66,1122.075円,1284回,252億円
6089,2020-02-13,1131,1131,09:00,1094,09:08,1106,230600株,255百万円,-22,-1.95,1107.83円,980回,247億円
6089,2020-02-14,1092,1094,09:02,1058,14:58,1063,196000株,210百万円,-43,-3.89,1070.315円,531回,237億円
