6184,2019-08-06,1513,1517,09:00,1445,13:09,1470,508800株,751百万円,-57,-3.73,1476.811円,1618回
6184,2019-08-06,1409,1508,14:51,1397,09:07,1503,384500株,561百万円,+33,+2.24,1457.799円,1203回
6184,2019-08-07,1493,1521,14:41,1493,09:00,1511,246400株,371百万円,+8,+0.53,1505.55円,872回
6184,2019-08-08,1512,1539,11:17,1506,09:00,1532,302200株,461百万円,+21,+1.39,1526.946円,932回
6184,2019-08-09,1550,1577,09:53,1539,09:01,1565,431500株,673百万円,+33,+2.15,1558.665円,1380回
6184,2019-08-13,1544,1619,13:11,1544,09:00,1616,555300株,886百万円,+51,+3.26,1594.645円,1666回
6184,2019-08-14,1620,1625,09:00,1590,09:31,1604,254100株,408百万円,-12,-0.74,1604.996円,847回
6184,2019-08-15,1572,1610,14:59,1556,09:34,1608,280500株,443百万円,+4,+0.25,1580.748円,1049回
6184,2019-08-16,1608,1647,12:39,1598,09:13,1609,392100株,637百万円,+1,+0.06,1624.394円,1368回
6184,2019-08-19,1620,1675,13:10,1620,09:00,1674,595100株,988百万円,+65,+4.04,1660.789円,1800回
6184,2019-08-20,1671,1689,11:09,1641,09:10,1680,394900株,661百万円,+6,+0.36,1673.086円,1222回
6184,2019-08-21,1680,1702,09:07,1652,10:02,1666,344600株,578百万円,-14,-0.83,1678.027円,1023回
6184,2019-08-22,1679,1699,09:04,1608,12:30,1617,400800株,660百万円,-49,-2.94,1645.874円,1431回
6184,2019-08-23,1605,1642,12:31,1567,09:08,1626,364200株,586百万円,+9,+0.56,1608.088円,1466回
6184,2019-08-26,1601,1641,09:14,1597,09:00,1621,249600株,405百万円,-5,-0.31,1621.226円,875回
6184,2019-08-26,1635,1660,14:59,1614,09:06,1657,214400株,352百万円,+36,+2.22,1642.608円,743回
6184,2019-08-28,1668,1692,09:02,1653,12:38,1666,271500株,454百万円,+9,+0.54,1673.223円,962回
6184,2019-08-29,1666,1674,14:34,1633,10:40,1664,146800株,243百万円,-2,-0.12,1653.007円,579回
6184,2019-08-30,1670,1689,14:59,1660,09:01,1686,194200株,326百万円,+22,+1.32,1677.866円,626回
6184,2019-09-02,1701,1709,09:00,1641,10:29,1644,245700株,410百万円,-42,-2.49,1666.921円,939回
6184,2019-09-03,1634,1682,12:36,1625,09:05,1672,226000株,376百万円,+28,+1.70,1662.849円,855回
6184,2019-09-03,1666,1684,12:49,1647,09:04,1680,211000株,353百万円,+8,+0.48,1672.894円,660回
6184,2019-09-05,1679,1695,14:58,1666,09:13,1693,198500株,335百万円,+13,+0.77,1685.43円,724回
6184,2019-09-05,1696,1703,09:00,1676,09:04,1682,262100株,442百万円,-11,-0.65,1685.141円,1010回
6184,2019-09-07,1669,1705,09:49,1646,09:09,1683,562400株,947百万円,+1,+0.06,1683.535円,2303回
6184,2019-09-10,1690,1690,09:00,1598,14:25,1613,730900株,1194百万円,-70,-4.16,1634.125円,2357回
6184,2019-09-11,1610,1613,13:06,1565,09:17,1595,386200株,614百万円,-18,-1.12,1590.942円,1436回
6184,2019-09-12,1601,1606,09:00,1509,14:27,1515,696200株,1077百万円,-80,-5.02,1547.379円,2254回
6184,2019-09-13,1450,1537,10:47,1394,09:04,1500,1444000株,2134百万円,-15,-0.99,1477.879円,3782回
6184,2019-09-17,1484,1509,09:56,1447,14:10,1452,579200株,852百万円,-48,-3.20,1471.387円,1477回
6184,2019-09-17,1452,1452,09:00,1410,13:21,1421,670800株,957百万円,-31,-2.13,1425.996円,1799回,538.68億円
6184,2019-09-19,1459,1479,09:08,1422,14:35,1428,547400株,791百万円,+7,+0.49,1445.167円,1507回,541.34億円
6184,2019-09-20,1441,1508,14:30,1440,09:01,1500,671600株,993百万円,+72,+5.04,1479.216円,1856回,571.26億円
6184,2019-09-24,1500,1554,09:58,1495,09:00,1550,555200株,853百万円,+50,+3.33,1536.037円,1614回,590.30億円
6184,2019-09-25,1556,1559,09:00,1486,13:41,1494,537500株,812百万円,-56,-3.61,1509.854円,1805回,568.97億円
6184,2019-09-26,1495,1510,09:37,1460,14:59,1462,367100株,542百万円,-32,-2.14,1477.2円,1067回,556.79億円
6184,2019-09-27,1465,1467,09:37,1441,13:13,1454,342000株,496百万円,-8,-0.55,1451.708円,1005回,553.74億円
6184,2019-09-30,1450,1482,14:53,1438,10:01,1480,336000株,491百万円,+26,+1.79,1460.795円,1146回,563.64億円
6184,2019-10-01,1502,1524,09:00,1469,14:26,1472,543500株,810百万円,-8,-0.54,1489.615円,1686回,560.60億円
6184,2019-10-02,1468,1502,13:05,1463,09:00,1491,214100株,318百万円,+19,+1.29,1486.168円,731回,567.83億円
6184,2019-10-03,1483,1494,09:01,1460,13:19,1477,295600株,435百万円,-14,-0.94,1473.033円,1040回,562.50億円
6184,2019-10-04,1486,1518,14:59,1471,09:01,1517,467500株,701百万円,+40,+2.71,1499.647円,1206回,577.73億円
6184,2019-10-07,1518,1518,09:00,1475,10:24,1511,288700株,431百万円,-6,-0.40,1493.676円,802回,575.45億円
6184,2019-10-08,1511,1517,09:23,1496,14:50,1498,227700株,343百万円,-13,-0.86,1507.327円,713回,570.50億円
6184,2019-10-09,1497,1511,09:09,1484,14:18,1485,231000株,345百万円,-13,-0.87,1494.43円,672回,565.55億円
6184,2019-10-10,1485,1497,09:04,1442,13:18,1443,371300株,542百万円,-42,-2.83,1458.465円,1024回,549.55億円
6184,2019-10-11,1444,1449,09:08,1416,12:30,1423,461900株,659百万円,-20,-1.39,1425.856円,1251回,541.94億円
6184,2019-10-15,1451,1461,09:34,1432,14:36,1433,293100株,424百万円,+10,+0.70,1448.029円,888回,545.74億円
6184,2019-10-16,1433,1455,09:10,1424,09:00,1435,216300株,311百万円,+2,+0.14,1438.366円,709回,546.51億円
6184,2019-10-17,1435,1452,13:56,1424,09:49,1445,223400株,321百万円,+10,+0.70,1437.676円,660回,550.31億円
6184,2019-10-18,1455,1486,14:15,1449,09:01,1480,298800株,440百万円,+35,+2.42,1471.13円,939回,563.73億円
6184,2019-10-21,1490,1494,09:00,1464,14:38,1470,198800株,293百万円,-10,-0.68,1474.962円,615回,559.92億円
6184,2019-10-23,1470,1477,12:33,1444,09:19,1464,192600株,282百万円,-6,-0.41,1462.756円,626回,557.64億円
6184,2019-10-24,1468,1470,09:00,1441,11:22,1452,169100株,246百万円,-12,-0.82,1453.539円,584回,553.07億円
6184,2019-10-25,1454,1469,09:21,1444,10:45,1458,130200株,189百万円,+6,+0.41,1454.291円,455回,555.35億円
6184,2019-10-28,1459,1459,09:00,1435,11:16,1445,181800株,263百万円,-13,-0.89,1446.263円,567回,550.40億円
6184,2019-10-29,1449,1476,11:12,1442,09:00,1469,216600株,317百万円,+24,+1.66,1464.128円,749回,559.54億円
6184,2019-10-30,1477,1498,09:02,1466,09:39,1491,330200株,489百万円,+22,+1.50,1480.484円,1073回,567.92億円
6184,2019-10-31,1497,1498,09:00,1477,13:25,1493,164000株,244百万円,+2,+0.13,1487.479円,525回,568.68億円
6184,2019-11-01,1493,1511,14:28,1482,09:51,1510,308400株,462百万円,+17,+1.14,1499.138円,899回,575.16億円
6184,2019-11-05,1534,1554,13:12,1521,09:08,1554,447900株,690百万円,+44,+2.91,1539.871円,1207回,591.92億円
6184,2019-11-07,1500,1523,14:57,1490,09:00,1518,210200株,318百万円,+3,+0.20,1511.965円,690回,578.21億円
6184,2019-11-08,1521,1528,09:08,1499,13:00,1504,273000株,412百万円,-14,-0.92,1510.758円,1044回,572.87億円
6184,2019-11-11,1517,1567,14:54,1513,09:00,1567,396200株,614百万円,+63,+4.19,1548.601円,1285回,596.87億円
6184,2019-11-12,1568,1636,14:38,1561,09:00,1631,686600株,1107百万円,+64,+4.08,1612.521円,1904回,621.25億円
6184,2019-11-13,1601,1621,09:17,1583,13:56,1588,338900株,541百万円,-43,-2.64,1597.264円,1141回,604.87億円
6184,2019-11-14,1600,1655,11:18,1600,09:00,1625,523100株,854百万円,+37,+2.33,1632.457円,1433回,618.96億円
6184,2019-11-15,1612,1654,13:22,1606,09:00,1634,215600株,353百万円,+9,+0.55,1638.163円,769回,622.39億円
6184,2019-11-18,1635,1680,13:57,1635,09:00,1670,428800株,715百万円,+36,+2.20,1667.266円,1146回,636.10億円
6184,2019-11-19,1679,1679,09:00,1661,09:10,1666,299800株,501百万円,-4,-0.24,1670.162円,860回,634.58億円
6184,2019-11-20,1658,1684,14:53,1654,09:00,1682,274100株,459百万円,+16,+0.96,1674.787円,809回,641.92億円
6184,2019-11-21,1684,1695,13:30,1665,10:45,1694,288400株,486百万円,+12,+0.71,1684.912円,880回,646.50億円
6184,2019-11-22,1681,1715,13:58,1680,10:39,1713,354000株,601百万円,+19,+1.12,1698.537円,1059回,653.75億円
6184,2019-11-25,1718,1728,09:01,1703,09:17,1723,227800株,391百万円,+10,+0.58,1717.968円,795回,657.57億円
6184,2019-11-26,1731,1775,11:14,1728,09:19,1760,422800株,741百万円,+37,+2.15,1753.246円,1166回,671.69億円
6184,2019-11-27,1760,1826,14:34,1748,09:02,1823,411900株,740百万円,+63,+3.58,1796.831円,1075回,695.73億円
6184,2019-11-28,1817,1905,14:23,1808,09:10,1897,697900株,1307百万円,+74,+4.06,1872.459円,1895回,723.97億円
6184,2019-11-29,1901,1949,10:14,1885,09:09,1930,744200株,1433百万円,+33,+1.74,1925.821円,2395回,736.57億円
6184,2019-12-02,1940,1968,09:02,1928,15:00,1928,386700株,751百万円,-2,-0.10,1941.734円,1256回,735.80億円
6184,2019-12-03,1892,1989,14:57,1878,09:00,1984,621000株,1214百万円,+56,+2.90,1954.319円,1854回,757.17億円
6184,2019-12-05,2071,2071,09:00,1903,09:39,1925,1429400株,2788百万円,-152,-7.32,1950.356円,5030回,734.66億円
6184,2019-12-06,1899,1934,09:06,1815,14:36,1820,1317700株,2444百万円,-105,-5.45,1854.533円,3661回,694.58億円
6184,2019-12-09,1810,1834,10:35,1759,12:44,1771,941700株,1686百万円,-49,-2.69,1790.759円,2608回,675.88億円
6184,2019-12-10,1772,1810,11:13,1738,14:07,1751,897600株,1588百万円,-20,-1.13,1769.432円,2119回,668.25億円
6184,2019-12-13,1581,1748,11:28,1581,09:08,1694,1519500株,2537百万円,-7,-0.41,1669.647円,4276回,646.50億円
6184,2019-12-16,1677,1729,09:12,1630,13:58,1647,547700株,912百万円,-47,-2.77,1665.74円,1674回,628.56億円
6184,2019-12-17,1657,1677,12:55,1630,09:19,1658,360100株,596百万円,+11,+0.67,1655.886円,1117回,632.76億円
6184,2019-12-18,1678,1734,10:25,1666,12:53,1679,696000株,1182百万円,+21,+1.27,1698.026円,2032回,640.77億円
6184,2019-12-19,1660,1670,14:12,1633,09:02,1666,386700株,639百万円,-13,-0.77,1652.969円,1195回,635.81億円
6184,2019-12-20,1700,1729,09:02,1686,09:56,1698,439100株,747百万円,+32,+1.92,1701.994円,1403回,648.30億円
6184,2019-12-23,1716,1723,09:44,1690,10:42,1719,315800株,540百万円,+21,+1.24,1709.806円,1199回,656.32億円
6184,2019-12-24,1725,1745,09:00,1712,10:51,1734,257100株,443百万円,+15,+0.87,1724.382円,947回,662.05億円
6184,2019-12-25,1745,1745,09:00,1690,13:35,1696,334200株,571百万円,-38,-2.19,1709.179円,1032回,647.54億円
6184,2019-12-26,1685,1714,12:40,1670,09:00,1703,265400株,450百万円,+7,+0.41,1695.465円,953回,650.21億円
6184,2019-12-27,1717,1735,10:10,1697,09:04,1720,397200株,683百万円,+17,+1.00,1719.369円,1372回,656.70億円
6184,2019-12-30,1723,1732,09:00,1699,09:45,1724,283600株,486百万円,+4,+0.23,1715.305円,1072回,658.23億円
6184,2020-01-06,1718,1780,12:57,1707,09:04,1775,478800株,841百万円,+51,+2.96,1756.069円,1391回,677.70億円
6184,2020-01-07,1795,1866,12:47,1788,09:00,1862,1007900株,1857百万円,+87,+4.90,1842.449円,2294回,710.92億円
6184,2020-01-08,1852,1853,09:00,1783,09:23,1814,497000株,901百万円,-48,-2.58,1813.633円,1674回,692.59億円
6184,2020-01-09,1844,1848,09:00,1777,14:31,1783,383300株,692百万円,-31,-1.71,1806.669円,1312回,680.76億円
6184,2020-01-10,1785,1785,09:00,1713,11:28,1731,521200株,903百万円,-52,-2.92,1732.059円,1537回,660.90億円
6184,2020-01-14,1721,1731,14:59,1685,10:32,1730,473800株,807百万円,-1,-0.06,1703.037円,1289回,660.52億円
6184,2020-01-15,1756,1757,09:00,1724,10:07,1730,202500株,352百万円,0,0,1738.497円,645回,660.52億円
6184,2020-01-16,1730,1731,09:04,1690,14:10,1698,212000株,362百万円,-32,-1.85,1708.273円,654回,648.30億円
6184,2020-01-17,1701,1701,09:00,1653,13:06,1664,375900株,627百万円,-34,-2.00,1667.599円,1208回,635.32億円
6184,2020-01-20,1684,1712,09:36,1674,09:00,1696,253100株,429百万円,+32,+1.92,1694.067円,862回,651.27億円
6184,2020-01-21,1704,1705,09:00,1675,10:41,1700,180000株,304百万円,+4,+0.24,1691.62円,554回,652.81億円
6184,2020-01-22,1708,1714,10:18,1691,09:04,1713,187400株,320百万円,+13,+0.76,1706.796円,704回,657.80億円
6184,2020-01-23,1714,1730,09:03,1688,09:29,1698,204800株,349百万円,-15,-0.88,1702.071円,660回,652.04億円
6184,2020-01-24,1694,1694,09:00,1669,09:01,1682,221900株,373百万円,-16,-0.94,1678.767円,783回,645.89億円
6184,2020-01-27,1655,1678,10:32,1645,09:03,1668,205600株,343百万円,-14,-0.83,1665.86円,856回,640.52億円
