6246,2019-08-06,660,660,09:00,632,12:49,643,42200株,27百万円,-15,-2.28,642.621円,158回
6246,2019-08-06,650,654,09:01,635,09:45,644,54300株,35百万円,+1,+0.16,646.446円,90回
6246,2019-08-07,638,647,09:04,634,15:00,634,24200株,15百万円,-10,-1.55,638.397円,111回
6246,2019-08-08,650,650,09:03,633,09:32,645,45300株,29百万円,+11,+1.74,646.452円,75回
6246,2019-08-09,647,653,13:34,644,09:06,652,14200株,9百万円,+7,+1.09,648.401円,56回
6246,2019-08-13,708,708,09:15,683,11:20,690,77800株,54百万円,+38,+5.83,695.423円,281回
6246,2019-08-14,690,692,10:53,680,09:09,685,28900株,20百万円,-5,-0.72,688.332円,126回
6246,2019-08-15,667,681,14:59,663,09:13,681,26400株,18百万円,-4,-0.58,671.451円,83回
6246,2019-08-16,679,681,09:55,675,14:10,676,11900株,8百万円,-5,-0.73,678.941円,50回
6246,2019-08-19,686,686,09:00,678,11:29,680,11700株,8百万円,+4,+0.59,681.47円,52回
6246,2019-08-20,680,700,09:00,680,09:00,683,20100株,14百万円,+3,+0.44,686.617円,73回
6246,2019-08-21,673,689,14:59,673,09:00,689,11500株,8百万円,+6,+0.88,681.122円,44回
6246,2019-08-22,697,697,09:00,682,12:45,689,19300株,13百万円,0,0,689.155円,74回
6246,2019-08-23,686,686,09:00,673,12:39,674,16400株,11百万円,-15,-2.18,677.5円,73回
6246,2019-08-26,664,665,09:03,651,09:13,656,29500株,19百万円,-18,-2.67,658.217円,133回
6246,2019-08-26,662,664,09:07,652,09:33,654,19500株,13百万円,-2,-0.30,656.656円,87回
6246,2019-08-28,652,654,09:02,642,10:34,646,28000株,18百万円,-8,-1.22,648.396円,118回
6246,2019-08-29,648,653,09:04,644,11:04,647,16000株,10百万円,+1,+0.15,646.769円,65回
6246,2019-08-30,647,659,14:49,647,09:00,657,19700株,13百万円,+10,+1.55,654.335円,96回
6246,2019-09-02,657,688,13:37,647,09:04,684,41600株,28百万円,+27,+4.11,674.606円,145回
6246,2019-09-03,682,688,10:41,678,09:27,685,18000株,12百万円,+1,+0.15,684.283円,67回
6246,2019-09-03,684,685,14:49,677,09:05,684,10900株,7百万円,-1,-0.15,682円,44回
6246,2019-09-05,690,696,12:41,685,09:05,691,38200株,26百万円,+7,+1.02,692.304円,124回
6246,2019-09-05,693,698,13:05,692,14:28,696,9900株,7百万円,+5,+0.72,695.192円,46回
6246,2019-09-07,696,696,09:00,683,10:55,686,22000株,15百万円,-10,-1.44,689.373円,71回
6246,2019-09-10,687,691,09:29,682,14:59,682,12100株,8百万円,-4,-0.58,687.43円,48回
6246,2019-09-11,685,695,10:39,677,09:03,693,24900株,17百万円,+11,+1.61,687.245円,66回
6246,2019-09-12,687,692,09:10,680,12:47,688,22700株,16百万円,-5,-0.72,684.405円,83回
6246,2019-09-13,688,688,09:00,679,09:17,686,16700株,11百万円,-2,-0.29,683.713円,71回
6246,2019-09-17,690,693,11:28,687,09:16,688,39800株,27百万円,+2,+0.29,689.457円,106回
6246,2019-09-17,690,694,09:11,684,09:20,687,22100株,15百万円,-1,-0.15,688.729円,72回,85.20億円
6246,2019-09-19,686,692,09:47,682,10:33,683,28000株,19百万円,-4,-0.58,686.214円,86回,84.70億円
6246,2019-09-20,681,683,09:29,677,09:03,682,13500株,9百万円,-1,-0.15,680.8円,40回,84.58億円
6246,2019-09-24,682,692,09:28,682,09:00,691,33900株,23百万円,+9,+1.32,685.018円,61回,85.70億円
6246,2019-09-25,691,704,14:05,687,09:06,704,34200株,24百万円,+13,+1.88,697.933円,130回,87.31億円
6246,2019-09-26,704,716,10:13,704,09:00,705,41000株,29百万円,+1,+0.14,708.256円,144回,87.43億円
6246,2019-09-27,690,695,09:23,682,14:45,683,27500株,19百万円,-22,-3.12,686.64円,93回,84.70億円
6246,2019-09-30,684,689,09:11,660,14:37,667,43800株,29百万円,-16,-2.34,672.952円,145回,82.72億円
6246,2019-10-01,677,691,14:59,674,09:04,690,16800株,11百万円,+23,+3.45,682.929円,60回,85.57億円
6246,2019-10-02,681,690,13:12,671,09:00,683,13100株,9百万円,-7,-1.01,684.145円,54回,84.70億円
6246,2019-10-03,680,680,09:00,662,09:04,664,27400株,18百万円,-19,-2.78,666.985円,89回,82.35億円
6246,2019-10-04,664,670,14:29,663,09:43,667,10800株,7百万円,+3,+0.45,666.213円,46回,82.72億円
6246,2019-10-07,675,675,09:00,670,13:59,672,7600株,5百万円,+5,+0.75,673.447円,23回,83.34億円
6246,2019-10-08,672,694,14:50,672,09:00,688,33800株,23百万円,+16,+2.38,687.018円,127回,85.32億円
6246,2019-10-09,681,691,09:21,675,09:00,685,13800株,9百万円,-3,-0.44,684.79円,60回,84.95億円
6246,2019-10-10,698,699,09:09,688,14:49,689,47100株,33百万円,+4,+0.58,693.592円,163回,85.45億円
6246,2019-10-11,691,698,12:52,688,09:59,696,23300株,16百万円,+7,+1.02,693.678円,116回,86.32億円
6246,2019-10-15,712,714,12:46,703,09:43,709,42800株,30百万円,+13,+1.87,708.6円,140回,87.93億円
6246,2019-10-16,713,737,09:55,711,09:03,728,75900株,55百万円,+19,+2.68,725.503円,252回,90.28億円
6246,2019-10-17,728,735,10:49,724,09:02,728,26700株,19百万円,0,0,728.832円,103回,90.28億円
6246,2019-10-18,723,728,09:29,713,09:08,715,39700株,29百万円,-13,-1.79,718.73円,153回,88.67億円
6246,2019-10-21,724,755,14:58,716,09:02,755,100300株,74百万円,+40,+5.59,740.834円,296回,93.63億円
6246,2019-10-23,778,780,14:59,742,09:16,779,125500株,96百万円,+24,+3.18,768.296円,372回,96.61億円
6246,2019-10-24,784,786,09:02,769,09:57,773,59100株,46百万円,-6,-0.77,779.667円,196回,95.87億円
6246,2019-10-25,758,765,13:30,745,09:01,761,78100株,59百万円,-12,-1.55,756.278円,306回,94.38億円
6246,2019-10-28,791,794,09:15,769,10:04,777,83800株,65百万円,+16,+2.10,781.259円,349回,96.36億円
6246,2019-10-29,927,927,15:00,927,15:00,927,25300株,23百万円,+150,+19.31,927円,1回,114.96億円
6246,2019-10-30,1077,1077,09:22,1001,09:30,1039,1388500株,1453百万円,+112,+12.08,1046.273円,4127回,128.85億円
6246,2019-10-31,1046,1100,14:59,1006,10:52,1097,639400株,675百万円,+58,+5.58,1055.087円,2061回,136.05億円
6246,2019-11-01,1096,1146,10:21,1046,09:32,1100,613800株,670百万円,+3,+0.27,1091.735円,1953回,136.42億円
6246,2019-11-05,1078,1089,09:00,1032,09:06,1066,346800株,369百万円,-34,-3.09,1063.443円,1005回,132.20億円
6246,2019-11-07,1031,1031,09:00,982,10:55,1022,306900株,310百万円,-15,-1.45,1009.539円,865回,126.75億円
6246,2019-11-08,1007,1035,12:42,995,14:52,1002,188400株,191百万円,-20,-1.96,1013.023円,552回,124.27億円
6246,2019-11-11,950,954,13:50,912,09:12,944,604200株,569百万円,-58,-5.79,941.248円,1557回,117.07億円
6246,2019-11-12,970,1015,13:25,959,09:10,1006,397100株,393百万円,+62,+6.57,989.78円,1341回,124.76億円
6246,2019-11-13,992,1015,09:00,953,10:51,965,364200株,353百万円,-41,-4.08,970.363円,1152回,119.68億円
6246,2019-11-14,960,985,09:29,942,13:46,949,205000株,197百万円,-16,-1.66,960.326円,709回,117.69億円
6246,2019-11-15,956,996,10:05,956,09:00,990,141800株,139百万円,+41,+4.32,979.025円,508回,122.78億円
6246,2019-11-18,999,1019,14:59,987,09:15,1018,140000株,140百万円,+28,+2.83,1002.158円,486回,126.25億円
6246,2019-11-19,1010,1010,09:00,971,14:41,982,264400株,260百万円,-36,-3.54,984.623円,1096回,121.78億円
6246,2019-11-20,979,992,09:19,966,11:11,983,81100株,79百万円,+1,+0.10,978.123円,337回,121.91億円
6246,2019-11-21,963,973,09:03,943,10:52,952,244400株,233百万円,-31,-3.15,953.227円,734回,118.06億円
6246,2019-11-22,952,967,12:35,948,09:03,960,165600株,158百万円,+8,+0.84,955.262円,584回,119.06億円
6246,2019-11-25,966,971,13:03,950,09:13,958,133200株,128百万円,-2,-0.21,961.818円,356回,118.81億円
6246,2019-11-26,963,1012,11:05,962,09:02,976,232300株,230百万円,+18,+1.88,989.173円,704回,121.04億円
6246,2019-11-27,979,1001,14:58,963,10:40,1000,151800株,149百万円,+24,+2.46,982.447円,493回,124.02億円
6246,2019-11-28,998,1030,14:42,981,09:33,1024,317700株,322百万円,+24,+2.40,1012.715円,843回,126.99億円
6246,2019-11-29,1025,1106,13:02,986,11:02,1058,1393500株,1477百万円,+34,+3.32,1060.021円,3611回,131.21億円
6246,2019-12-02,1072,1140,12:32,1066,09:13,1115,668000株,738百万円,+57,+5.39,1104.899円,1815回,138.28億円
6246,2019-12-03,1106,1141,10:03,1085,09:01,1126,375700株,420百万円,+11,+0.99,1118.24円,1042回,139.64億円
6246,2019-12-05,1100,1116,09:02,1073,09:15,1083,212200株,231百万円,-11,-1.01,1088.37円,770回,134.31億円
6246,2019-12-06,1080,1110,13:45,1075,09:04,1089,123400株,134百万円,+6,+0.55,1088.725円,488回,135.05億円
6246,2019-12-09,1122,1128,09:15,1101,13:12,1110,221800株,248百万円,+21,+1.93,1116.424円,759回,137.66億円
6246,2019-12-10,1105,1108,12:30,1082,14:14,1085,162800株,178百万円,-25,-2.25,1092.356円,453回,134.56億円
6246,2019-12-13,1070,1093,09:26,1042,12:59,1056,226700株,243百万円,+6,+0.57,1069.779円,693回,130.96億円
6246,2019-12-16,1045,1053,09:25,1031,12:46,1050,123600株,129百万円,-6,-0.57,1041.863円,419回,130.22億円
6246,2019-12-17,1063,1065,09:01,1036,10:53,1050,102200株,107百万円,0,0,1049.288円,411回,130.22億円
6246,2019-12-18,1058,1060,09:11,1011,12:59,1026,121700株,125百万円,-24,-2.29,1031.066円,419回,127.24億円
6246,2019-12-19,1030,1055,09:57,1022,09:07,1035,89400株,93百万円,+9,+0.88,1039.299円,346回,128.36億円
6246,2019-12-20,1031,1033,09:08,1008,11:21,1023,92900株,95百万円,-12,-1.16,1020.154円,314回,126.87億円
6246,2019-12-23,1024,1026,09:00,998,14:51,998,160600株,162百万円,-25,-2.44,1010.227円,457回,123.77億円
6246,2019-12-24,989,1024,13:00,983,10:31,1017,131600株,132百万円,+19,+1.90,1000.781円,396回,126.13億円
6246,2019-12-25,1017,1050,10:34,1012,09:19,1016,142100株,146百万円,-1,-0.10,1029.713円,478回,126.00億円
6246,2019-12-26,1010,1016,09:08,994,12:48,997,160200株,160百万円,-19,-1.87,1000.861円,448回,123.65億円
6246,2019-12-27,1010,1016,14:59,990,09:20,1015,96600株,97百万円,+18,+1.81,1004.931円,339回,125.88億円
6246,2019-12-30,1015,1056,14:58,1002,09:15,1048,177000株,182百万円,+33,+3.25,1029.677円,492回,129.97億円
6246,2020-01-06,1019,1028,09:02,1002,11:03,1008,106300株,108百万円,-40,-3.82,1013.877円,391回,125.01億円
6246,2020-01-07,1021,1041,09:42,1012,09:15,1018,81600株,84百万円,+10,+0.99,1023.646円,344回,126.25億円
6246,2020-01-08,1013,1018,09:00,971,09:48,984,142500株,141百万円,-34,-3.34,988.516円,470回,122.03億円
6246,2020-01-09,1008,1020,10:53,1002,09:07,1006,80900株,82百万円,+22,+2.24,1011.387円,336回,124.76億円
6246,2020-01-10,1010,1011,09:03,994,13:37,1004,87700株,88百万円,-2,-0.20,1000.247円,272回,124.51億円
6246,2020-01-14,1000,1011,09:02,986,09:28,993,97100株,96百万円,-11,-1.10,992.555円,291回,123.15億円
6246,2020-01-15,987,990,09:32,974,13:57,980,104100株,102百万円,-13,-1.31,981.134円,321回,121.54億円
6246,2020-01-16,989,989,09:00,969,14:21,972,70700株,69百万円,-8,-0.82,974.27円,240回,120.54億円
6246,2020-01-17,975,980,09:03,966,14:44,969,89900株,87百万円,-3,-0.31,970.83円,243回,120.17億円
6246,2020-01-20,969,985,11:08,969,09:00,978,42900株,42百万円,+9,+0.93,978.326円,165回,121.29億円
6246,2020-01-21,975,975,09:00,958,11:06,970,78600株,76百万円,-8,-0.82,967.303円,192回,120.30億円
6246,2020-01-22,970,989,10:12,965,09:00,984,52700株,52百万円,+14,+1.44,979.397円,175回,122.03億円
6246,2020-01-23,979,979,09:00,966,09:25,967,37200株,36百万円,-17,-1.73,971.61円,139回,119.92億円
6246,2020-01-24,968,976,09:16,959,11:10,972,43600株,42百万円,+5,+0.52,965.956円,209回,120.54億円
6246,2020-01-27,950,950,09:03,923,14:54,927,105200株,98百万円,-45,-4.63,934.028円,346回,114.96億円
6246,2020-01-28,917,928,14:29,906,09:00,924,59700株,55百万円,-3,-0.32,917.955円,208回,114.59億円
6246,2020-01-29,925,937,14:41,915,10:00,932,57700株,53百万円,+8,+0.87,926.955円,285回,116億円
6246,2020-01-30,920,934,09:04,887,12:32,899,136800株,123百万円,-33,-3.54,902.764円,535回,111億円
6246,2020-01-31,899,934,11:21,899,09:00,926,66600株,61百万円,+27,+3.00,922.833円,316回,115億円
6246,2020-02-03,885,923,12:32,885,09:06,908,86400株,78百万円,-18,-1.94,902.354円,348回,113億円
6246,2020-02-04,901,927,10:56,897,09:13,920,48900株,45百万円,+12,+1.32,915.724円,220回,114億円
6246,2020-02-05,930,946,11:06,925,10:01,932,69300株,65百万円,+12,+1.30,937.208円,331回,116億円
6246,2020-02-06,947,954,09:29,932,10:55,937,59000株,56百万円,+5,+0.54,943.009円,295回,116億円
6246,2020-02-07,938,950,09:06,919,10:08,940,115200株,108百万円,+3,+0.32,933.967円,485回,117億円
6246,2020-02-10,895,897,09:08,829,09:20,862,399100株,343百万円,-78,-8.30,859.52円,1152回,107億円
6246,2020-02-10,869,870,09:00,845,10:26,849,141400株,121百万円,-13,-1.51,853.965円,433回,105億円
6246,2020-02-13,849,878,10:39,847,09:00,866,88700株,77百万円,+17,+2.00,864.434円,305回,107億円
6246,2020-02-14,865,884,11:18,862,09:40,878,90400株,79百万円,+12,+1.39,873.526円,389回,109億円
6246,2020-02-17,879,879,09:00,856,09:24,860,75900株,66百万円,-18,-2.05,864.258円,323回,107億円
6246,2020-02-17,852,852,09:00,821,13:03,834,135400株,113百万円,-26,-3.02,834.982円,598回,103億円
6246,2020-02-18,838,855,12:30,829,09:01,838,89300株,75百万円,+4,+0.48,842.654円,403回,104億円
6246,2020-02-20,845,848,09:02,815,12:36,826,82400株,69百万円,-12,-1.43,831.57円,333回,102億円
6246,2020-02-21,826,844,09:12,821,14:58,822,51000株,42百万円,-4,-0.48,828.957円,177回,102億円
6246,2020-02-25,777,804,09:34,775,09:09,791,149200株,118百万円,-31,-3.77,787.804円,458回,98.1億円
6246,2020-02-26,783,785,09:04,753,10:55,783,105700株,81百万円,-8,-1.01,769.957円,417回,97.1億円
6246,2020-02-27,785,785,09:00,738,13:43,749,120600株,91百万円,-34,-4.34,752.979円,471回,92.9億円
6246,2020-02-28,706,746,10:02,705,09:07,713,166500株,120百万円,-36,-4.81,719.095円,552回,88.4億円
