6305,2019-08-06,2407,2422,10:06,2367,12:44,2392,818100株,1957百万円,-39,-1.60,2391.955円,1688回
6305,2019-08-06,2293,2361,13:07,2291,09:03,2349,1172900株,2741百万円,-43,-1.80,2336.641円,2867回
6305,2019-08-07,2343,2347,09:14,2298,11:25,2304,919100株,2125百万円,-45,-1.92,2311.832円,2134回
6305,2019-08-08,2290,2313,11:01,2284,09:17,2290,641000株,1471百万円,-14,-0.61,2294.647円,1628回
6305,2019-08-09,2295,2300,09:16,2267,09:07,2288,938200株,2147百万円,-2,-0.09,2288.714円,1686回
6305,2019-08-13,2242,2260,14:45,2222,09:04,2255,893600株,2008百万円,-33,-1.44,2247.551円,1810回
6305,2019-08-14,2299,2312,09:05,2258,10:02,2274,686400株,1563百万円,+19,+0.84,2277.803円,1727回
6305,2019-08-15,2214,2226,12:32,2187,09:32,2210,1184800株,2613百万円,-64,-2.81,2205.659円,3239回
6305,2019-08-16,2204,2227,14:48,2191,09:02,2221,795100株,1761百万円,+11,+0.50,2214.931円,1948回
6305,2019-08-19,2199,2248,14:54,2198,09:00,2240,768500株,1714百万円,+19,+0.86,2229.78円,2093回
6305,2019-08-20,2240,2277,14:40,2240,09:00,2274,722600株,1638百万円,+34,+1.52,2266.247円,1695回
6305,2019-08-21,2237,2284,12:37,2228,09:00,2276,888800株,2016百万円,+2,+0.09,2267.951円,2076回
6305,2019-08-22,2285,2296,10:14,2255,14:45,2257,600800株,1364百万円,-19,-0.83,2269.751円,1329回
6305,2019-08-23,2243,2286,09:35,2243,09:00,2264,790600株,1794百万円,+7,+0.31,2269.34円,1554回
6305,2019-08-26,2189,2226,13:43,2178,09:03,2222,682900株,1510百万円,-42,-1.86,2211.401円,1463回
6305,2019-08-26,2243,2267,13:51,2233,09:19,2246,708400株,1592百万円,+24,+1.08,2247.984円,1677回
6305,2019-08-28,2241,2253,11:15,2226,09:44,2228,553500株,1237百万円,-18,-0.80,2235.323円,1381回
6305,2019-08-29,2246,2255,09:00,2220,10:32,2221,469100株,1046百万円,-7,-0.31,2229.398円,1241回
6305,2019-08-30,2254,2277,12:45,2250,09:00,2270,734300株,1665百万円,+49,+2.21,2268.109円,1446回
6305,2019-09-02,2270,2275,09:00,2258,09:21,2267,416900株,946百万円,-3,-0.13,2268.478円,1073回
6305,2019-09-03,2278,2293,13:46,2269,12:30,2290,558100株,1276百万円,+23,+1.01,2286.112円,1320回
6305,2019-09-03,2266,2275,14:04,2258,09:45,2264,592400株,1342百万円,-26,-1.14,2265.136円,1483回
6305,2019-09-05,2278,2336,12:30,2278,09:00,2312,1136900株,2633百万円,+48,+2.12,2316.147円,2589回
6305,2019-09-05,2345,2364,12:39,2331,09:18,2357,1156700株,2722百万円,+45,+1.95,2353.058円,2196回
6305,2019-09-07,2361,2375,13:23,2355,09:07,2368,611700株,1449百万円,+11,+0.47,2368.171円,1350回
6305,2019-09-10,2414,2478,14:59,2408,09:00,2474,1292300株,3171百万円,+106,+4.48,2453.395円,2745回
6305,2019-09-11,2540,2578,13:08,2523,10:27,2560,2322300株,5933百万円,+86,+3.48,2554.973円,5465回
6305,2019-09-12,2625,2645,09:03,2586,12:36,2608,2146500株,5605百万円,+48,+1.88,2611.322円,4177回
6305,2019-09-13,2654,2655,09:00,2601,09:27,2646,1846200株,4879百万円,+38,+1.46,2642.843円,2594回
6305,2019-09-17,2634,2667,09:34,2625,09:01,2652,759000株,2012百万円,+6,+0.23,2650.253円,1652回
6305,2019-09-17,2649,2652,09:01,2609,12:50,2628,859700株,2260百万円,-24,-0.90,2628.734円,1827回,5653.22億円
6305,2019-09-19,2623,2667,11:08,2622,09:00,2641,790700株,2094百万円,+13,+0.49,2647.898円,2068回,5681.19億円
6305,2019-09-20,2671,2689,10:31,2649,14:39,2660,908800株,2421百万円,+19,+0.72,2663.629円,1799回,5722.06億円
6305,2019-09-24,2638,2688,12:44,2629,09:03,2667,883100株,2357百万円,+7,+0.26,2668.883円,2362回,5737.12億円
6305,2019-09-25,2620,2657,12:31,2600,09:01,2646,912700株,2407百万円,-21,-0.79,2637.562円,2098回,5691.94億円
6305,2019-09-26,2695,2709,09:04,2644,14:51,2652,1165200株,3113百万円,+6,+0.23,2671.367円,2608回,5704.85億円
6305,2019-09-27,2610,2636,09:10,2586,09:40,2631,1167600株,3056百万円,-21,-0.79,2617.432円,2624回,5659.68億円
6305,2019-09-30,2618,2653,09:21,2594,14:40,2605,1187400株,3098百万円,-26,-0.99,2609.345円,2254回,5603.75億円
6305,2019-10-01,2606,2629,10:57,2598,09:06,2619,808100株,2116百万円,+14,+0.54,2618.077円,1975回,5633.86億円
6305,2019-10-02,2576,2583,09:00,2524,10:30,2555,1328100株,3387百万円,-64,-2.44,2550.462円,3002回,5496.19億円
6305,2019-10-03,2485,2510,09:21,2475,09:03,2495,1021200株,2546百万円,-60,-2.35,2493.379円,2085回,5367.12億円
6305,2019-10-04,2473,2500,09:04,2468,09:00,2476,775700株,1925百万円,-19,-0.76,2481.483円,1492回,5326.25億円
6305,2019-10-07,2467,2472,09:00,2422,10:24,2438,1301900株,3179百万円,-38,-1.53,2441.802円,2474回,5244.50億円
6305,2019-10-08,2443,2496,09:25,2442,09:00,2481,706800株,1754百万円,+43,+1.76,2481.948円,1773回,5337.00億円
6305,2019-10-09,2440,2472,09:52,2437,09:00,2456,426000株,1046百万円,-25,-1.01,2455.735円,1039回,5283.23億円
6305,2019-10-10,2464,2484,10:39,2435,09:30,2478,569200株,1406百万円,+22,+0.90,2469.937円,1364回,5330.55億円
6305,2019-10-11,2528,2540,09:00,2494,09:02,2533,735600株,1858百万円,+55,+2.22,2525.538円,1378回,5448.86億円
6305,2019-10-15,2608,2617,09:03,2589,09:33,2596,743800株,1935百万円,+63,+2.49,2601.21円,1720回,5584.39億円
6305,2019-10-16,2654,2670,09:06,2629,13:19,2632,1012100株,2676百万円,+36,+1.39,2643.768円,2261回,5661.83億円
6305,2019-10-17,2631,2637,09:26,2607,14:13,2610,885900株,2319百万円,-22,-0.84,2617.689円,2193回,5614.50億円
6305,2019-10-18,2615,2640,11:09,2589,14:59,2590,822000株,2143百万円,-20,-0.77,2606.854円,1871回,5571.48億円
6305,2019-10-21,2590,2604,12:40,2574,09:38,2599,786800株,2040百万円,+9,+0.35,2592.887円,1918回,5590.84億円
6305,2019-10-23,2645,2657,14:34,2618,09:47,2651,1022300株,2697百万円,+52,+2.00,2638.437円,2703回,5702.70億円
6305,2019-10-24,2673,2715,09:16,2673,09:00,2704,1096000株,2959百万円,+53,+2.00,2699.859円,2756回,5816.71億円
6305,2019-10-25,2674,2695,09:01,2661,13:05,2672,991200株,2650百万円,-32,-1.18,2673.241円,1964回,5747.87億円
6305,2019-10-28,2722,2729,09:00,2676,10:48,2709,910600株,2464百万円,+37,+1.38,2705.835円,2495回,5827.47億円
6305,2019-10-29,2670,2798,14:59,2670,09:00,2798,1858000株,5118百万円,+89,+3.29,2754.494円,4601回,6018.92億円
6305,2019-10-30,2803,2858,10:59,2779,09:17,2844,1337900株,3790百万円,+46,+1.64,2832.793円,3344回,6117.87億円
6305,2019-10-31,2849,2864,09:00,2800,11:10,2824,1003800株,2835百万円,-20,-0.70,2823.899円,2663回,6074.85億円
6305,2019-11-01,2774,2779,09:07,2738,09:03,2753,944800株,2606百万円,-71,-2.51,2758.118円,2422回,5922.12億円
6305,2019-11-05,2803,2904,14:58,2800,09:02,2894,1294500株,3717百万円,+141,+5.12,2871.758円,3023回,6225.43億円
6305,2019-11-06,2901,2910,09:01,2863,13:17,2904,809000株,2339百万円,+10,+0.35,2891.411円,1838回,6246.94億円
6305,2019-11-07,2889,2909,10:31,2875,09:12,2900,545200株,1578百万円,-4,-0.14,2894.511円,1394回,6238.34億円
6305,2019-11-08,2962,2972,09:03,2888,14:47,2896,1179200株,3453百万円,-4,-0.14,2927.885円,2491回,6229.73億円
6305,2019-11-11,2914,2917,09:01,2856,12:52,2858,567700株,1632百万円,-38,-1.31,2874.124円,1480回,6147.99億円
6305,2019-11-12,2852,2877,14:56,2826,09:09,2874,566400株,1619百万円,+16,+0.56,2857.539円,1534回,6182.41億円
6305,2019-11-13,2842,2856,09:03,2811,13:22,2824,731300株,2069百万円,-50,-1.74,2829.036円,2055回,6074.85億円
6305,2019-11-14,2819,2821,10:45,2779,13:09,2791,642100株,1796百万円,-35,-1.24,2797.419円,1622回,6003.86億円
6305,2019-11-15,2778,2815,10:06,2778,09:00,2807,628600株,1761百万円,+16,+0.57,2802.174円,1563回,6038.28億円
6305,2019-11-18,2813,2823,09:00,2790,14:11,2801,405600株,1137百万円,-6,-0.21,2803.087円,1031回,6025.37億円
6305,2019-11-19,2802,2811,09:00,2757,09:39,2785,640000株,1782百万円,-16,-0.57,2784.215円,1563回,5990.95億円
6305,2019-11-20,2761,2768,09:23,2713,11:05,2730,647800株,1769百万円,-55,-1.97,2730.472円,1689回,5872.64億円
6305,2019-11-21,2703,2724,09:17,2621,10:51,2678,1088500株,2906百万円,-52,-1.90,2669.696円,2950回,5760.78億円
6305,2019-11-22,2704,2719,09:00,2678,14:59,2681,536900株,1446百万円,+3,+0.11,2693.405円,1508回,5767.23億円
6305,2019-11-25,2726,2793,15:00,2726,09:00,2793,954600株,2649百万円,+112,+4.18,2775.321円,2997回,6008.16億円
6305,2019-11-26,2864,2894,09:17,2824,12:55,2828,1293700株,3695百万円,+35,+1.25,2856.021円,3253回,6083.45億円
6305,2019-11-27,2875,2946,13:40,2864,09:01,2935,1423000株,4155百万円,+107,+3.78,2919.854円,3629回,6313.63億円
6305,2019-11-28,2953,2977,10:03,2924,12:53,2939,1176000株,3465百万円,+4,+0.14,2946.624円,3363回,6322.23億円
6305,2019-11-29,2943,2952,09:02,2883,14:44,2886,1016400株,2953百万円,-53,-1.80,2905.528円,2325回,6208.22億円
6305,2019-12-02,2927,2963,12:30,2905,09:01,2951,792500株,2338百万円,+65,+2.25,2950.48円,2259回,6348.04億円
6305,2019-12-03,2890,2943,12:42,2875,09:05,2927,811100株,2366百万円,-24,-0.81,2917.508円,2440回,6296.42億円
6305,2019-12-05,2926,2989,15:00,2926,09:00,2989,1014700株,3016百万円,+98,+3.39,2972.244円,2495回,6429.79億円
6305,2019-12-06,3000,3060,09:55,3000,09:00,3020,719300株,2179百万円,+31,+1.04,3029.913円,1349回,6496.47億円
6305,2019-12-09,3050,3100,12:32,3035,09:07,3075,887400株,2727百万円,+55,+1.82,3072.459円,1322回,6614.79億円
6305,2019-12-10,3050,3110,14:59,3045,09:00,3105,908000株,2806百万円,+30,+0.98,3090.013円,1455回,6679.32億円
6305,2019-12-13,3295,3305,09:03,3205,09:32,3275,2050100株,6720百万円,+120,+3.80,3277.849円,2602回,7045.02億円
6305,2019-12-16,3270,3290,13:45,3250,09:02,3280,724800株,2373百万円,+5,+0.15,3274.452円,883回,7055.77億円
6305,2019-12-17,3310,3320,09:00,3245,09:19,3280,723000株,2369百万円,0,0,3276.79円,923回,7055.77億円
6305,2019-12-18,3310,3315,09:00,3255,10:04,3285,612300株,2010百万円,+5,+0.15,3283.041円,883回,7066.53億円
6305,2019-12-19,3260,3350,09:44,3255,09:00,3325,1320200株,4387百万円,+40,+1.22,3323.083円,1858回,7152.58億円
6305,2019-12-20,3310,3335,12:32,3260,09:09,3315,931300株,3083百万円,-10,-0.30,3310.535円,1215回,7131.06億円
6305,2019-12-23,3345,3350,09:00,3295,09:31,3310,732100株,2424百万円,-5,-0.15,3311.458円,801回,7120.31億円
6305,2019-12-24,3285,3300,09:01,3275,14:26,3285,528600株,1737百万円,-25,-0.76,3286.595円,913回,7066.53億円
6305,2019-12-25,3320,3320,09:00,3280,09:13,3305,312700株,1032百万円,+20,+0.61,3299.878円,672回,7109.55億円
6305,2019-12-26,3280,3335,09:36,3280,09:00,3315,431800株,1431百万円,+10,+0.30,3314.052円,700回,7131.06億円
6305,2019-12-27,3335,3340,09:00,3305,09:12,3315,462700株,1537百万円,0,0,3321.479円,789回,7131.06億円
6305,2019-12-30,3325,3325,09:00,3265,09:36,3285,543600株,1787百万円,-30,-0.90,3287.693円,810回,7066.53億円
6305,2020-01-06,3230,3295,10:34,3220,09:00,3280,927900株,3026百万円,-5,-0.15,3261.311円,1288回,7055.77億円
6305,2020-01-07,3295,3355,14:59,3285,09:19,3350,766000株,2552百万円,+70,+2.13,3331.454円,1082回,7206.35億円
6305,2020-01-08,3285,3330,13:26,3270,09:00,3320,1034200株,3416百万円,-30,-0.90,3302.75円,1476回,7141.82億円
6305,2020-01-09,3360,3375,09:00,3335,09:11,3345,870400株,2913百万円,+25,+0.75,3346.866円,1177回,7195.60億円
6305,2020-01-10,3390,3390,09:00,3325,09:15,3365,1072100株,3608百万円,+20,+0.60,3365.249円,1206回,7238.62億円
6305,2020-01-14,3370,3385,09:00,3350,09:00,3360,844300株,2839百万円,-5,-0.15,3362.169円,1042回,7227.87億円
6305,2020-01-15,3340,3350,09:00,3300,14:03,3320,641800株,2134百万円,-40,-1.19,3324.682円,955回,7141.82億円
6305,2020-01-16,3255,3285,09:00,3120,09:00,3260,1580000株,5131百万円,-60,-1.81,3247.769円,2086回,7012.75億円
6305,2020-01-17,3275,3315,09:17,3265,10:42,3305,760000株,2503百万円,+45,+1.38,3293.153円,889回,7109.55億円
6305,2020-01-20,3295,3340,14:45,3295,09:00,3330,298800株,993百万円,+25,+0.76,3322.505円,548回,7163.33億円
6305,2020-01-21,3345,3350,09:01,3275,13:30,3285,537300株,1770百万円,-45,-1.35,3293.817円,593回,7066.53億円
6305,2020-01-22,3260,3325,14:58,3245,09:00,3315,395700株,1307百万円,+30,+0.91,3303.309円,603回,7131.06億円
6305,2020-01-23,3265,3285,09:00,3235,13:15,3240,573300株,1862百万円,-75,-2.26,3248.259円,858回,6969.73億円
6305,2020-01-24,3250,3265,09:03,3240,09:36,3245,368200株,1196百万円,+5,+0.15,3248.666円,550回,6980.48億円
6305,2020-01-27,3175,3200,09:01,3145,09:08,3170,852900株,2706百万円,-75,-2.31,3173.119円,1148回,6819.15億円
6305,2020-01-28,3110,3140,14:47,3095,11:02,3120,814900株,2540百万円,-50,-1.58,3117.302円,1015回,6711.59億円
6305,2020-01-29,3140,3160,09:49,3105,14:59,3110,842900株,2635百万円,-10,-0.32,3126.043円,1693回,6690億円
6305,2020-01-30,3010,3050,09:04,2907,14:17,2938,2349000株,6954百万円,-172,-5.53,2960.26円,5930回,6320億円
6305,2020-01-31,2940,3035,10:07,2940,09:00,2995,1179500株,3530百万円,+57,+1.94,2993.043円,2597回,6443億円
6305,2020-02-03,2895,2971,14:30,2875,09:05,2966,889000株,2616百万円,-29,-0.97,2942.795円,2621回,6380億円
6305,2020-02-04,2920,2938,10:58,2896,09:43,2924,917200株,2680百万円,-42,-1.42,2922.078円,2319回,6290億円
6305,2020-02-05,2980,3005,13:36,2958,10:01,2997,985500株,2946百万円,+73,+2.50,2989.759円,2272回,6447億円
6305,2020-02-06,3080,3130,14:33,3045,09:06,3110,1064400株,3300百万円,+113,+3.77,3100.176円,1546回,6690億円
6305,2020-02-07,3100,3110,09:00,3025,11:16,3025,797900株,2427百万円,-85,-2.73,3041.7円,1012回,6507億円
6305,2020-02-10,2985,3040,11:21,2964,09:00,3010,610300株,1837百万円,-15,-0.50,3010.527円,785回,6475億円
6305,2020-02-10,3030,3070,12:36,3015,09:00,3060,841700株,2566百万円,+50,+1.66,3048.872円,1119回,6583億円
6305,2020-02-13,3070,3110,11:24,3050,09:06,3090,709800株,2190百万円,+30,+0.98,3085.963円,914回,6647億円
6305,2020-02-14,3075,3075,09:00,3015,10:30,3045,665100株,2025百万円,-45,-1.46,3043.926円,738回,6550億円
6305,2020-02-17,3020,3025,14:45,2992,12:50,3020,596800株,1796百万円,-25,-0.82,3009.063円,995回,6496億円
6305,2020-02-17,3010,3015,09:00,2929,13:00,2950,637300株,1887百万円,-70,-2.32,2960.851円,1575回,6346億円
6305,2020-02-18,2950,2978,13:25,2933,14:59,2936,744700株,2195百万円,-14,-0.47,2947.165円,1759回,6316億円
6305,2020-02-20,2984,3010,09:52,2947,12:52,2952,748600株,2225百万円,+16,+0.54,2971.904円,2036回,6350億円
6305,2020-02-21,2936,2973,09:10,2929,11:26,2953,676100株,1995百万円,+1,+0.03,2950.386円,1447回,6352億円
6305,2020-02-25,2807,2882,09:40,2796,09:06,2873,1015100株,2901百万円,-80,-2.71,2857.763円,2897回,6180億円
6305,2020-02-26,2829,2862,14:57,2801,11:02,2861,842900株,2399百万円,-12,-0.42,2845.539円,2126回,6154億円
6305,2020-02-27,2831,2831,09:00,2750,13:59,2750,1045300株,2898百万円,-111,-3.88,2771.934円,2715回,5916億円
6305,2020-02-28,2681,2706,09:06,2636,14:29,2663,1658800株,4422百万円,-87,-3.16,2665.711円,3818回,5729億円
6305,2020-03-02,2620,2730,12:30,2610,09:02,2667,1338600株,3571百万円,+4,+0.15,2667.574円,3862回,5737億円
6305,2020-03-03,2713,2735,09:09,2625,15:00,2625,1071400株,2861百万円,-42,-1.57,2670.112円,2739回,5647億円
6305,2020-03-04,2589,2635,10:30,2576,09:00,2621,818400株,2143百万円,-4,-0.15,2618.671円,2097回,5638億円
6305,2020-03-05,2666,2766,10:22,2650,09:00,2712,1699600株,4603百万円,+91,+3.47,2708.511円,4149回,5834億円
6305,2020-03-06,2662,2685,09:17,2598,13:05,2621,1610400株,4231百万円,-91,-3.36,2627.302円,3004回,5638億円
6305,2020-03-06,2490,2502,09:10,2381,11:30,2424,1589200株,3856百万円,-197,-7.52,2426.587円,4238回,5214億円
6305,2020-03-10,2358,2448,14:39,2306,09:11,2441,1932000株,4634百万円,+17,+0.70,2398.485円,5822回,5251億円
6305,2020-03-11,2436,2535,10:13,2430,09:00,2437,1400200株,3456百万円,-4,-0.16,2468.332円,3699回,5242億円
6305,2020-03-12,2383,2399,09:54,2258,12:58,2279,1457400株,3365百万円,-158,-6.48,2309.055円,3922回,4902億円
6305,2020-03-13,2040,2224,14:18,2040,09:12,2134,2193200株,4610百万円,-145,-6.36,2101.928円,4073回,4591億円
6305,2020-03-16,2169,2198,14:10,2063,14:59,2074,1538100株,3242百万円,-60,-2.81,2107.504円,4426回,4461億円
6305,2020-03-17,2025,2095,10:34,1959,09:07,2028,2467700株,4998百万円,-46,-2.22,2025.424円,6890回,4363億円
6305,2020-03-18,2030,2156,12:52,1990,09:01,2069,2060500株,4308百万円,+41,+2.02,2090.677円,5188回,4451億円
6305,2020-03-19,2119,2126,09:01,1840,13:32,1901,2531200株,4903百万円,-168,-8.12,1936.847円,7020回,4089億円
