6326,2019-08-06,1676.5,1678.5,09:01,1637.5,12:30,1657.5,4412100株,7317百万円,-32.5,-1.92,1658.388円,6203回
6326,2019-08-06,1598.5,1639.0,14:19,1586.5,09:03,1629.5,3814200株,6146百万円,-28.0,-1.69,1611.454円,6074回
6326,2019-08-07,1633.5,1654.5,12:39,1625.0,09:01,1651.5,3095000株,5100百万円,+22.0,+1.35,1647.869円,4622回
6326,2019-08-08,1615.5,1619.5,09:00,1553.0,09:07,1583.5,6414600株,10176百万円,-68.0,-4.12,1586.421円,9101回
6326,2019-08-09,1584.0,1586.5,09:00,1558.0,12:42,1561.0,4102500株,6422百万円,-22.5,-1.42,1565.317円,5649回
6326,2019-08-13,1544.5,1547.0,09:00,1514.5,11:06,1520.0,4913100株,7479百万円,-41.0,-2.63,1522.224円,6623回
6326,2019-08-14,1538.0,1542.0,09:00,1520.5,10:00,1527.0,2744900株,4187百万円,+7.0,+0.46,1525.413円,4225回
6326,2019-08-15,1499.0,1524.0,14:33,1485.5,09:04,1518.0,2740900株,4137百万円,-9.0,-0.59,1509.295円,4307回
6326,2019-08-16,1517.5,1529.5,09:59,1512.0,09:09,1514.5,2244700株,3406百万円,-3.5,-0.23,1517.499円,3895回
6326,2019-08-19,1531.5,1542.5,10:07,1526.0,09:00,1530.5,2603800株,3991百万円,+16.0,+1.06,1532.725円,5117回
6326,2019-08-20,1537.0,1553.5,09:45,1535.5,09:00,1543.0,2205200株,3405百万円,+12.5,+0.82,1544.121円,4320回
6326,2019-08-21,1523.5,1546.0,12:36,1520.5,09:00,1540.5,2313800株,3552百万円,-2.5,-0.16,1535.305円,4841回
6326,2019-08-22,1564.0,1567.5,09:04,1541.5,12:54,1546.5,3271200株,5078百万円,+6.0,+0.39,1552.227円,5504回
6326,2019-08-23,1531.5,1543.5,09:55,1522.0,09:04,1530.0,2479900株,3801百万円,-16.5,-1.07,1532.921円,4116回
6326,2019-08-26,1484.0,1509.5,13:02,1480.5,09:22,1503.5,3146400株,4710百万円,-26.5,-1.73,1496.94円,3073回
6326,2019-08-26,1503.5,1514.5,09:00,1494.0,09:58,1501.0,3039700株,4561百万円,-2.5,-0.17,1500.541円,2907回
6326,2019-08-28,1498.5,1505.5,10:09,1494.5,09:28,1498.0,1870800株,2805百万円,-3.0,-0.20,1499.413円,3144回
6326,2019-08-29,1510.0,1518.0,09:01,1494.0,10:57,1501.5,2493800株,3747百万円,+3.5,+0.23,1502.454円,3288回
6326,2019-08-30,1502.0,1530.5,12:30,1500.5,09:00,1525.0,2726300株,4149百万円,+23.5,+1.57,1521.921円,3541回
6326,2019-09-02,1515.5,1529.0,09:20,1510.5,09:05,1516.5,1697500株,2576百万円,-8.5,-0.56,1517.646円,2656回
6326,2019-09-03,1519.0,1536.5,11:04,1518.0,09:00,1528.0,1607200株,2459百万円,+11.5,+0.76,1529.852円,2402回
6326,2019-09-03,1521.0,1526.0,09:00,1509.5,09:47,1516.0,3505000株,5318百万円,-12.0,-0.79,1517.34円,4038回
6326,2019-09-05,1528.0,1559.5,14:23,1525.5,09:00,1555.5,3797800株,5875百万円,+39.5,+2.61,1546.962円,4138回
6326,2019-09-05,1561.0,1570.5,09:03,1553.0,10:42,1563.5,3068500株,4790百万円,+8.0,+0.51,1560.9円,3765回
6326,2019-09-07,1572.5,1583.0,13:26,1568.5,10:48,1582.5,2360500株,3728百万円,+19.0,+1.22,1579.252円,2606回
6326,2019-09-10,1579.5,1585.0,09:34,1558.0,12:35,1570.5,4080400株,6410百万円,-12.0,-0.76,1570.998円,6412回
6326,2019-09-11,1592.5,1643.0,14:59,1587.0,09:08,1642.0,4457900株,7255百万円,+71.5,+4.55,1627.489円,5229回
6326,2019-09-12,1655.0,1664.0,09:03,1637.0,11:08,1645.5,3209400株,5290百万円,+3.5,+0.21,1648.154円,3738回
6326,2019-09-13,1685.5,1689.0,14:59,1654.5,09:18,1687.5,5646300株,9490百万円,+42.0,+2.55,1680.724円,4226回
6326,2019-09-17,1687.0,1704.5,10:41,1678.0,09:02,1693.0,2557700株,4330百万円,+5.5,+0.33,1692.852円,2933回
6326,2019-09-17,1695.5,1705.5,09:01,1683.0,10:05,1694.0,1550000株,2622百万円,+1.0,+0.06,1691.659円,2356回,20879.51億円
6326,2019-09-19,1703.5,1730.0,09:30,1695.5,12:42,1700.0,2889800株,4932百万円,+6.0,+0.35,1706.8円,4072回,20953.47億円
6326,2019-09-20,1683.0,1697.0,09:05,1673.0,09:00,1691.5,3819200株,6450百万円,-8.5,-0.50,1688.857円,3348回,20848.70億円
6326,2019-09-24,1689.5,1693.5,09:32,1672.5,13:24,1676.5,3522100株,5917百万円,-15.0,-0.89,1679.827円,4063回,20663.82億円
6326,2019-09-25,1662.0,1669.0,14:45,1647.0,09:02,1666.5,2940000株,4886百万円,-10.0,-0.60,1661.77円,4559回,20540.56億円
6326,2019-09-26,1698.0,1699.0,09:00,1656.5,14:58,1662.0,3549900株,5933百万円,-4.5,-0.27,1671.343円,4069回,20485.09億円
6326,2019-09-27,1663.5,1674.0,09:03,1630.0,12:30,1653.5,2981200株,4912百万円,-8.5,-0.51,1647.509円,4026回,20380.33億円
6326,2019-09-30,1653.0,1674.0,09:21,1625.0,13:05,1634.5,3725200株,6103百万円,-19.0,-1.15,1638.363円,3970回,19950.33億円
6326,2019-10-01,1638.0,1662.0,10:26,1634.0,09:05,1651.5,1649900株,2723百万円,+17.0,+1.04,1650.32円,2355回,20157.83億円
6326,2019-10-02,1615.0,1620.5,09:00,1585.5,11:07,1590.0,3490100株,5563百万円,-61.5,-3.72,1593.956円,5577回,19407.17億円
6326,2019-10-03,1535.0,1557.0,12:35,1526.0,09:05,1557.0,3207400株,4961百万円,-33.0,-2.08,1546.859円,4435回,19004.38億円
6326,2019-10-04,1565.0,1570.5,09:01,1551.0,10:27,1555.5,2671400株,4158百万円,-1.5,-0.10,1556.541円,3722回,18986.07億円
6326,2019-10-07,1553.5,1564.5,09:04,1543.0,10:25,1557.0,2113700株,3285百万円,+1.5,+0.10,1554.199円,2774回,19004.38億円
6326,2019-10-08,1541.5,1565.5,11:23,1541.5,09:00,1558.0,4084600株,6345百万円,+1.0,+0.06,1553.37円,5495回,19016.59億円
6326,2019-10-09,1527.0,1549.5,10:04,1524.5,09:00,1544.0,3240200株,4995百万円,-14.0,-0.90,1541.604円,4708回,18845.71億円
6326,2019-10-10,1546.5,1563.5,14:42,1531.5,09:30,1562.0,2419500株,3761百万円,+18.0,+1.17,1554.426円,4562回,19065.41億円
6326,2019-10-11,1583.0,1609.0,14:59,1576.0,09:00,1608.5,3475200株,5549百万円,+46.5,+2.98,1596.644円,4893回,19632.98億円
6326,2019-10-15,1657.0,1661.0,09:03,1634.0,14:19,1644.5,4854000株,7996百万円,+36.0,+2.24,1647.296円,5829回,20072.39億円
6326,2019-10-16,1680.0,1711.0,09:06,1671.0,12:30,1682.5,3979000株,6704百万円,+38.0,+2.31,1684.956円,5097回,20536.21億円
6326,2019-10-17,1680.0,1688.5,13:19,1674.0,09:04,1684.5,2155500株,3629百万円,+2.0,+0.12,1683.776円,2894回,20560.62億円
6326,2019-10-18,1704.5,1720.5,11:07,1695.5,09:02,1716.0,3905800株,6688百万円,+31.5,+1.87,1712.437円,4358回,20945.10億円
6326,2019-10-21,1717.0,1739.5,14:54,1707.5,09:18,1739.5,2661900株,4602百万円,+23.5,+1.37,1728.693円,3493回,21231.93億円
6326,2019-10-23,1749.0,1752.0,09:00,1720.0,12:37,1735.0,2669800株,4628百万円,-4.5,-0.26,1733.553円,3464回,21177.01億円
6326,2019-10-24,1759.0,1775.5,12:48,1752.0,09:00,1768.5,2267200株,4004百万円,+33.5,+1.93,1766.129円,3123回,21585.90億円
6326,2019-10-25,1772.0,1774.0,09:00,1749.0,09:18,1772.5,1976600株,3491百万円,+4.0,+0.23,1766.197円,2946回,21634.72億円
6326,2019-10-28,1781.5,1784.0,09:00,1767.0,09:31,1769.5,1387300株,2460百万円,-3.0,-0.17,1773.15円,2585回,21598.11億円
6326,2019-10-29,1787.5,1789.0,14:58,1770.5,09:17,1786.0,1718900株,3067百万円,+16.5,+0.93,1784.208円,2251回,21799.50億円
6326,2019-10-30,1780.5,1782.5,09:00,1739.0,14:44,1742.5,3025500株,5296百万円,-43.5,-2.44,1750.524円,3870回,21268.55億円
6326,2019-10-31,1752.0,1752.0,09:00,1728.5,11:19,1732.0,2828800株,4909百万円,-10.5,-0.60,1735.202円,3369回,21140.39億円
6326,2019-11-01,1697.0,1712.0,09:19,1689.5,13:31,1697.5,3519500株,5980百万円,-34.5,-1.99,1699.04円,4447回,20719.29億円
6326,2019-11-05,1777.5,1778.5,09:03,1726.0,11:30,1752.0,4176500株,7319百万円,+54.5,+3.21,1752.436円,6071回,21384.51億円
6326,2019-11-06,1788.0,1791.5,09:00,1756.5,09:09,1782.0,3966200株,7040百万円,+30.0,+1.71,1775.107円,6632回,21750.68億円
6326,2019-11-07,1772.0,1785.5,10:33,1771.0,09:00,1776.0,2923100株,5198百万円,-6.0,-0.34,1778.326円,4713回,21677.44億円
6326,2019-11-08,1791.0,1792.0,09:02,1730.5,09:31,1741.5,5485200株,9624百万円,-34.5,-1.94,1754.48円,8345回,21256.35億円
6326,2019-11-11,1752.5,1772.5,09:04,1711.5,13:12,1715.5,3538500株,6126百万円,-26.0,-1.49,1731.207円,6878回,20939.00億円
6326,2019-11-12,1720.0,1728.5,14:57,1710.0,09:04,1728.0,3865100株,6653百万円,+12.5,+0.73,1721.351円,4878回,21091.57億円
6326,2019-11-13,1712.0,1723.5,09:02,1679.5,14:50,1681.0,3860400株,6548百万円,-47.0,-2.72,1696.296円,6032回,20517.90億円
6326,2019-11-14,1658.5,1661.5,09:00,1631.5,09:45,1645.0,4894000株,8049百万円,-33.5,-2.00,1644.597円,6169回,20078.49億円
6326,2019-11-15,1654.5,1674.0,10:18,1646.0,09:04,1670.0,2644900株,4407百万円,+25.0,+1.52,1666.241円,4041回,20383.63億円
6326,2019-11-18,1662.0,1688.5,12:30,1661.0,09:00,1679.0,1897500株,3184百万円,+9.0,+0.54,1678.153円,3552回,20493.49億円
6326,2019-11-19,1679.0,1689.0,11:30,1670.5,09:03,1687.5,1941500株,3269百万円,+8.5,+0.51,1683.679円,3064回,20597.23億円
6326,2019-11-20,1669.5,1681.5,09:39,1658.0,09:00,1670.5,3132700株,5229百万円,-17.0,-1.01,1669.309円,5541回,20389.74億円
6326,2019-11-21,1675.0,1684.5,14:59,1653.0,10:42,1683.5,3808200株,6372百万円,+13.0,+0.78,1673.284円,5979回,20548.41億円
6326,2019-11-22,1695.0,1712.0,12:34,1695.0,09:00,1704.0,2573800株,4387百万円,+20.5,+1.22,1704.67円,3752回,20798.63億円
6326,2019-11-25,1719.5,1724.5,14:59,1713.5,09:03,1724.5,2325200株,4000百万円,+20.5,+1.20,1720.214円,3218回,21048.85億円
6326,2019-11-26,1731.5,1735.0,09:00,1691.5,12:56,1698.0,5238000株,8939百万円,-26.5,-1.54,1706.525円,5276回,20725.39億円
6326,2019-11-27,1714.0,1724.0,09:25,1705.5,10:40,1708.5,2165200株,3709百万円,+10.5,+0.62,1713.092円,4051回,20853.56億円
6326,2019-11-28,1684.0,1694.5,09:02,1674.0,09:52,1684.5,3112100株,5237百万円,-24.0,-1.40,1682.77円,4470回,20560.62億円
6326,2019-11-29,1684.0,1700.5,09:37,1682.0,14:38,1688.5,2561000株,4328百万円,+4.0,+0.24,1690.116円,3352回,20609.44億円
6326,2019-12-02,1704.5,1728.0,14:04,1694.0,09:04,1725.5,2177200株,3743百万円,+37.0,+2.19,1719.309円,3255回,21061.05億円
6326,2019-12-03,1709.0,1716.5,09:53,1700.5,09:05,1707.0,2175600株,3714百万円,-18.5,-1.07,1707.316円,3057回,20835.25億円
6326,2019-12-05,1702.0,1704.5,13:37,1691.5,10:21,1703.0,2441500株,4152百万円,+6.5,+0.38,1700.682円,3714回,20786.42億円
6326,2019-12-06,1719.0,1726.5,09:56,1711.0,13:10,1713.0,1689000株,2899百万円,+10.0,+0.59,1716.571円,2653回,20908.48億円
6326,2019-12-09,1733.5,1733.5,09:00,1711.0,10:08,1732.5,1951300株,3370百万円,+19.5,+1.14,1727.287円,2557回,21146.49億円
6326,2019-12-10,1726.5,1727.5,09:00,1714.0,09:24,1722.0,2100300株,3615百万円,-10.5,-0.61,1721.225円,2480回,21018.33億円
6326,2019-12-13,1793.0,1796.5,09:04,1768.5,10:46,1791.5,4615600株,8256百万円,+54.5,+3.14,1788.742円,4814回,21866.63億円
6326,2019-12-16,1785.0,1793.0,09:47,1778.0,09:07,1786.0,1717300株,3069百万円,-5.5,-0.31,1786.993円,3326回,21799.50億円
6326,2019-12-17,1800.0,1804.0,09:00,1765.5,09:32,1787.0,2517700株,4492百万円,+1.0,+0.06,1784.278円,3558回,21811.71億円
6326,2019-12-18,1801.0,1801.0,09:00,1774.0,14:06,1781.0,2298800株,4100百万円,-6.0,-0.34,1783.726円,3878回,21738.47億円
6326,2019-12-19,1774.0,1782.5,09:01,1761.5,14:44,1763.5,2234000株,3950百万円,-17.5,-0.98,1768.322円,3623回,21524.87億円
6326,2019-12-20,1765.0,1767.0,09:00,1737.5,10:39,1738.5,4461000株,7777百万円,-25.0,-1.42,1743.355円,5406回,21219.73億円
6326,2019-12-23,1755.5,1756.5,09:00,1732.5,14:25,1738.5,1871600株,3257百万円,0,0,1740.401円,4211回,21219.73億円
6326,2019-12-24,1744.5,1750.5,09:00,1740.0,09:37,1744.0,1150100株,2006百万円,+5.5,+0.32,1744.442円,1880回,21286.86億円
6326,2019-12-25,1734.5,1742.0,09:00,1726.5,12:31,1734.0,826600株,1433百万円,-10.0,-0.57,1733.999円,1281回,21164.80億円
6326,2019-12-26,1729.5,1744.5,09:35,1727.5,09:00,1739.5,1568000株,2724百万円,+5.5,+0.32,1737.273円,2515回,21231.93億円
6326,2019-12-27,1736.5,1741.5,13:19,1728.0,09:03,1735.5,1292800株,2243百万円,-4.0,-0.23,1734.67円,2034回,21183.11億円
6326,2019-12-30,1730.5,1730.5,09:00,1718.5,09:10,1726.0,1524400株,2632百万円,-9.5,-0.55,1726.262円,2515回,21067.16億円
6326,2020-01-06,1714.0,1714.0,09:00,1684.5,11:24,1693.5,2659000株,4511百万円,-32.5,-1.88,1696.538円,3739回,20670.47億円
6326,2020-01-07,1699.5,1712.5,11:30,1687.5,09:16,1705.0,2122900株,3617百万円,+11.5,+0.68,1703.632円,2839回,20810.84億円
6326,2020-01-08,1675.5,1693.5,13:34,1649.5,10:38,1686.5,3676300株,6155百万円,-18.5,-1.09,1674.165円,5852回,20585.03億円
6326,2020-01-09,1720.0,1724.5,09:00,1695.5,09:28,1703.5,2162200株,3687百万円,+17.0,+1.01,1705.074円,3147回,20792.53億円
6326,2020-01-10,1710.5,1715.5,09:04,1702.5,09:16,1706.0,1724800株,2946百万円,+2.5,+0.15,1708.126円,2530回,20823.04億円
6326,2020-01-14,1727.0,1731.5,09:01,1709.5,12:53,1722.0,2751800株,4736百万円,+16.0,+0.94,1721.047円,4500回,21018.33億円
6326,2020-01-15,1704.0,1713.0,09:11,1695.0,14:04,1702.0,3213200株,5469百万円,-20.0,-1.16,1702.197円,4981回,20774.22億円
6326,2020-01-16,1702.0,1703.0,14:59,1688.5,09:12,1703.0,2209000株,3752百万円,+1.0,+0.06,1698.717円,3304回,20786.42億円
6326,2020-01-17,1707.0,1729.5,11:16,1706.0,09:04,1728.0,2198800株,3787百万円,+25.0,+1.47,1722.103円,2976回,21091.57億円
6326,2020-01-20,1741.5,1757.0,14:34,1741.5,09:00,1755.5,1674100株,2934百万円,+27.5,+1.59,1752.372円,2388回,21427.23億円
6326,2020-01-21,1755.5,1774.0,10:04,1754.5,09:00,1769.0,2123700株,3752百万円,+13.5,+0.77,1766.944円,2743回,21592.00億円
6326,2020-01-22,1767.0,1786.5,10:01,1759.5,09:00,1785.5,2825600株,5026百万円,+16.5,+0.93,1778.904円,3878回,21793.40億円
6326,2020-01-23,1773.0,1782.0,09:10,1760.5,13:06,1768.5,2809700株,4970百万円,-17.0,-0.95,1769.014円,3906回,21585.90億円
6326,2020-01-24,1797.0,1797.0,09:00,1765.5,09:03,1789.0,3481800株,6227百万円,+20.5,+1.16,1788.568円,3948回,21836.12億円
6326,2020-01-27,1747.5,1764.5,10:07,1736.5,14:56,1740.5,1987900株,3471百万円,-48.5,-2.71,1746.02円,2815回,21244.14億円
6326,2020-01-28,1712.5,1718.5,09:00,1693.5,09:18,1708.0,2039100株,3482百万円,-32.5,-1.87,1707.445円,2996回,20847.45億円
6326,2020-01-29,1722.0,1740.0,14:59,1716.0,09:10,1739.5,1799000株,3117百万円,+31.5,+1.84,1732.418円,2417回,21232億円
6326,2020-01-30,1749.0,1759.5,09:17,1716.0,14:16,1721.5,3097200株,5365百万円,-18.0,-1.03,1732.205円,3678回,21012億円
6326,2020-01-31,1738.0,1761.0,10:14,1730.0,09:26,1740.5,1849800株,3224百万円,+19.0,+1.10,1742.791円,2986回,21244億円
6326,2020-02-03,1705.5,1740.5,14:30,1702.0,09:01,1738.0,2283300株,3953百万円,-2.5,-0.14,1731.386円,4154回,21214億円
6326,2020-02-04,1737.5,1738.0,09:00,1716.0,09:08,1733.0,2345500株,4061百万円,-5.0,-0.29,1731.598円,3388回,21153億円
6326,2020-02-05,1766.5,1778.5,14:32,1747.5,09:03,1776.0,2167700株,3836百万円,+43.0,+2.48,1769.523円,2948回,21677億円
6326,2020-02-06,1812.5,1818.5,09:00,1795.5,09:58,1811.5,3027500株,5479百万円,+35.5,+2.00,1809.802円,3435回,22111億円
6326,2020-02-07,1813.0,1813.5,09:00,1775.0,12:30,1791.5,2204200株,3945百万円,-20.0,-1.10,1789.977円,3456回,21867億円
6326,2020-02-10,1772.0,1785.5,14:46,1765.0,10:07,1779.0,1868100株,3321百万円,-12.5,-0.70,1777.697円,3386回,21714億円
6326,2020-02-10,1794.0,1796.5,09:00,1761.5,13:09,1768.5,2753500株,4882百万円,-10.5,-0.59,1772.979円,3955回,21586億円
6326,2020-02-13,1754.0,1755.5,09:00,1727.0,10:05,1751.0,2584600株,4512百万円,-17.5,-0.99,1745.569円,4051回,21372億円
6326,2020-02-14,1743.5,1746.0,09:00,1704.0,12:35,1716.5,3127200株,5371百万円,-34.5,-1.97,1717.459円,4373回,20951億円
