6472,2019-08-06,290,291,09:00,280,12:37,283,4849200株,1377百万円,-8,-2.75,283.885円,1730回
6472,2019-08-06,275,282,14:17,272,09:01,281,6126600株,1704百万円,-2,-0.71,278.11円,1914回
6472,2019-08-07,278,280,09:00,273,13:17,273,5450100株,1503百万円,-8,-2.85,275.802円,2538回
6472,2019-08-08,272,274,09:01,268,09:32,270,5271700株,1423百万円,-3,-1.10,269.856円,2119回
6472,2019-08-09,276,276,09:00,269,12:33,270,3122000株,848百万円,0,0,271.684円,868回
6472,2019-08-13,266,268,09:00,259,12:41,259,6405500株,1675百万円,-11,-4.07,261.473円,1890回
6472,2019-08-14,267,271,09:02,266,09:14,268,5275400株,1413百万円,+9,+3.47,267.844円,1995回
6472,2019-08-15,260,264,13:54,259,09:00,264,4588100株,1200百万円,-4,-1.49,261.538円,1674回
6472,2019-08-16,260,262,09:01,259,10:37,261,3430500株,895百万円,-3,-1.14,260.96円,1113回
6472,2019-08-19,265,270,12:30,264,09:00,268,3275300株,876百万円,+7,+2.68,267.602円,1401回
6472,2019-08-20,274,276,13:08,271,10:18,275,4318500株,1182百万円,+7,+2.61,273.786円,1157回
6472,2019-08-21,271,274,09:03,270,09:25,273,2297300株,625百万円,-2,-0.73,272.206円,835回
6472,2019-08-22,277,279,09:01,275,14:55,276,3052300株,844百万円,+3,+1.10,276.406円,1200回
6472,2019-08-23,276,279,10:06,275,09:04,277,3243500株,897百万円,+1,+0.36,276.587円,876回
6472,2019-08-26,270,271,09:20,267,10:15,269,4190800株,1126百万円,-8,-2.89,268.663円,1164回
6472,2019-08-26,272,277,10:56,272,09:00,275,3634900株,998百万円,+6,+2.23,274.466円,1276回
6472,2019-08-28,274,274,09:00,270,10:55,271,2253900株,612百万円,-4,-1.45,271.362円,854回
6472,2019-08-29,273,275,13:44,270,10:32,273,1961100株,535百万円,+2,+0.74,272.842円,1193回
6472,2019-08-30,277,283,14:58,276,09:00,282,3512800株,983百万円,+9,+3.30,279.828円,1373回
6472,2019-09-02,282,288,11:08,282,09:00,287,2704800株,770百万円,+5,+1.77,284.806円,1477回
6472,2019-09-03,286,294,10:27,286,09:00,288,3254000株,944百万円,+1,+0.35,289.977円,1419回
6472,2019-09-03,282,283,09:00,279,09:07,281,2356700株,662百万円,-7,-2.43,280.704円,1250回
6472,2019-09-05,286,296,10:58,286,09:00,295,4316400株,1263百万円,+14,+4.98,292.663円,1662回
6472,2019-09-05,300,300,09:00,294,10:31,299,3583100株,1066百万円,+4,+1.36,297.556円,1243回
6472,2019-09-07,299,303,13:23,294,09:25,302,3981400株,1193百万円,+3,+1.00,299.638円,1115回
6472,2019-09-10,309,317,14:25,309,09:00,317,5957500株,1868百万円,+15,+4.97,313.609円,2001回
6472,2019-09-11,322,324,09:00,318,09:47,322,4625200株,1483百万円,+5,+1.58,320.643円,1401回
6472,2019-09-12,324,327,09:03,319,09:24,325,4907800株,1591百万円,+3,+0.93,324.146円,1548回
6472,2019-09-13,328,328,09:00,319,10:23,327,6397900株,2075百万円,+2,+0.62,324.367円,1804回
6472,2019-09-17,326,329,10:39,322,09:07,328,3778300株,1234百万円,+1,+0.31,326.543円,1709回
6472,2019-09-17,324,325,09:00,319,09:15,323,4325100株,1393百万円,-5,-1.52,322.102円,1416回,1719.86億円
6472,2019-09-19,323,328,10:06,316,14:59,316,6495200株,2090百万円,-7,-2.17,321.845円,1513回,1682.58億円
6472,2019-09-20,315,317,10:32,310,09:02,315,4678100株,1470百万円,-1,-0.32,314.201円,1437回,1677.26億円
6472,2019-09-24,316,323,09:22,315,09:00,317,4054800株,1295百万円,+2,+0.63,319.398円,1736回,1687.91億円
6472,2019-09-25,316,320,12:57,312,09:00,320,4321000株,1371百万円,+3,+0.95,317.302円,876回,1703.88億円
6472,2019-09-26,325,328,09:03,320,14:51,323,5760200株,1867百万円,+3,+0.94,324.152円,1648回,1719.86億円
6472,2019-09-27,314,316,09:04,305,11:05,312,5695800株,1767百万円,-11,-3.41,310.172円,1830回,1661.29億円
6472,2019-09-30,312,315,09:31,308,13:34,310,4123300株,1281百万円,-2,-0.64,310.73円,1578回,1650.64億円
6472,2019-10-01,312,322,14:27,312,09:00,322,3796100株,1212百万円,+12,+3.87,319.269円,1286回,1714.53億円
6472,2019-10-02,316,318,09:14,314,09:00,317,2745500株,868百万円,-5,-1.55,316.219円,1030回,1687.91億円
6472,2019-10-03,309,311,09:19,305,10:42,309,3403100株,1049百万円,-8,-2.52,308.366円,1096回,1645.31億円
6472,2019-10-04,313,313,09:00,308,10:38,310,2670000株,828百万円,+1,+0.32,310.212円,875回,1650.64億円
6472,2019-10-07,311,312,09:02,307,11:16,309,2468300株,763百万円,-1,-0.32,309.314円,865回,1645.31億円
6472,2019-10-08,313,318,11:07,312,09:00,315,2992700株,942百万円,+6,+1.94,314.907円,1128回,1677.26億円
6472,2019-10-09,310,312,11:03,308,09:07,310,3134000株,971百万円,-5,-1.59,309.842円,1216回,1650.64億円
6472,2019-10-10,310,314,14:32,306,09:26,313,3646100株,1129百万円,+3,+0.97,309.731円,1988回,1666.61億円
6472,2019-10-11,317,322,13:06,315,09:03,322,3687900株,1177百万円,+9,+2.88,319.141円,1189回,1714.53億円
6472,2019-10-15,330,333,09:03,327,14:24,328,4926500株,1626百万円,+6,+1.86,330.101円,1499回,1746.48億円
6472,2019-10-16,333,337,09:07,326,14:29,328,3969500株,1313百万円,0,0,330.681円,1308回,1746.48億円
6472,2019-10-17,326,327,09:00,319,09:54,325,3623000株,1170百万円,-3,-0.91,323.028円,1115回,1730.51億円
6472,2019-10-18,323,328,09:03,323,09:00,327,4830100株,1574百万円,+2,+0.62,325.771円,1679回,1741.16億円
6472,2019-10-21,326,326,09:00,317,09:33,325,3879500株,1251百万円,-2,-0.61,322.363円,1091回,1730.51億円
6472,2019-10-23,327,334,12:34,323,09:09,334,5615900株,1854百万円,+9,+2.77,330.095円,1346回,1778.43億円
6472,2019-10-24,337,346,11:18,337,09:00,344,5292700株,1815百万円,+10,+2.99,342.957円,1624回,1831.67億円
6472,2019-10-25,340,341,09:00,332,13:46,336,5278200株,1771百万円,-8,-2.33,335.515円,1831回,1789.08億円
6472,2019-10-28,337,342,09:04,337,09:00,340,4598900株,1562百万円,+4,+1.19,339.566円,1832回,1810.38億円
6472,2019-10-29,343,348,10:05,341,09:01,346,5390300株,1858百万円,+6,+1.76,344.689円,2200回,1842.32億円
6472,2019-10-30,341,342,09:00,336,13:35,338,5827800株,1971百万円,-8,-2.31,338.2円,2160回,1799.73億円
6472,2019-10-31,330,341,09:22,328,09:00,339,5127900株,1726百万円,+1,+0.30,336.672円,1681回,1805.05億円
6472,2019-11-01,316,326,09:49,315,09:06,319,8646700株,2774百万円,-20,-5.90,320.786円,2924回,1698.56億円
6472,2019-11-05,330,343,13:10,330,09:03,338,6943500株,2349百万円,+19,+5.96,338.25円,2524回,1799.73億円
6472,2019-11-06,343,347,09:07,343,09:00,346,4356200株,1503百万円,+8,+2.37,344.925円,1540回,1842.32億円
6472,2019-11-07,345,359,10:30,345,09:00,358,6033100株,2140百万円,+12,+3.47,354.642円,2272回,1906.22億円
6472,2019-11-08,366,369,09:01,360,11:08,368,7078700株,2592百万円,+10,+2.79,366.198円,2430回,1959.47億円
6472,2019-11-11,368,372,09:01,361,14:35,361,4008100株,1464百万円,-7,-1.90,365.162円,1606回,1922.19億円
6472,2019-11-12,360,364,14:56,356,09:01,363,2865300株,1034百万円,+2,+0.55,360.818円,1082回,1932.84億円
6472,2019-11-13,361,364,09:17,358,11:13,363,2602000株,940百万円,0,0,361.448円,1082回,1932.84億円
6472,2019-11-14,360,360,09:00,349,13:04,350,4549800株,1610百万円,-11,-3.05,353.786円,1310回,1863.62億円
6472,2019-11-15,351,357,14:02,347,09:00,355,2246100株,794百万円,+5,+1.43,353.322円,1159回,1890.25億円
6472,2019-11-18,358,358,09:00,348,14:53,349,3473700株,1221百万円,-6,-1.69,351.367円,1411回,1858.30億円
6472,2019-11-19,345,345,09:00,335,14:41,335,6258800株,2113百万円,-14,-4.01,337.607円,1721回,1783.75億円
6472,2019-11-20,332,333,09:19,324,12:58,325,6932500株,2270百万円,-10,-2.99,327.488円,2090回,1730.51億円
6472,2019-11-21,322,329,14:59,318,10:27,327,4918400株,1595百万円,+2,+0.62,324.221円,1965回,1741.16億円
6472,2019-11-22,329,335,10:23,329,09:00,329,3194700株,1056百万円,+2,+0.61,330.699円,1654回,1751.81億円
6472,2019-11-25,337,339,10:15,333,13:55,335,3373200株,1132百万円,+6,+1.82,335.595円,907回,1783.75億円
6472,2019-11-26,342,347,09:31,336,14:34,336,3755200株,1280百万円,+1,+0.30,340.775円,1244回,1789.08億円
6472,2019-11-27,338,342,12:44,337,09:00,340,2748700株,934百万円,+4,+1.19,339.808円,996回,1810.38億円
6472,2019-11-28,341,343,10:42,337,09:33,339,2242600株,762百万円,-1,-0.29,339.726円,922回,1805.05億円
6472,2019-11-29,342,344,09:00,339,12:30,339,2671900株,910百万円,0,0,340.623円,1025回,1805.05億円
6472,2019-12-02,339,346,13:08,338,09:00,346,2529300株,871百万円,+7,+2.06,344.385円,1213回,1842.32億円
6472,2019-12-03,336,341,12:31,335,09:03,337,2932300株,990百万円,-9,-2.60,337.739円,1502回,1794.40億円
6472,2019-12-05,341,344,09:00,340,14:59,341,3012500株,1031百万円,+8,+2.40,342.154円,1279回,1815.70億円
6472,2019-12-06,345,348,09:00,342,12:46,344,3206500株,1105百万円,+3,+0.88,344.52円,1020回,1831.67億円
6472,2019-12-09,353,355,09:03,351,09:09,354,3886200株,1372百万円,+10,+2.91,353.039円,1120回,1884.92億円
6472,2019-12-10,352,354,09:46,348,09:01,351,2596600株,913百万円,-3,-0.85,351.56円,1167回,1868.95億円
6472,2019-12-13,364,369,09:10,362,09:31,363,5383300株,1961百万円,+12,+3.42,364.337円,1523回,1932.84億円
6472,2019-12-16,365,366,09:00,361,10:09,362,2506400株,910百万円,-1,-0.28,363.215円,794回,1927.52億円
6472,2019-12-17,362,363,09:00,355,15:00,355,2362500株,845百万円,-7,-1.93,357.504円,788回,1890.25億円
6472,2019-12-18,359,359,09:00,345,13:57,346,3234900株,1132百万円,-9,-2.54,349.811円,1170回,1842.32億円
6472,2019-12-19,346,350,13:01,344,09:01,349,2697200株,938百万円,+3,+0.87,347.721円,1227回,1858.30億円
6472,2019-12-20,347,353,12:34,347,09:00,350,1934500株,677百万円,+1,+0.29,350.129円,790回,1863.62億円
6472,2019-12-23,352,355,09:23,345,14:11,345,2637500株,920百万円,-5,-1.43,348.956円,1450回,1837.00億円
6472,2019-12-24,348,350,09:23,345,14:53,346,1718400株,597百万円,+1,+0.29,347.351円,683回,1842.32億円
6472,2019-12-25,343,344,09:00,337,13:26,340,2385700株,813百万円,-6,-1.73,340.701円,759回,1810.38億円
6472,2019-12-26,339,348,14:59,339,09:00,348,2456600株,847百万円,+8,+2.35,344.675円,1000回,1852.97億円
6472,2019-12-27,352,353,09:00,346,14:15,348,1961200株,685百万円,0,0,349.494円,640回,1852.97億円
6472,2019-12-30,344,347,14:24,341,09:09,345,2161700株,744百万円,-3,-0.86,344.278円,798回,1837.00億円
6472,2020-01-06,331,340,14:03,330,09:03,337,3794400株,1274百万円,-8,-2.32,335.642円,1262回,1794.40億円
6472,2020-01-07,337,344,11:24,336,09:14,341,2394000株,815百万円,+4,+1.19,340.433円,1071回,1815.70億円
6472,2020-01-08,331,337,14:14,330,09:03,336,4423700株,1474百万円,-5,-1.47,333.315円,1443回,1789.08億円
6472,2020-01-09,343,344,09:00,339,11:00,339,2832400株,964百万円,+3,+0.89,340.368円,918回,1805.05億円
6472,2020-01-10,343,344,09:02,339,09:27,342,3106000株,1060百万円,+3,+0.88,341.216円,1039回,1821.03億円
6472,2020-01-14,344,347,09:01,339,14:02,343,3321300株,1139百万円,+1,+0.29,342.88円,931回,1826.35億円
6472,2020-01-15,343,346,09:27,340,11:26,343,3027900株,1038百万円,0,0,342.863円,1009回,1826.35億円
6472,2020-01-16,340,341,09:00,334,09:08,335,3261000株,1095百万円,-8,-2.33,335.89円,1328回,1783.75億円
6472,2020-01-17,340,347,12:47,338,09:20,346,3795400株,1304百万円,+11,+3.28,343.64円,1175回,1842.32億円
6472,2020-01-20,346,350,09:02,346,09:00,348,1664200株,579百万円,+2,+0.58,347.816円,659回,1852.97億円
6472,2020-01-21,349,350,09:00,341,10:44,341,2008700株,690百万円,-7,-2.01,343.563円,731回,1815.70億円
6472,2020-01-22,337,343,14:37,336,09:00,342,2535700株,863百万円,+1,+0.29,340.392円,906回,1821.03億円
6472,2020-01-23,336,339,10:20,334,13:02,334,2032700株,682百万円,-8,-2.34,335.52円,1023回,1778.43億円
6472,2020-01-24,336,336,09:00,330,09:28,333,2529100株,840百万円,-1,-0.30,332.168円,1415回,1773.10億円
6472,2020-01-27,320,325,09:58,315,13:04,315,5961000株,1895百万円,-18,-5.41,317.971円,1686回,1677.26億円
6472,2020-01-28,310,314,14:46,307,09:00,313,4434700株,1380百万円,-2,-0.63,311.19円,1440回,1666.61億円
6472,2020-01-29,313,314,09:00,309,09:29,312,3403400株,1060百万円,-1,-0.32,311.508円,1387回,1661億円
6472,2020-01-30,310,312,09:06,301,12:50,303,4705300株,1435百万円,-9,-2.88,304.996円,1829回,1613億円
6472,2020-01-31,297,298,09:00,291,09:34,297,9019700株,2660百万円,-6,-1.98,294.961円,3196回,1581億円
6472,2020-02-03,286,289,09:32,284,09:03,287,5176300株,1484百万円,-10,-3.37,286.632円,2449回,1528億円
6472,2020-02-04,285,290,13:40,285,09:00,287,4931900株,1416百万円,0,0,287.013円,2202回,1528億円
6472,2020-02-05,292,295,14:25,287,10:01,293,5363900株,1563百万円,+6,+2.09,291.452円,1920回,1560億円
6472,2020-02-06,301,306,13:31,299,09:00,302,5056600株,1528百万円,+9,+3.07,302.221円,2225回,1608億円
6472,2020-02-07,302,302,09:00,298,09:39,299,2567900株,770百万円,-3,-0.99,299.784円,1020回,1592億円
6472,2020-02-10,296,301,11:14,294,09:00,297,2464200株,734百万円,-2,-0.67,297.943円,850回,1581億円
6472,2020-02-10,302,305,13:26,299,09:05,302,3744900株,1130百万円,+5,+1.68,301.744円,1430回,1608億円
6472,2020-02-13,303,304,09:00,300,09:04,300,2636400株,795百万円,-2,-0.66,301.38円,745回,1597億円
6472,2020-02-14,298,301,12:44,296,09:07,299,3580600株,1068百万円,-1,-0.33,298.375円,1252回,1592億円
6472,2020-02-17,297,300,11:07,292,09:14,299,2417700株,719百万円,0,0,297.361円,981回,1592億円
6472,2020-02-17,300,300,09:00,292,12:38,294,2474200株,730百万円,-5,-1.67,295.018円,819回,1565億円
6472,2020-02-18,294,296,13:09,290,10:19,293,2400700株,704百万円,-1,-0.34,293.271円,1009回,1560億円
6472,2020-02-20,298,299,09:00,292,12:34,294,4614900株,1362百万円,+1,+0.34,295.101円,1982回,1565億円
6472,2020-02-21,291,296,09:09,290,14:54,291,3506500株,1026百万円,-3,-1.02,292.489円,1493回,1549億円
6472,2020-02-25,276,285,10:21,274,09:03,281,4624300株,1301百万円,-10,-3.44,281.395円,2242回,1496億円
6472,2020-02-26,278,282,12:46,274,10:09,281,5051300株,1409百万円,0,0,278.853円,1583回,1496億円
6472,2020-02-27,276,277,09:01,271,11:03,273,5552100株,1518百万円,-8,-2.85,273.477円,1935回,1454億円
6472,2020-02-28,266,268,09:05,257,12:44,261,7316200株,1916百万円,-12,-4.40,261.928円,2159回,1390億円
