6504,2019-08-06,3225,3230,09:00,3135,12:44,3190,911200株,2902百万円,-85,-2.60,3185.183円,1657回
6504,2019-08-06,3040,3200,14:55,3030,09:06,3195,656500株,2067百万円,+5,+0.16,3147.973円,1417回
6504,2019-08-07,3210,3210,09:00,3135,12:30,3160,763200株,2414百万円,-35,-1.10,3163.217円,1606回
6504,2019-08-08,3160,3195,12:47,3120,09:36,3145,715700株,2260百万円,-15,-0.47,3157.087円,1367回
6504,2019-08-09,3180,3180,09:00,3100,12:49,3115,575100株,1800百万円,-30,-0.95,3129.363円,1077回
6504,2019-08-13,3100,3110,09:00,3045,09:17,3105,619400株,1911百万円,-10,-0.32,3084.485円,1207回
6504,2019-08-14,3175,3195,10:20,3145,14:29,3145,669800株,2119百万円,+40,+1.29,3162.94円,1403回
6504,2019-08-15,3040,3095,10:44,3030,09:03,3075,567900株,1742百万円,-70,-2.23,3066.91円,1150回
6504,2019-08-16,3040,3110,14:50,3020,09:09,3095,716100株,2201百万円,+20,+0.65,3073.858円,1496回
6504,2019-08-19,3115,3125,09:32,3090,09:13,3090,662300株,2056百万円,-5,-0.16,3104.139円,1351回
6504,2019-08-20,3090,3090,09:00,3055,09:05,3090,715600株,2199百万円,0,0,3073.02円,1189回
6504,2019-08-21,3030,3085,12:55,3020,09:01,3065,410600株,1256百万円,-25,-0.81,3059.085円,826回
6504,2019-08-22,3090,3090,09:00,3020,13:42,3040,399200株,1215百万円,-25,-0.82,3044.084円,805回
6504,2019-08-23,3030,3090,10:41,3025,09:00,3065,446900株,1370百万円,+25,+0.82,3064.654円,927回
6504,2019-08-26,2961,3020,13:00,2944,09:03,3015,995300株,2972百万円,-50,-1.63,2985.659円,3235回
6504,2019-08-26,3020,3090,12:30,3010,09:17,3045,624200株,1902百万円,+30,+1.00,3046.318円,1020回
6504,2019-08-28,3025,3035,09:00,2951,13:54,2958,1073800株,3195百万円,-87,-2.86,2975.808円,3991回
6504,2019-08-29,2982,3010,13:06,2971,09:03,2995,655600株,1963百万円,+37,+1.25,2993.461円,2041回
6504,2019-08-30,3040,3080,11:13,3025,14:59,3030,789300株,2403百万円,+35,+1.17,3044.907円,1152回
6504,2019-09-02,3050,3085,13:41,3030,09:43,3065,491300株,1504百万円,+35,+1.16,3060.839円,877回
6504,2019-09-03,3080,3140,10:57,3075,09:00,3095,623800株,1938百万円,+30,+0.98,3106.861円,1025回
6504,2019-09-03,3070,3100,10:55,3055,09:00,3065,478600株,1470百万円,-30,-0.97,3072.159円,919回
6504,2019-09-05,3075,3175,12:35,3075,09:00,3130,742600株,2334百万円,+65,+2.12,3143.509円,1357回
6504,2019-09-05,3165,3185,10:45,3130,09:10,3160,582600株,1843百万円,+30,+0.96,3163.822円,1181回
6504,2019-09-07,3135,3180,14:27,3125,09:00,3180,363200株,1151百万円,+20,+0.63,3169.521円,599回
6504,2019-09-10,3220,3285,13:57,3215,09:00,3260,732300株,2381百万円,+80,+2.52,3251.557円,1611回
6504,2019-09-11,3330,3375,13:06,3285,09:04,3345,959000株,3201百万円,+85,+2.61,3337.567円,1782回
6504,2019-09-12,3440,3470,13:26,3370,09:13,3435,1159200株,3981百万円,+90,+2.69,3433.939円,1633回
6504,2019-09-13,3455,3455,09:00,3375,09:10,3430,876700株,3005百万円,-5,-0.15,3428.063円,1238回
6504,2019-09-17,3445,3470,09:37,3420,09:03,3455,606900株,2094百万円,+25,+0.73,3450.221円,1094回
6504,2019-09-17,3425,3445,11:08,3395,13:19,3400,736000株,2509百万円,-55,-1.59,3409.38円,1033回,5076.10億円
6504,2019-09-19,3400,3435,09:28,3365,12:47,3375,737300株,2497百万円,-25,-0.74,3387.266円,1576回,5038.77億円
6504,2019-09-20,3360,3385,10:31,3335,09:01,3350,636000株,2133百万円,-25,-0.74,3353.981円,962回,5001.45億円
6504,2019-09-24,3345,3380,10:40,3330,09:01,3345,598400株,2009百万円,-5,-0.15,3358.064円,1376回,4993.98億円
6504,2019-09-25,3300,3350,14:37,3285,09:02,3335,565100株,1880百万円,-10,-0.30,3325.964円,1242回,4979.05億円
6504,2019-09-26,3400,3430,09:59,3340,14:59,3355,678800株,2295百万円,+20,+0.60,3380.547円,1307回,5008.91億円
6504,2019-09-27,3340,3350,09:06,3295,11:10,3330,719800株,2389百万円,-25,-0.75,3319.101円,1373回,4971.59億円
6504,2019-09-30,3280,3320,09:27,3265,09:01,3305,683200株,2255百万円,-25,-0.75,3300.128円,1260回,4934.27億円
6504,2019-10-01,3310,3385,11:03,3310,09:00,3355,452200株,1518百万円,+50,+1.51,3357.973円,971回,5008.91億円
6504,2019-10-02,3265,3330,14:45,3265,09:03,3325,624700株,2067百万円,-30,-0.89,3308.1円,1042回,4964.12億円
6504,2019-10-03,3210,3265,14:47,3195,09:03,3260,583300株,1892百万円,-65,-1.95,3243.374円,1075回,4867.08億円
6504,2019-10-04,3250,3280,13:59,3240,09:00,3265,428400株,1397百万円,+5,+0.15,3260.888円,1214回,4874.55億円
6504,2019-10-07,3250,3295,09:04,3245,10:21,3255,356400株,1161百万円,-10,-0.31,3258.558円,620回,4859.62億円
6504,2019-10-08,3255,3315,09:14,3245,09:00,3260,530800株,1739百万円,+5,+0.15,3275.76円,1124回,4867.08億円
6504,2019-10-09,3190,3245,12:53,3180,09:06,3235,646500株,2080百万円,-25,-0.77,3217.852円,1096回,4829.76億円
6504,2019-10-10,3245,3255,14:46,3185,09:36,3250,489800株,1583百万円,+15,+0.46,3231.272円,1121回,4852.15億円
6504,2019-10-11,3300,3325,14:06,3275,09:00,3310,609800株,2016百万円,+60,+1.85,3305.53円,1032回,4941.73億円
6504,2019-10-15,3400,3415,09:08,3365,14:49,3375,568600株,1925百万円,+65,+1.96,3385.436円,1296回,5038.77億円
6504,2019-10-16,3435,3445,09:02,3370,14:46,3380,573100株,1949百万円,+5,+0.15,3400.19円,1075回,5046.24億円
6504,2019-10-17,3365,3420,14:07,3355,09:00,3415,508500株,1731百万円,+35,+1.04,3403.18円,938回,5098.49億円
6504,2019-10-18,3395,3420,11:10,3375,09:00,3395,481000株,1634百万円,-20,-0.59,3397.916円,922回,5068.63億円
6504,2019-10-21,3420,3420,09:00,3370,14:06,3375,306700株,1038百万円,-20,-0.59,3385.003円,663回,5038.77億円
6504,2019-10-23,3380,3415,14:51,3360,09:20,3410,413700株,1405百万円,+35,+1.04,3395.717円,826回,5091.03億円
6504,2019-10-24,3430,3450,12:30,3390,09:08,3425,561300株,1923百万円,+15,+0.44,3425.204円,1268回,5113.42億円
6504,2019-10-25,3440,3440,09:00,3405,10:46,3430,371100株,1272百万円,+5,+0.15,3426.64円,822回,5120.89億円
6504,2019-10-28,3450,3470,09:13,3430,14:59,3435,474400株,1636百万円,+5,+0.15,3448.919円,1011回,5128.35億円
6504,2019-10-29,3490,3520,10:25,3450,09:12,3505,799200株,2795百万円,+70,+2.04,3497.162円,1518回,5232.86億円
6504,2019-10-30,3530,3545,09:02,3445,10:36,3460,1009000株,3498百万円,-45,-1.28,3467.17円,1574回,5165.68億円
6504,2019-10-31,3435,3485,13:33,3410,10:53,3470,767200株,2652百万円,+10,+0.29,3456.852円,1508回,5180.61億円
6504,2019-11-01,3240,3400,14:50,3240,09:09,3380,1665800株,5570百万円,-90,-2.59,3343.505円,3179回,5046.24億円
6504,2019-11-05,3510,3555,09:10,3385,14:59,3390,1286000株,4424百万円,+10,+0.30,3440.507円,2230回,5061.17億円
6504,2019-11-06,3425,3445,09:17,3375,11:19,3385,517600株,1758百万円,-5,-0.15,3396.722円,1215回,5053.70億円
6504,2019-11-07,3385,3395,09:00,3350,10:54,3360,557500株,1875百万円,-25,-0.74,3363.11円,997回,5016.38億円
6504,2019-11-08,3385,3540,13:02,3370,09:00,3495,1168300株,4055百万円,+135,+4.02,3470.529円,2242回,5217.93億円
6504,2019-11-11,3545,3550,09:00,3480,11:29,3515,890900株,3130百万円,+20,+0.57,3513.513円,1494回,5247.79億円
6504,2019-11-12,3520,3540,09:10,3480,11:07,3505,634400株,2223百万円,-10,-0.28,3504.738円,1356回,5232.86億円
6504,2019-11-13,3505,3515,09:07,3465,11:12,3480,424000株,1477百万円,-25,-0.71,3483.336円,1025回,5195.54億円
6504,2019-11-14,3450,3455,09:00,3385,13:07,3405,557000株,1900百万円,-65,-1.87,3410.74円,1110回,5083.56億円
6504,2019-11-15,3415,3455,14:56,3390,09:00,3455,520800株,1789百万円,+50,+1.47,3435.979円,1267回,5158.21億円
6504,2019-11-18,3410,3415,09:00,3350,10:25,3390,626100株,2114百万円,-65,-1.88,3376.232円,1156回,5061.17億円
6504,2019-11-19,3340,3340,09:00,3285,14:35,3295,664600株,2199百万円,-95,-2.80,3308.291円,1267回,4919.34億円
6504,2019-11-20,3270,3330,10:13,3255,09:00,3305,729200株,2407百万円,+10,+0.30,3301.14円,1225回,4934.27億円
6504,2019-11-21,3275,3290,09:07,3225,10:54,3260,573400株,1870百万円,-45,-1.36,3260.391円,1261回,4867.08億円
6504,2019-11-22,3290,3355,13:06,3280,09:00,3315,579300株,1926百万円,+55,+1.69,3324.95円,1276回,4949.20億円
6504,2019-11-25,3355,3410,14:56,3350,09:00,3405,670400株,2275百万円,+90,+2.71,3394.082円,1134回,5083.56億円
6504,2019-11-26,3440,3445,09:00,3345,12:33,3345,1108100株,3738百万円,-60,-1.76,3373.158円,1699回,4993.98億円
6504,2019-11-27,3365,3390,13:01,3345,09:00,3375,421500株,1422百万円,+30,+0.90,3374.395円,932回,5038.77億円
6504,2019-11-28,3360,3395,09:22,3350,09:33,3365,510300株,1721百万円,-10,-0.30,3372.634円,1254回,5023.84億円
6504,2019-11-29,3390,3405,09:36,3365,10:29,3370,557800株,1885百万円,+5,+0.15,3379.17円,960回,5031.31億円
6504,2019-12-02,3405,3445,09:54,3405,09:00,3425,502100株,1719百万円,+55,+1.63,3423.596円,804回,5113.42億円
6504,2019-12-03,3350,3415,14:30,3345,09:03,3405,449000株,1522百万円,-20,-0.58,3390.236円,757回,5083.56億円
6504,2019-12-05,3340,3360,09:01,3310,10:02,3345,500100株,1668百万円,+25,+0.75,3334.877円,1097回,4993.98億円
6504,2019-12-06,3345,3345,09:00,3320,10:45,3325,394000株,1312百万円,-20,-0.60,3329.135円,567回,4964.12億円
6504,2019-12-09,3395,3405,09:02,3355,09:24,3395,521300株,1765百万円,+70,+2.11,3384.922円,926回,5068.63億円
6504,2019-12-10,3355,3380,11:24,3335,09:12,3360,423500株,1422百万円,-35,-1.03,3357.957円,791回,5016.38億円
6504,2019-12-13,3430,3500,12:36,3420,09:05,3490,1274000株,4414百万円,+165,+4.96,3464.862円,2046回,5210.46億円
6504,2019-12-16,3485,3500,09:00,3460,13:41,3475,565100株,1966百万円,-15,-0.43,3479.301円,1307回,5188.07億円
6504,2019-12-17,3460,3485,09:30,3440,09:07,3460,647700株,2240百万円,-15,-0.43,3457.717円,1342回,5165.68億円
6504,2019-12-18,3460,3460,09:00,3380,13:59,3390,443800株,1513百万円,-70,-2.02,3409.129円,867回,5061.17億円
6504,2019-12-19,3415,3435,09:41,3385,12:34,3415,398400株,1359百万円,+25,+0.74,3410.324円,894回,5098.49億円
6504,2019-12-20,3375,3395,09:07,3350,10:36,3385,706100株,2385百万円,-30,-0.88,3378.029円,1373回,5053.70億円
6504,2019-12-23,3400,3410,09:00,3360,14:12,3370,273100株,922百万円,-15,-0.44,3375.992円,728回,5031.31億円
6504,2019-12-24,3400,3430,11:13,3385,09:03,3410,297000株,1012百万円,+40,+1.19,3408.704円,497回,5091.03億円
6504,2019-12-25,3415,3415,09:00,3385,11:15,3390,256500株,871百万円,-20,-0.59,3394.507円,517回,5061.17億円
6504,2019-12-26,3360,3410,11:15,3360,09:00,3410,205700株,699百万円,+20,+0.59,3399.516円,466回,5091.03億円
6504,2019-12-27,3430,3445,09:09,3390,14:47,3395,332000株,1132百万円,-15,-0.44,3410.244円,585回,5068.63億円
6504,2019-12-30,3365,3365,09:00,3325,09:10,3345,342500株,1147百万円,-50,-1.47,3347.929円,676回,4993.98億円
6504,2020-01-06,3275,3285,09:00,3230,11:01,3275,576400株,1882百万円,-70,-2.09,3264.55円,1008回,4889.48億円
6504,2020-01-07,3285,3330,14:18,3285,09:00,3320,379700株,1257百万円,+45,+1.37,3310.267円,718回,4956.66億円
6504,2020-01-08,3220,3255,13:16,3175,09:57,3230,891500株,2869百万円,-90,-2.71,3217.736円,1717回,4822.29億円
6504,2020-01-09,3295,3335,12:30,3290,09:00,3330,509900株,1693百万円,+100,+3.10,3319.317円,884回,4971.59億円
6504,2020-01-10,3360,3360,09:00,3315,12:49,3340,411100株,1373百万円,+10,+0.30,3339.515円,840回,4986.52億円
6504,2020-01-14,3340,3355,09:02,3315,13:55,3330,381400株,1270百万円,-10,-0.30,3330.686円,682回,4971.59億円
6504,2020-01-15,3325,3380,10:08,3315,09:00,3355,593400株,1988百万円,+25,+0.75,3349.603円,1491回,5008.91億円
6504,2020-01-16,3465,3475,09:03,3360,14:13,3385,940900株,3219百万円,+30,+0.89,3420.715円,1258回,5053.70億円
6504,2020-01-17,3480,3585,14:38,3480,09:03,3575,1791600株,6355百万円,+190,+5.61,3547.362円,2611回,5337.37億円
6504,2020-01-20,3665,3665,09:03,3595,09:08,3625,750200株,2724百万円,+50,+1.40,3630.915円,1585回,5412.02億円
6504,2020-01-21,3625,3650,09:01,3600,14:53,3605,511100株,1849百万円,-20,-0.55,3617.268円,770回,5382.16億円
6504,2020-01-22,3590,3615,10:18,3580,09:01,3615,486300株,1752百万円,+10,+0.28,3602.464円,873回,5397.09億円
6504,2020-01-23,3570,3575,09:00,3525,14:18,3545,670900株,2381百万円,-70,-1.94,3548.992円,1300回,5292.58億円
6504,2020-01-24,3490,3505,13:09,3390,09:58,3505,1491100株,5175百万円,-40,-1.13,3470.646円,2455回,5232.86億円
6504,2020-01-27,3440,3440,09:00,3360,14:42,3360,956200株,3240百万円,-145,-4.14,3388.805円,1464回,5016.38億円
6504,2020-01-28,3325,3335,09:05,3270,13:40,3285,1063000株,3503百万円,-75,-2.23,3295.64円,1708回,4904.41億円
6504,2020-01-29,3335,3340,09:00,3250,13:43,3285,939500株,3088百万円,0,0,3286.571円,1502回,4904億円
6504,2020-01-30,3250,3275,09:22,3145,14:15,3185,1044900株,3340百万円,-100,-3.04,3196.853円,1830回,4755億円
6504,2020-01-31,3325,3375,10:04,3275,14:19,3290,1519000株,5037百万円,+105,+3.30,3316.007円,2415回,4912億円
6504,2020-02-03,3250,3370,09:33,3250,09:00,3340,1196400株,3990百万円,+50,+1.52,3334.7円,2215回,4987億円
6504,2020-02-04,3360,3410,13:27,3335,09:02,3380,990200株,3348百万円,+40,+1.20,3380.886円,1764回,5046億円
6504,2020-02-05,3485,3495,09:03,3450,10:35,3470,1086300株,3771百万円,+90,+2.66,3471.729円,1822回,5181億円
6504,2020-02-06,3515,3630,13:40,3510,09:01,3600,1283800株,4602百万円,+130,+3.75,3584.613円,2213回,5375億円
6504,2020-02-07,3570,3620,12:51,3535,09:49,3595,561800株,2017百万円,-5,-0.14,3589.658円,1230回,5367億円
6504,2020-02-10,3530,3575,09:07,3525,09:00,3545,499500株,1772百万円,-50,-1.39,3548.073円,1234回,5293億円
6504,2020-02-10,3570,3580,09:00,3480,10:31,3510,866200株,3041百万円,-35,-0.99,3510.791円,1621回,5240億円
6504,2020-02-13,3515,3515,09:00,3440,10:11,3460,680900株,2357百万円,-50,-1.42,3460.962円,1212回,5166億円
6504,2020-02-14,3420,3465,13:31,3410,09:00,3455,481200株,1656百万円,-5,-0.14,3441.404円,985回,5158億円
6504,2020-02-17,3400,3465,14:18,3390,09:24,3450,328500株,1128百万円,-5,-0.14,3434.983円,667回,5151億円
6504,2020-02-17,3445,3450,09:00,3395,13:16,3405,466600株,1594百万円,-45,-1.30,3416.791円,801回,5084億円
6504,2020-02-18,3390,3425,13:10,3340,09:17,3415,504700株,1715百万円,+10,+0.29,3398.297円,984回,5098億円
6504,2020-02-20,3460,3485,09:04,3385,14:59,3385,573900株,1961百万円,-30,-0.88,3416.828円,1298回,5054億円
6504,2020-02-21,3370,3395,09:35,3340,11:29,3355,848300株,2854百万円,-30,-0.89,3364.869円,1463回,5009億円
6504,2020-02-25,3200,3240,11:01,3190,09:06,3200,1078200株,3461百万円,-155,-4.62,3209.592円,1961回,4778億円
6504,2020-02-26,3155,3165,14:10,3070,11:01,3150,1146600株,3585百万円,-50,-1.56,3126.901円,2003回,4703億円
6504,2020-02-27,3110,3115,09:00,3035,13:40,3085,1020000株,3135百万円,-65,-2.06,3073.951円,1999回,4606億円
6504,2020-02-28,2979,2992,09:06,2901,12:43,2963,1516100株,4471百万円,-122,-3.95,2949.33円,4971回,4424億円
6504,2020-03-02,2924,2985,12:40,2880,10:05,2959,1529400株,4496百万円,-4,-0.13,2939.439円,5022回,4418億円
6504,2020-03-03,3010,3040,09:05,2883,13:32,2884,1152000株,3370百万円,-75,-2.53,2925.144円,3796回,4306億円
6504,2020-03-04,2835,2887,14:48,2831,09:03,2871,650400株,1865百万円,-13,-0.45,2867.973円,2231回,4286億円
6504,2020-03-05,2921,2921,09:00,2817,13:17,2850,956500株,2721百万円,-21,-0.73,2844.405円,2408回,4255億円
6504,2020-03-06,2765,2770,09:03,2644,13:05,2674,1636300株,4389百万円,-176,-6.18,2682.278円,4248回,3992億円
6504,2020-03-06,2580,2586,09:03,2417,11:03,2450,1190800株,2939百万円,-224,-8.38,2467.683円,4022回,3658億円
6504,2020-03-10,2409,2554,14:24,2348,09:40,2536,1417800株,3508百万円,+86,+3.51,2474.182円,4869回,3786億円
6504,2020-03-11,2507,2556,09:13,2431,14:59,2436,894300株,2212百万円,-100,-3.94,2473.107円,3096回,3637億円
6504,2020-03-12,2358,2398,09:56,2226,14:59,2243,1655000株,3770百万円,-193,-7.92,2277.795円,5044回,3349億円
6504,2020-03-13,2043,2252,14:18,2042,10:21,2141,1672600株,3544百万円,-102,-4.55,2119.021円,4764回,3196億円
6504,2020-03-16,2158,2209,14:10,2068,14:58,2075,1019800株,2174百万円,-66,-3.08,2131.606円,3419回,3098億円
6504,2020-03-17,2027,2131,10:34,1960,09:07,2065,1238900株,2543百万円,-10,-0.48,2052.245円,3921回,3083億円
6504,2020-03-18,2090,2161,09:14,2052,14:40,2062,1187400株,2492百万円,-3,-0.15,2098.818円,3610回,3079億円
6504,2020-03-19,2116,2137,09:03,2028,14:26,2041,1429400株,2955百万円,-21,-1.02,2067.217円,3884回,3047億円
6504,2020-03-23,2010,2058,09:03,1967,09:21,2025,1158700株,2334百万円,-16,-0.78,2014.167円,3531回,3023億円
6504,2020-03-24,2108,2163,14:57,2026,09:41,2154,1021600株,2165百万円,+129,+6.37,2119.629円,3101回,3216億円
6504,2020-03-25,2404,2472,14:47,2311,09:16,2469,1352100株,3257百万円,+315,+14.62,2408.89円,4204回,3686億円
6504,2020-03-26,2466,2513,14:21,2407,10:30,2467,1435300株,3542百万円,-2,-0.08,2467.922円,4821回,3683億円
6504,2020-03-27,2616,2645,09:06,2477,10:13,2577,875200株,2238百万円,+110,+4.46,2556.743円,2876回,3847億円
6504,2020-03-30,2450,2476,09:06,2325,10:09,2429,880400株,2109百万円,-148,-5.74,2395.393円,2716回,3626億円
6504,2020-03-31,2448,2534,11:30,2396,13:38,2451,783200株,1927百万円,+22,+0.91,2460.063円,3686回,3659億円
6504,2020-04-01,2401,2484,09:52,2319,14:52,2345,783400株,1877百万円,-104,-4.25,2395.673円,2714回,3501億円
6504,2020-04-02,2295,2309,09:02,2232,09:09,2262,870900株,1977百万円,-83,-3.54,2270.104円,2960回,3377億円
6504,2020-04-03,2290,2325,09:00,2224,13:38,2253,589000株,1331百万円,-9,-0.40,2259.926円,2199回,3364億円
6504,2020-04-06,2225,2354,14:52,2197,09:02,2328,579900株,1323百万円,+75,+3.33,2281.603円,1997回,3476億円
