6505,2019-12-30,1540,1549,14:52,1512,09:14,1549,7000株,11百万円,+3,+0.19,1535.543円,50回,150.80億円
6505,2020-01-06,1521,1535,13:03,1518,11:00,1521,15200株,23百万円,-28,-1.81,1524.191円,72回,148.07億円
6505,2020-01-07,1525,1556,14:49,1525,09:00,1542,13300株,20百万円,+21,+1.38,1539.609円,67回,150.11億円
6505,2020-01-08,1542,1542,09:00,1502,09:37,1526,21100株,32百万円,-16,-1.04,1518.142円,103回,148.56億円
6505,2020-01-09,1541,1575,10:32,1539,10:05,1556,26000株,41百万円,+30,+1.97,1558.096円,147回,151.48億円
6505,2020-01-10,1570,1571,14:56,1538,09:00,1571,11000株,17百万円,+15,+0.96,1560.318円,75回,152.94億円
6505,2020-01-14,1531,1566,14:12,1527,09:56,1559,25900株,40百万円,-12,-0.76,1545.815円,154回,151.77億円
6505,2020-01-15,1530,1544,09:12,1501,13:28,1512,63000株,96百万円,-47,-3.01,1517.386円,310回,147.19億円
6505,2020-01-16,1520,1520,09:00,1505,10:00,1507,20700株,31百万円,-5,-0.33,1510.353円,107回,146.71億円
6505,2020-01-17,1510,1537,14:50,1510,09:00,1537,22900株,35百万円,+30,+1.99,1523.625円,115回,149.63億円
6505,2020-01-20,1537,1545,09:29,1522,14:34,1527,18100株,28百万円,-10,-0.65,1534.271円,74回,148.65億円
6505,2020-01-21,1523,1540,11:18,1501,14:34,1531,21300株,32百万円,+4,+0.26,1523.643円,128回,149.04億円
6505,2020-01-22,1518,1559,10:00,1518,09:00,1550,27200株,42百万円,+19,+1.24,1549.482円,167回,150.89億円
6505,2020-01-23,1550,1557,14:59,1522,13:58,1557,27800株,43百万円,+7,+0.45,1544.845円,158回,151.57億円
6505,2020-01-24,1548,1548,09:00,1517,09:59,1520,21900株,33百万円,-37,-2.38,1525.626円,122回,147.97億円
6505,2020-01-27,1502,1506,10:43,1491,09:05,1501,26000株,39百万円,-19,-1.25,1499.496円,120回,146.12億円
6505,2020-01-28,1481,1485,09:03,1457,10:34,1469,30600株,45百万円,-32,-2.13,1471.399円,152回,143.01億円
6505,2020-01-29,1476,1476,09:00,1449,09:56,1459,33800株,49百万円,-10,-0.68,1460.284円,170回,142億円
6505,2020-01-30,1459,1476,15:00,1432,12:40,1476,52700株,77百万円,+17,+1.17,1461.657円,220回,144億円
6505,2020-01-31,1472,1510,10:23,1466,09:25,1504,21100株,32百万円,+28,+1.90,1495.995円,141回,146億円
6505,2020-02-03,1445,1474,12:30,1439,09:03,1457,15800株,23百万円,-47,-3.13,1457.614円,93回,142億円
6505,2020-02-04,1457,1482,14:53,1448,09:22,1481,10200株,15百万円,+24,+1.65,1467.353円,68回,144億円
6505,2020-02-05,1482,1501,14:28,1472,09:56,1483,10800株,16百万円,+2,+0.14,1488.046円,75回,144億円
6505,2020-02-06,1498,1525,09:28,1497,09:00,1514,21200株,32百万円,+31,+2.09,1517.274円,86回,147億円
6505,2020-02-07,1511,1526,09:02,1495,14:14,1504,12000株,18百万円,-10,-0.66,1507.083円,69回,146億円
6505,2020-02-10,1490,1503,11:29,1476,09:07,1494,9000株,13百万円,-10,-0.66,1492.167円,62回,145億円
6505,2020-02-12,1501,1501,09:00,1475,09:50,1481,17200株,26百万円,-13,-0.87,1483.424円,92回,144億円
6505,2020-02-13,1488,1488,09:00,1465,10:12,1475,12700株,19百万円,-6,-0.41,1475.787円,95回,144億円
6505,2020-02-14,1456,1456,09:00,1434,14:38,1447,18100株,26百万円,-28,-1.90,1441.658円,84回,141億円
6505,2020-02-17,1434,1453,14:55,1416,09:12,1437,14300株,21百万円,-10,-0.69,1437.189円,88回,140億円
6505,2020-02-17,1437,1437,09:00,1395,13:13,1403,15000株,21百万円,-34,-2.37,1408.167円,80回,137億円
6505,2020-02-18,1405,1426,12:30,1405,09:00,1413,12500株,18百万円,+10,+0.71,1413.176円,69回,138億円
6505,2020-02-20,1431,1431,09:00,1384,14:50,1393,28600株,40百万円,-20,-1.42,1407.734円,126回,136億円
6505,2020-02-21,1382,1393,13:37,1380,14:52,1384,7700株,11百万円,-9,-0.65,1385.377円,38回,135億円
6505,2020-02-25,1300,1330,12:30,1300,09:06,1309,25500株,34百万円,-75,-5.42,1314.647円,126回,127億円
6505,2020-02-26,1298,1314,14:50,1277,10:12,1307,24500株,32百万円,-2,-0.15,1296.094円,107回,127億円
6505,2020-02-27,1316,1318,09:01,1257,14:01,1264,21200株,27百万円,-43,-3.29,1278.896円,112回,123億円
6505,2020-02-28,1234,1234,09:02,1190,14:52,1199,31600株,38百万円,-65,-5.14,1207.63円,155回,117億円
6505,2020-03-02,1180,1242,12:41,1175,09:03,1220,24100株,29百万円,+21,+1.75,1216.826円,130回,119億円
6505,2020-03-03,1232,1249,09:01,1182,15:00,1182,29600株,36百万円,-38,-3.11,1205.638円,146回,115億円
6505,2020-03-04,1161,1201,12:31,1160,09:04,1183,13800株,16百万円,+1,+0.08,1182.326円,76回,115億円
6505,2020-03-05,1200,1205,09:03,1177,12:43,1178,16700株,20百万円,-5,-0.42,1187.91円,86回,115億円
6505,2020-03-06,1178,1179,09:01,1126,13:00,1130,20300株,23百万円,-48,-4.07,1138.414円,99回,110億円
6505,2020-03-06,1100,1109,09:07,1036,11:26,1046,53900株,58百万円,-84,-7.43,1071.768円,185回,102億円
6505,2020-03-10,986,1056,14:20,976,09:40,1051,31100株,32百万円,+5,+0.48,1013.444円,155回,102億円
6505,2020-03-11,1051,1061,09:11,1012,14:59,1013,27200株,28百万円,-38,-3.62,1037.342円,141回,98.6億円
6505,2020-03-12,1000,1022,09:55,960,12:30,963,40800株,40百万円,-50,-4.94,978.868円,194回,93.8億円
6505,2020-03-13,918,949,14:17,884,12:39,910,45600株,42百万円,-53,-5.50,913.298円,210回,88.6億円
6505,2020-03-16,940,952,14:10,916,14:54,917,33500株,31百万円,+7,+0.77,933.269円,196回,89.3億円
6505,2020-03-17,893,1002,14:59,886,09:19,994,32300株,31百万円,+77,+8.40,964.728円,173回,96.8億円
6505,2020-03-18,1009,1040,09:05,981,15:00,981,18900株,19百万円,-13,-1.31,1004.847円,98回,95.5億円
6505,2020-03-19,1007,1025,09:39,986,12:56,1000,24400株,24百万円,+19,+1.94,998.816円,142回,97.4億円
6505,2020-03-23,1069,1069,09:06,987,10:05,1062,42700株,44百万円,+62,+6.20,1037.874円,170回,103億円
6505,2020-03-24,1065,1095,09:15,1049,13:12,1084,27900株,30百万円,+22,+2.07,1068.14円,125回,106億円
6505,2020-03-26,1114,1160,14:59,1103,10:18,1160,33600株,38百万円,+76,+7.01,1125.842円,147回,113億円
6505,2020-03-26,1116,1139,14:27,1087,10:28,1113,34600株,39百万円,-47,-4.05,1116.104円,144回,108億円
6505,2020-03-27,1163,1185,15:00,1121,10:51,1185,33500株,39百万円,+72,+6.47,1159.63円,138回,115億円
6505,2020-03-30,1113,1164,14:59,1106,09:59,1162,22700株,26百万円,-23,-1.94,1133.965円,115回,113億円
6505,2020-03-31,1151,1165,10:21,1105,13:28,1126,14200株,16百万円,-36,-3.10,1135.493円,71回,110億円
6505,2020-04-01,1110,1133,10:50,1059,14:47,1067,19900株,22百万円,-59,-5.24,1096.633円,109回,104億円
6505,2020-04-02,1054,1069,09:34,1014,14:25,1022,17400株,18百万円,-45,-4.22,1034.753円,99回,99.5億円
6505,2020-04-03,1032,1048,09:12,997,13:19,1019,29500株,30百万円,-3,-0.29,1018.203円,98回,99.2億円
6505,2020-04-06,1002,1071,14:45,1002,09:00,1070,15500株,16百万円,+51,+5.00,1043.568円,76回,104億円
6505,2020-04-07,1090,1130,14:46,1080,12:52,1127,23500株,26百万円,+57,+5.33,1104.46円,147回,110億円
6505,2020-04-08,1127,1175,14:27,1112,09:01,1151,17800株,20百万円,+24,+2.13,1146.461円,107回,112億円
6505,2020-04-09,1178,1185,14:13,1120,09:28,1171,16900株,20百万円,+20,+1.74,1159.284円,86回,114億円
6505,2020-04-10,1175,1209,11:00,1150,10:12,1207,15900株,19百万円,+36,+3.07,1187.849円,88回,118億円
6505,2020-04-13,1267,1307,09:05,1200,15:00,1200,34400株,43百万円,-7,-0.58,1242.131円,187回,117億円
6505,2020-04-14,1210,1237,15:00,1188,09:58,1237,16300株,20百万円,+37,+3.08,1218.276円,96回,120億円
6505,2020-04-15,1215,1218,12:31,1176,14:55,1180,11400株,14百万円,-57,-4.61,1189.851円,66回,115億円
6505,2020-04-16,1176,1230,15:00,1161,09:21,1230,10300株,12百万円,+50,+4.24,1207.087円,64回,120億円
6505,2020-04-17,1243,1285,09:39,1223,12:30,1244,18500株,23百万円,+14,+1.14,1242.703円,93回,121億円
6505,2020-04-20,1300,1300,09:03,1255,15:00,1255,21200株,27百万円,+11,+0.88,1284.943円,82回,122億円
6505,2020-04-21,1255,1255,09:00,1231,13:18,1249,9400株,12百万円,-6,-0.48,1243.989円,55回,122億円
6505,2020-04-22,1249,1249,09:00,1189,14:37,1198,12200株,15百万円,-51,-4.08,1209.861円,78回,117億円
6505,2020-04-23,1206,1229,15:00,1202,12:30,1229,6400株,8百万円,+31,+2.59,1216.203円,35回,120億円
6505,2020-04-24,1225,1226,14:55,1202,09:03,1224,7000株,9百万円,-5,-0.41,1220.186円,28回,119億円
6505,2020-04-27,1224,1240,15:00,1211,12:30,1240,7300株,9百万円,+16,+1.31,1229.301円,37回,121億円
6505,2020-04-28,1250,1259,14:12,1224,10:52,1228,17600株,22百万円,-12,-0.97,1239.097円,99回,120億円
6505,2020-04-30,1264,1270,10:12,1241,09:04,1248,17700株,22百万円,+20,+1.63,1258.181円,94回,121億円
6505,2020-05-01,1231,1231,09:00,1196,12:44,1203,19200株,23百万円,-45,-3.61,1214.385円,87回,117億円
6505,2020-05-07,1203,1234,14:09,1203,09:00,1234,24700株,30百万円,+31,+2.58,1213.725円,74回,120億円
6505,2020-05-08,1237,1254,13:56,1226,10:38,1249,17100株,21百万円,+15,+1.22,1242.357円,70回,122億円
6505,2020-05-11,1241,1310,10:33,1240,09:01,1274,29200株,38百万円,+25,+2.00,1285.469円,164回,124億円,05/01,30.6,70.6,2.31
6505,2020-05-12,1292,1296,14:03,1261,09:23,1281,14500株,19百万円,+7,+0.55,1284.228円,87回,125億円,05/01,30.6,70.6,2.31
6505,2020-05-13,1262,1285,09:49,1262,09:00,1280,12100株,15百万円,-1,-0.08,1279.405円,44回,125億円,05/01,30.6,70.6,2.31
6505,2020-05-14,1261,1264,12:32,1223,15:00,1223,20800株,26百万円,-57,-4.45,1243.615円,126回,119億円,05/01,30.6,70.6,2.31
6505,2020-05-15,1226,1250,09:17,1213,12:30,1234,17300株,21百万円,+11,+0.90,1227.254円,75回,120億円,05/01,30.6,70.6,2.31
6505,2020-05-18,1234,1241,15:00,1215,09:55,1241,15100株,19百万円,+7,+0.57,1229.603円,84回,121億円,05/01,30.6,70.6,2.31
6505,2020-05-19,1260,1285,15:00,1241,11:00,1285,18300株,23百万円,+44,+3.55,1263.896円,84回,125億円,05/01,30.6,70.6,2.31
6505,2020-05-20,1290,1295,12:33,1268,09:08,1293,27900株,36百万円,+8,+0.62,1288.427円,86回,126億円,05/15,30.8,72.1,2.34
6505,2020-05-21,1282,1297,09:23,1267,12:32,1275,17300株,22百万円,-18,-1.39,1277.896円,77回,124億円,05/15,30.8,72.1,2.34
6505,2020-05-22,1289,1289,10:09,1267,12:52,1278,9100株,12百万円,+3,+0.24,1278.495円,39回,124億円,05/15,30.8,72.1,2.34
