6506,2019-08-06,3400,3410,09:00,3265,12:30,3295,4202500株,13912百万円,-155,-4.49,3310.431円,5211回
6506,2019-08-06,3135,3380,14:58,3125,09:06,3365,5599700株,18350百万円,+70,+2.12,3276.931円,6808回
6506,2019-08-07,3360,3375,09:16,3235,12:30,3280,3852400株,12685百万円,-85,-2.53,3292.676円,5218回
6506,2019-08-08,3300,3360,12:47,3270,09:52,3320,3070100株,10210百万円,+40,+1.22,3325.528円,3595回
6506,2019-08-09,3350,3370,09:18,3280,14:22,3290,2788300株,9242百万円,-30,-0.90,3314.7円,3337回
6506,2019-08-13,3225,3315,14:35,3175,09:04,3305,3020300株,9875百万円,+15,+0.46,3269.66円,3410回
6506,2019-08-14,3435,3465,10:14,3395,09:20,3430,4192800株,14370百万円,+125,+3.78,3427.309円,4925回
6506,2019-08-15,3315,3385,12:32,3305,09:03,3380,3039700株,10182百万円,-50,-1.46,3349.834円,3992回
6506,2019-08-16,3355,3425,14:32,3355,09:00,3410,2091200株,7102百万円,+30,+0.89,3396.196円,2711回
6506,2019-08-19,3470,3505,10:15,3455,14:05,3455,2005500株,6981百万円,+45,+1.32,3480.753円,2611回
6506,2019-08-20,3480,3520,09:31,3455,09:00,3475,1585300株,5523百万円,+20,+0.58,3483.916円,1914回
6506,2019-08-21,3415,3495,14:19,3400,09:00,3485,1341200株,4642百万円,+10,+0.29,3460.772円,1795回
6506,2019-08-22,3550,3555,09:00,3485,14:35,3490,1778400株,6246百万円,+5,+0.14,3512.409円,2354回
6506,2019-08-23,3490,3565,09:59,3490,09:00,3545,2146100株,7601百万円,+55,+1.58,3541.665円,2316回
6506,2019-08-26,3400,3405,09:11,3310,09:55,3345,4030600株,13518百万円,-200,-5.64,3353.759円,4518回
6506,2019-08-26,3420,3490,12:37,3405,09:04,3445,2851400株,9834百万円,+100,+2.99,3449.001円,2807回
6506,2019-08-28,3445,3485,09:01,3405,09:42,3420,1690200株,5803百万円,-25,-0.73,3433.159円,2134回
6506,2019-08-29,3420,3460,09:40,3415,11:05,3440,1466500株,5039百万円,+20,+0.58,3435.746円,1921回
6506,2019-08-30,3545,3610,12:30,3535,09:06,3570,3158800株,11284百万円,+130,+3.78,3572.345円,3197回
6506,2019-09-02,3560,3585,14:30,3425,09:20,3575,4273100株,15008百万円,+5,+0.14,3512.24円,4869回
6506,2019-09-03,3560,3645,09:24,3535,14:50,3540,2297100株,8231百万円,-35,-0.98,3583.052円,2997回
6506,2019-09-03,3505,3575,14:05,3485,09:00,3555,2066900株,7301百万円,+15,+0.42,3532.515円,2533回
6506,2019-09-05,3625,3775,11:08,3625,09:00,3705,4261200株,15819百万円,+150,+4.22,3712.387円,5114回
6506,2019-09-05,3735,3795,13:21,3695,09:12,3780,3300400株,12410百万円,+75,+2.02,3760.055円,3399回
6506,2019-09-07,3795,3855,12:30,3795,09:00,3850,2647600株,10152百万円,+70,+1.85,3834.284円,2750回
6506,2019-09-10,3920,3955,09:02,3855,13:14,3870,3295700株,12827百万円,+20,+0.52,3892.104円,3708回
6506,2019-09-11,3885,3885,09:00,3805,09:39,3880,3063900株,11798百万円,+10,+0.26,3850.674円,3863回
6506,2019-09-12,3945,3975,09:03,3885,09:17,3935,2811700株,11050百万円,+55,+1.42,3929.833円,3123回
6506,2019-09-13,4000,4000,09:00,3935,12:34,3950,3530300株,14024百万円,+15,+0.38,3972.44円,3057回
6506,2019-09-17,3880,3960,09:37,3875,09:00,3945,2503700株,9835百万円,-5,-0.13,3928.329円,2635回
6506,2019-09-17,3975,3985,09:01,3950,09:15,3970,1870600株,7423百万円,+25,+0.63,3968.238円,1968回,10587.61億円
6506,2019-09-19,3985,4010,09:03,3875,12:54,3895,2651600株,10434百万円,-75,-1.89,3934.875円,3083回,10387.59億円
6506,2019-09-20,3920,3925,09:00,3845,09:17,3890,2550700株,9928百万円,-5,-0.13,3892.178円,2844回,10374.26億円
6506,2019-09-24,3885,3985,12:36,3880,09:00,3970,2351000株,9298百万円,+80,+2.06,3954.737円,2628回,10587.61億円
6506,2019-09-25,3930,3935,09:00,3860,10:00,3895,1966900株,7658百万円,-75,-1.89,3893.646円,2382回,10387.59億円
6506,2019-09-26,3965,3985,10:05,3900,14:19,3910,2829600株,11133百万円,+15,+0.39,3934.47円,2968回,10427.60億円
6506,2019-09-27,3930,3955,14:50,3880,09:03,3955,2313200株,9076百万円,+45,+1.15,3923.713円,3123回,10547.61億円
6506,2019-09-30,3925,3985,09:31,3890,09:02,3965,2340800株,9250百万円,+10,+0.25,3951.811円,2504回,10574.28億円
6506,2019-10-01,4010,4160,14:28,4005,09:00,4150,3955400株,16234百万円,+185,+4.67,4104.237円,4241回,11067.66億円
6506,2019-10-02,4015,4020,09:03,3935,09:24,3975,3490400株,13879百万円,-175,-4.22,3976.236円,4351回,10600.95億円
6506,2019-10-03,3850,3955,14:33,3840,09:03,3950,2577600株,10095百万円,-25,-0.63,3916.288円,2875回,10534.27億円
6506,2019-10-04,3950,3995,09:30,3925,09:00,3950,2050200株,8115百万円,0,0,3958.128円,2461回,10534.27億円
6506,2019-10-07,3990,4005,09:21,3885,11:16,3920,2138200株,8406百万円,-30,-0.76,3931.2円,2512回,10454.27億円
6506,2019-10-08,3950,3955,09:02,3895,09:17,3940,1733100株,6820百万円,+20,+0.51,3935.089円,2222回,10507.61億円
6506,2019-10-09,3870,3875,11:05,3825,09:14,3840,2091900株,8050百万円,-100,-2.54,3848.131円,2829回,10240.92億円
6506,2019-10-10,3835,3935,11:27,3780,10:13,3835,3644300株,13985百万円,-5,-0.13,3837.562円,4220回,10227.58億円
6506,2019-10-11,3810,3845,12:44,3695,09:21,3810,6103300株,23034百万円,-25,-0.65,3774.081円,6756回,10160.91億円
6506,2019-10-15,3900,3960,11:04,3840,09:31,3940,3717500株,14546百万円,+130,+3.41,3912.903円,4054回,10507.61億円
6506,2019-10-16,4035,4140,09:30,3980,12:36,4020,4421600株,17956百万円,+80,+2.03,4060.924円,5235回,10720.96億円
6506,2019-10-17,4010,4090,10:04,3995,09:01,4000,1968100株,7938百万円,-20,-0.50,4033.554円,2420回,10667.62億円
6506,2019-10-18,4010,4060,11:08,4005,09:00,4035,1823400株,7355百万円,+35,+0.88,4033.846円,2150回,10760.96億円
6506,2019-10-21,4035,4070,09:06,3970,14:50,3985,1886900株,7556百万円,-50,-1.24,4004.42円,2177回,10627.62億円
6506,2019-10-23,3995,4075,14:36,3970,09:17,4055,2529900株,10194百万円,+70,+1.76,4029.463円,2484回,10814.30億円
6506,2019-10-24,4090,4135,11:27,4085,09:00,4120,1812200株,7453百万円,+65,+1.60,4112.505円,2222回,10987.65億円
6506,2019-10-25,4140,4240,12:40,4135,09:00,4235,3250700株,13691百万円,+115,+2.79,4211.651円,3578回,11294.34億円
6506,2019-10-28,4240,4280,09:04,4235,09:35,4235,1664800株,7076百万円,0,0,4250.1円,2417回,11294.34億円
6506,2019-10-29,4290,4345,09:03,4285,09:00,4330,2538800株,10948百万円,+95,+2.24,4312.387円,3003回,11547.70億円
6506,2019-10-30,4330,4330,09:00,4170,14:59,4175,3741400株,15733百万円,-155,-3.58,4205.176円,3850回,11134.33億円
6506,2019-10-31,4205,4235,09:40,4125,10:30,4180,2209100株,9230百万円,+5,+0.12,4178.319円,2807回,11147.66億円
6506,2019-11-01,4115,4225,14:44,4100,09:00,4220,1739700株,7280百万円,+40,+0.96,4184.571円,2307回,11254.34億円
6506,2019-11-05,4320,4345,12:45,4290,09:30,4315,2372200株,10244百万円,+95,+2.25,4318.226円,3006回,11507.69億円
6506,2019-11-06,4350,4370,09:02,4230,14:43,4245,2369100株,10138百万円,-70,-1.62,4279.197円,2762回,11321.01億円
6506,2019-11-07,4240,4325,14:59,4240,09:00,4325,1990100株,8552百万円,+80,+1.88,4297.022円,2118回,11534.36億円
6506,2019-11-08,4390,4390,09:00,4200,14:22,4220,3287200株,14050百万円,-105,-2.43,4274.118円,3679回,11254.34億円
6506,2019-11-11,4240,4270,09:29,4190,14:50,4195,1840400株,7784百万円,-25,-0.59,4229.612円,2352回,11187.67億円
6506,2019-11-12,4185,4250,14:56,4135,09:02,4240,1654600株,6960百万円,+45,+1.07,4206.623円,2175回,11307.68億円
6506,2019-11-13,4210,4245,09:07,4170,10:58,4190,1045000株,4384百万円,-50,-1.18,4195.483円,1737回,11174.33億円
6506,2019-11-14,4185,4205,09:00,4110,14:19,4115,2163100株,8975百万円,-70,-1.67,4149.193円,2608回,10974.31億円
6506,2019-11-15,4075,4180,12:30,4055,09:25,4165,2092500株,8644百万円,+50,+1.22,4131.094円,2295回,11107.66億円
6506,2019-11-18,4210,4230,10:23,4180,09:26,4220,1119200株,4714百万円,+55,+1.32,4211.816円,1425回,11254.34億円
6506,2019-11-19,4195,4195,09:00,4095,14:35,4105,2114900株,8729百万円,-115,-2.73,4127.427円,2471回,10947.64億円
6506,2019-11-20,4070,4145,09:14,4055,09:00,4060,1459800株,5970百万円,-45,-1.10,4089.336円,1944回,10827.63億円
6506,2019-11-21,4020,4040,09:01,3880,09:57,3985,3574900株,14161百万円,-75,-1.85,3961.187円,4615回,10627.62億円
6506,2019-11-22,3970,4015,10:26,3930,09:10,3935,1839400株,7293百万円,-50,-1.25,3964.774円,2516回,10494.27億円
6506,2019-11-25,4000,4005,09:00,3945,12:56,3970,1180400株,4691百万円,+35,+0.89,3973.987円,1576回,10587.61億円
6506,2019-11-26,4050,4105,09:09,4010,12:58,4020,2789000株,11293百万円,+50,+1.26,4049.176円,3052回,10720.96億円
6506,2019-11-27,4050,4110,14:08,4040,09:00,4105,1776900株,7265百万円,+85,+2.11,4088.719円,2498回,10947.64億円
6506,2019-11-28,4090,4110,09:02,4000,14:59,4005,1625300株,6559百万円,-100,-2.44,4035.63円,2117回,10680.95億円
6506,2019-11-29,4040,4065,09:07,4000,13:44,4020,1310000株,5278百万円,+15,+0.37,4029.062円,1448回,10720.96億円
6506,2019-12-02,4040,4090,11:26,4005,09:00,4065,1253000株,5096百万円,+45,+1.12,4066.67円,2076回,10840.97億円
6506,2019-12-03,3960,4035,15:00,3955,09:03,4035,1656400株,6635百万円,-30,-0.74,4005.472円,1913回,10760.96億円
6506,2019-12-05,4010,4020,09:00,3970,09:35,3975,1323800株,5281百万円,+20,+0.51,3989.04円,1761回,10600.95億円
6506,2019-12-06,3990,4005,09:16,3960,11:15,3990,1090400株,4349百万円,+15,+0.38,3988.888円,1158回,10640.95億円
6506,2019-12-09,4050,4080,09:00,4010,10:08,4045,1139900株,4608百万円,+55,+1.38,4042.67円,1419回,10787.63億円
6506,2019-12-10,3990,4050,12:31,3980,09:00,4035,1087700株,4377百万円,-10,-0.25,4024.161円,1287回,10760.96億円
6506,2019-12-13,4230,4350,12:30,4220,09:03,4310,5844400株,25054百万円,+220,+5.38,4286.874円,5886回,11494.36億円
6506,2019-12-16,4280,4355,12:30,4250,09:02,4315,2180400株,9391百万円,+5,+0.12,4306.87円,2410回,11507.69億円
6506,2019-12-17,4360,4410,10:31,4345,09:02,4365,2777700株,12166百万円,+50,+1.16,4379.709円,3117回,11641.04億円
6506,2019-12-18,4340,4395,11:02,4290,13:31,4300,2317600株,10040百万円,-65,-1.49,4331.869円,2500回,11467.69億円
6506,2019-12-19,4275,4285,09:44,4185,12:37,4230,2079300株,8804百万円,-70,-1.63,4234.293円,2562回,11281.01億円
6506,2019-12-20,4215,4235,09:02,4150,10:38,4175,2074200株,8674百万円,-55,-1.30,4182.052円,2309回,11134.33億円
6506,2019-12-23,4190,4210,10:55,4170,09:09,4175,1252900株,5243百万円,0,0,4185.084円,1463回,11134.33億円
6506,2019-12-24,4190,4220,09:00,4170,09:33,4180,1001200株,4194百万円,+5,+0.12,4189.37円,979回,11147.66億円
6506,2019-12-25,4195,4210,10:14,4185,09:08,4205,597500株,2508百万円,+25,+0.60,4196.914円,929回,11214.34億円
6506,2019-12-26,4200,4310,11:23,4200,09:00,4285,1741000株,7442百万円,+80,+1.90,4274.391円,2052回,11427.69億円
6506,2019-12-27,4300,4315,09:00,4250,14:39,4255,1224900株,5244百万円,-30,-0.70,4280.822円,1411回,11347.68億円
6506,2019-12-30,4235,4235,09:00,4140,10:48,4170,1860000株,7751百万円,-85,-2.00,4167.169円,1980回,11120.99億円
6506,2020-01-06,4030,4135,14:50,4025,09:03,4125,2447700株,9986百万円,-45,-1.08,4079.929円,2774回,11000.98億円
6506,2020-01-07,4170,4235,10:08,4150,09:13,4165,1980500株,8286百万円,+40,+0.97,4183.618円,2222回,11107.66億円
6506,2020-01-08,4050,4110,12:33,4020,09:32,4090,2679700株,10901百万円,-75,-1.80,4067.9円,3363回,10907.64億円
6506,2020-01-09,4175,4335,12:33,4170,09:03,4265,3550500株,15096百万円,+175,+4.28,4251.719円,3343回,11374.35億円
6506,2020-01-10,4420,4465,09:07,4190,09:17,4415,6202200株,27065百万円,+150,+3.52,4363.786円,6957回,11774.39億円
6506,2020-01-14,4410,4560,10:00,4410,09:00,4475,4938500株,22175百万円,+60,+1.36,4490.187円,5207回,11934.40億円
6506,2020-01-15,4410,4425,09:23,4340,14:49,4345,2841600株,12422百万円,-130,-2.91,4371.453円,3186回,11587.70億円
6506,2020-01-16,4345,4345,09:00,4190,13:41,4220,3458800株,14656百万円,-125,-2.88,4237.347円,3881回,11254.34億円
6506,2020-01-17,4290,4290,09:00,4195,10:38,4215,2105000株,8900百万円,-5,-0.12,4227.813円,2496回,11241.00億円
6506,2020-01-20,4205,4285,10:40,4195,09:00,4255,1769100株,7517百万円,+40,+0.95,4248.867円,1885回,11347.68億円
6506,2020-01-21,4225,4245,09:02,4105,13:09,4120,2907200株,12039百万円,-135,-3.17,4141.079円,3622回,10987.65億円
6506,2020-01-22,4120,4185,12:30,4090,09:02,4130,2425900株,10038百万円,+10,+0.24,4137.721円,2555回,11014.32億円
6506,2020-01-23,4060,4105,09:57,4040,09:00,4085,1959800株,7999百万円,-45,-1.09,4081.468円,2278回,10894.31億円
6506,2020-01-24,4130,4135,09:00,4070,09:42,4090,2144100株,8781百万円,+5,+0.12,4095.393円,2066回,10907.64億円
6506,2020-01-27,3920,3975,10:06,3880,09:08,3895,3423800株,13406百万円,-195,-4.77,3915.571円,4186回,10387.59億円
6506,2020-01-28,3855,3890,14:47,3820,09:00,3875,2970700株,11460百万円,-20,-0.51,3857.551円,3120回,10334.26億円
6506,2020-01-29,3965,4025,09:03,3905,09:34,3955,3872600株,15288百万円,+80,+2.06,3947.653円,3593回,10548億円
6506,2020-01-30,3935,3975,09:05,3825,12:52,3865,2920400株,11354百万円,-90,-2.28,3887.964円,3491回,10308億円
6506,2020-01-31,3920,3940,09:02,3865,09:46,3875,2488400株,9692百万円,+10,+0.26,3894.725円,3247回,10334億円
6506,2020-02-03,3700,3850,14:29,3690,09:06,3845,2868200株,10874百万円,-30,-0.77,3791.402円,3562回,10254億円
6506,2020-02-04,3815,3865,09:05,3810,09:00,3855,2006200株,7714百万円,+10,+0.26,3844.884円,2690回,10281億円
6506,2020-02-05,3955,3960,09:03,3870,09:58,3890,1988500株,7767百万円,+35,+0.91,3905.89円,2535回,10374億円
6506,2020-02-06,3965,4010,13:42,3935,09:04,3990,2878900株,11467百万円,+100,+2.57,3983.271円,3079回,10641億円
6506,2020-02-07,3990,3995,09:00,3915,09:48,3950,1754200株,6929百万円,-40,-1.00,3950.21円,2301回,10534億円
6506,2020-02-10,3870,3890,09:04,3840,09:14,3850,1956600株,7552百万円,-100,-2.53,3859.726円,2349回,10268億円
6506,2020-02-10,3900,3940,09:02,3890,09:07,3925,1827300株,7164百万円,+75,+1.95,3920.479円,2316回,10468億円
6506,2020-02-13,3940,3970,10:50,3895,09:28,3930,2266800株,8911百万円,+5,+0.13,3931.121円,2431回,10481億円
6506,2020-02-14,3895,3910,09:02,3855,09:35,3890,1636900株,6351百万円,-40,-1.02,3880.079円,2312回,10374億円
6506,2020-02-17,3850,3905,11:06,3820,09:24,3875,1417500株,5477百万円,-15,-0.39,3863.497円,2012回,10334億円
6506,2020-02-17,3805,3820,09:00,3720,12:56,3740,2746100株,10298百万円,-135,-3.48,3749.959円,3533回,9974億円
6506,2020-02-18,3750,3760,09:00,3645,10:19,3730,3189100株,11840百万円,-10,-0.27,3712.793円,3680回,9948億円
6506,2020-02-20,3800,3810,09:00,3710,12:52,3735,2048500株,7700百万円,+5,+0.13,3758.796円,2526回,9961億円
6506,2020-02-21,3685,3750,09:23,3685,09:00,3705,1729400株,6432百万円,-30,-0.80,3719.359円,2062回,9881億円
6506,2020-02-25,3495,3640,11:25,3490,09:08,3615,3217700株,11537百万円,-90,-2.43,3585.435円,3780回,9641億円
6506,2020-02-26,3570,3635,12:45,3530,10:04,3620,3244000株,11658百万円,+5,+0.14,3593.823円,3399回,9654億円
6506,2020-02-27,3585,3605,09:00,3460,13:56,3500,2685400株,9437百万円,-120,-3.31,3514.133円,3136回,9334億円
6506,2020-02-28,3360,3395,09:34,3330,12:44,3385,3483300株,11733百万円,-115,-3.29,3368.315円,3743回,9027億円
6506,2020-03-02,3315,3415,12:41,3270,09:33,3370,4253500株,14256百万円,-15,-0.44,3351.491円,5158回,8987億円
6506,2020-03-03,3485,3505,09:07,3265,13:31,3290,4045100株,13562百万円,-80,-2.37,3352.75円,4774回,8774億円
6506,2020-03-04,3200,3305,12:31,3185,09:04,3275,3545700株,11526百万円,-15,-0.46,3250.621円,3783回,8734億円
6506,2020-03-05,3340,3365,09:00,3305,09:31,3330,2805900株,9349百万円,+55,+1.68,3331.887円,2697回,8881億円
6506,2020-03-06,3260,3315,09:18,3225,12:59,3250,2510700株,8161百万円,-80,-2.40,3250.358円,2689回,8667億円
6506,2020-03-06,3040,3080,09:23,2920,14:35,2950,5801300株,17242百万円,-300,-9.23,2972.078円,11684回,7867億円
6506,2020-03-10,2900,3020,13:49,2754,09:39,2975,5762200株,16767百万円,+25,+0.85,2909.825円,12776回,7934億円
6506,2020-03-11,2962,3065,09:13,2931,14:21,2934,3973300株,11844百万円,-41,-1.38,2980.847円,7278回,7825億円
6506,2020-03-12,2837,2874,09:15,2665,12:58,2692,7012500株,19223百万円,-242,-8.25,2741.302円,16022回,7179億円
6506,2020-03-13,2433,2690,14:18,2420,10:20,2556,6392900株,16054百万円,-136,-5.05,2511.229円,11906回,6817億円
6506,2020-03-16,2605,2660,09:00,2448,14:58,2450,3968800株,10085百万円,-106,-4.15,2540.996円,9190回,6534億円
6506,2020-03-17,2355,2539,10:34,2295,09:07,2479,6417200株,15727百万円,+29,+1.18,2450.712円,15344回,6611億円
6506,2020-03-18,2496,2528,09:14,2420,14:59,2429,3750800株,9264百万円,-50,-2.02,2469.977円,9554回,6478億円
6506,2020-03-19,2408,2480,09:05,2336,10:40,2470,4501100株,10911百万円,+41,+1.69,2423.972円,7892回,6587億円
