6659,2019-12-17,306,309,11:24,304,14:38,306,12800株,4百万円,+2,+0.66,306.117円,37回,17.37億円
6659,2019-12-18,307,308,09:24,304,12:45,305,14800株,5百万円,-1,-0.33,305.899円,26回,17.31億円
6659,2019-12-19,306,310,15:00,304,09:09,310,12500株,4百万円,+5,+1.64,306.992円,27回,17.59億円
6659,2019-12-20,312,313,09:00,306,11:16,311,26800株,8百万円,+1,+0.32,309.903円,41回,17.65億円
6659,2019-12-23,319,328,09:20,315,13:03,316,86100株,28百万円,+5,+1.61,320.366円,233回,17.93億円
6659,2019-12-24,315,319,09:26,313,14:09,314,42400株,13百万円,-2,-0.63,315.802円,59回,17.82億円
6659,2019-12-25,317,320,14:01,310,09:48,315,48000株,15百万円,+1,+0.32,315.723円,97回,17.88億円
6659,2019-12-26,315,319,15:00,310,10:11,319,37200株,12百万円,+4,+1.27,314.344円,60回,18.10億円
6659,2019-12-27,315,317,09:08,313,09:02,317,18000株,6百万円,-2,-0.63,315.183円,34回,17.99億円
6659,2019-12-30,317,321,09:04,314,10:31,318,25500株,8百万円,+1,+0.32,317.439円,65回,18.05億円
6659,2020-01-06,317,335,14:58,313,10:19,329,62600株,20百万円,+11,+3.46,321.728円,99回,18.67億円
6659,2020-01-07,330,353,14:33,323,09:16,344,264400株,90百万円,+15,+4.56,338.963円,480回,19.52億円
6659,2020-01-08,352,392,12:37,339,09:08,373,777800株,288百万円,+29,+8.43,370.019円,1702回,21.17億円
6659,2020-01-09,377,443,10:05,368,09:03,382,1978800株,802百万円,+9,+2.41,405.482円,3792回,21.68億円
6659,2020-01-10,374,394,14:59,360,10:06,394,391500株,147百万円,+12,+3.14,376.727円,725回,22.36億円
6659,2020-01-14,412,430,09:08,398,09:40,411,489700株,202百万円,+17,+4.31,412.792円,1014回,23.33億円
6659,2020-01-15,398,405,09:25,356,14:06,366,512100株,193百万円,-45,-10.95,376.715円,998回,20.77億円
6659,2020-01-16,372,386,09:18,356,09:46,372,313400株,116百万円,+6,+1.64,369.234円,541回,21.11億円
6659,2020-01-17,373,394,10:22,368,10:46,374,374400株,142百万円,+2,+0.54,377.976円,1156回,21.23億円
6659,2020-01-20,376,428,15:00,371,09:07,428,738100株,300百万円,+54,+14.44,406.049円,979回,24.29億円
6659,2020-01-21,416,424,10:20,413,09:25,413,266400株,111百万円,-15,-3.50,417.606円,435回,23.44億円
6659,2020-01-22,413,434,10:00,413,09:00,418,215900株,91百万円,+5,+1.21,423.495円,395回,23.72億円
6659,2020-01-23,423,439,09:45,416,14:45,417,346100株,148百万円,-1,-0.24,427.902円,656回,23.67億円
6659,2020-01-24,416,445,14:51,385,10:25,442,595100株,249百万円,+25,+6.00,419.161円,924回,25.08億円
6659,2020-01-27,410,423,09:23,391,14:44,395,352700株,143百万円,-47,-10.63,404.461円,654回,22.42億円
6659,2020-01-28,390,407,09:10,388,09:02,395,112500株,44百万円,0,0,394.161円,227回,22.42億円
6659,2020-01-29,395,404,12:58,391,09:32,394,70700株,28百万円,-1,-0.25,395.485円,144回,22.4億円
6659,2020-01-30,398,398,09:00,366,12:59,377,156400株,59百万円,-17,-4.31,379.177円,273回,21.4億円
6659,2020-01-31,369,381,09:53,369,09:00,374,95700株,36百万円,-3,-0.80,373.858円,177回,21.2億円
6659,2020-02-03,318,330,09:32,313,09:19,325,287900株,92百万円,-49,-13.10,319.955円,399回,18.4億円
6659,2020-02-04,327,335,09:35,323,09:12,325,46800株,15百万円,0,0,327.658円,114回,18.4億円
6659,2020-02-05,335,339,10:50,326,09:17,335,65900株,22百万円,+10,+3.08,332.977円,201回,19.0億円
6659,2020-02-06,343,356,09:19,343,09:00,347,121900株,42百万円,+12,+3.58,348.345円,249回,19.7億円
6659,2020-02-07,339,347,12:40,335,09:50,343,68800株,23百万円,-4,-1.15,339.651円,147回,19.5億円
6659,2020-02-10,332,338,09:51,331,09:25,331,61700株,21百万円,-12,-3.50,333.69円,118回,18.8億円
6659,2020-02-12,331,350,09:03,331,09:00,332,44200株,15百万円,+1,+0.30,335.753円,122回,18.8億円
6659,2020-02-13,331,334,09:00,324,14:59,328,32800株,11百万円,-4,-1.20,328.686円,88回,18.6億円
6659,2020-02-14,324,324,09:00,312,13:39,314,63200株,20百万円,-14,-4.27,316.601円,161回,17.8億円
6659,2020-02-17,312,312,09:00,302,09:46,303,65900株,20百万円,-11,-3.50,305.819円,118回,17.2億円
6659,2020-02-17,305,313,09:00,301,09:00,308,25700株,8百万円,+5,+1.65,305.587円,70回,17.5億円
6659,2020-02-18,308,317,13:10,308,09:00,310,19700株,6百万円,+2,+0.65,313.899円,53回,17.6億円
6659,2020-02-20,310,312,09:55,306,12:55,309,25400株,8百万円,-1,-0.32,308.886円,64回,17.5億円
6659,2020-02-21,309,314,11:07,304,14:47,309,32100株,10百万円,0,0,307.196円,66回,17.5億円
6659,2020-02-25,291,295,09:13,285,14:41,290,78600株,23百万円,-19,-6.15,290.795円,153回,16.5億円
6659,2020-02-26,288,288,09:00,272,11:30,274,72300株,20百万円,-16,-5.52,278.325円,148回,15.6億円
6659,2020-02-27,277,277,09:00,256,14:07,261,89700株,24百万円,-13,-4.74,264.662円,191回,14.8億円
6659,2020-02-28,229,263,09:46,229,09:09,234,163700株,40百万円,-27,-10.34,242.419円,196回,13.3億円
6659,2020-03-02,233,258,12:37,230,09:00,250,142300株,34百万円,+16,+6.84,241.895円,217回,14.2億円
6659,2020-03-03,256,259,09:03,235,13:04,239,157900株,39百万円,-11,-4.40,244.934円,251回,13.6億円
6659,2020-03-04,236,246,13:41,227,09:02,240,93500株,22百万円,+1,+0.42,236.868円,180回,13.6億円
6659,2020-03-05,238,254,10:52,232,11:22,240,132900株,32百万円,0,0,242.921円,223回,13.6億円
6659,2020-03-06,232,237,09:10,211,10:22,222,88200株,20百万円,-18,-7.50,223.33円,202回,12.6億円
6659,2020-03-06,200,208,09:06,190,11:00,190,203800株,40百万円,-32,-14.41,195.749円,179回,10.8億円
6659,2020-03-10,186,205,13:19,175,09:40,199,127800株,24百万円,+9,+4.74,188.154円,221回,11.3億円
6659,2020-03-11,199,200,09:07,185,15:00,185,81900株,16百万円,-14,-7.04,194.7円,156回,10.5億円
6659,2020-03-12,190,190,09:00,175,11:01,178,116300株,21百万円,-7,-3.78,181.831円,191回,10.1億円
6659,2020-03-13,160,164,09:25,149,13:32,149,166400株,26百万円,-29,-16.29,156.037円,190回,8.5億円
6659,2020-03-16,168,168,09:09,134,14:59,134,74000株,12百万円,-15,-10.07,156.732円,103回,7.6億円
6659,2020-03-17,133,169,09:52,129,09:04,166,210300株,31百万円,+32,+23.88,149.777円,419回,9.4億円
6659,2020-03-18,162,168,09:14,160,10:29,166,83000株,14百万円,0,0,163.619円,140回,9.4億円
6659,2020-03-19,163,168,09:20,148,13:50,161,63700株,10百万円,-5,-3.01,157.896円,100回,9.1億円
6659,2020-03-23,156,157,12:55,148,10:55,153,32200株,5百万円,-8,-4.97,154.469円,53回,8.7億円
6659,2020-03-24,153,164,09:19,153,09:00,163,38300株,6百万円,+10,+6.54,159.23円,75回,9.3億円
6659,2020-03-26,166,187,10:51,163,09:00,176,119700株,21百万円,+13,+7.98,175.999円,186回,10.0億円
6659,2020-03-26,176,176,09:00,167,09:07,168,17800株,3百万円,-8,-4.55,170.708円,49回,9.5億円
6659,2020-03-27,175,175,09:03,153,12:32,166,32800株,5百万円,-2,-1.19,160.723円,78回,9.4億円
6659,2020-03-30,165,165,09:00,152,14:29,157,29200株,5百万円,-9,-5.42,157.582円,63回,8.9億円
6659,2020-03-31,153,169,11:24,153,09:00,165,14100株,2百万円,+8,+5.10,162.546円,40回,9.4億円
6659,2020-04-01,161,167,09:04,158,14:59,158,5700株,1百万円,-7,-4.24,161.982円,15回,9.0億円
6659,2020-04-02,153,162,12:59,153,09:00,161,15200株,2百万円,+3,+1.90,157.73円,37回,9.1億円
6659,2020-04-03,161,161,09:00,152,13:02,153,13500株,2百万円,-8,-4.97,155.815円,42回,8.7億円
6659,2020-04-06,146,164,09:48,146,09:03,160,11800株,2百万円,+7,+4.58,152.381円,37回,9.1億円
6659,2020-04-07,157,167,10:28,157,09:00,167,28500株,5百万円,+7,+4.38,161.993円,51回,9.5億円
6659,2020-04-08,172,173,09:02,160,09:52,166,14500株,2百万円,-1,-0.60,167.262円,41回,9.4億円
6659,2020-04-09,166,173,10:21,165,12:47,168,18200株,3百万円,+2,+1.20,168.258円,36回,9.5億円
6659,2020-04-10,165,176,14:36,164,10:05,176,27600株,5百万円,+8,+4.76,169.638円,66回,10.0億円
6659,2020-04-13,179,181,09:06,177,09:26,177,20700株,4百万円,+1,+0.57,178.469円,43回,10.1億円
6659,2020-04-14,176,189,12:42,176,09:00,189,38500株,7百万円,+12,+6.78,183.213円,65回,10.7億円
6659,2020-04-15,190,190,09:00,184,12:51,184,33300株,6百万円,-5,-2.65,186.997円,56回,10.4億円
6659,2020-04-16,182,184,09:06,177,10:17,183,21000株,4百万円,-1,-0.54,181.314円,36回,10.4億円
6659,2020-04-17,187,188,09:28,180,09:49,187,22400株,4百万円,+4,+2.19,184.58円,55回,10.6億円
6659,2020-04-20,189,214,14:09,187,10:20,193,75600株,15百万円,+6,+3.21,200.112円,182回,11.0億円
6659,2020-04-21,193,193,09:00,183,09:13,187,38200株,7百万円,-6,-3.11,189.568円,71回,10.6億円
6659,2020-04-22,182,182,09:01,173,14:59,173,35900株,6百万円,-14,-7.49,178.607円,49回,9.8億円
6659,2020-04-23,174,184,15:00,174,09:00,184,16600株,3百万円,+11,+6.36,179.235円,31回,10.4億円
6659,2020-04-24,183,185,15:00,179,09:27,185,6800株,1百万円,+1,+0.54,182.427円,19回,10.5億円
6659,2020-04-27,183,195,14:13,182,10:02,194,37200株,7百万円,+9,+4.86,187.008円,63回,11.0億円
6659,2020-04-28,189,198,14:36,187,09:09,195,29100株,6百万円,+1,+0.52,191.313円,49回,11.1億円
6659,2020-04-30,200,208,15:00,197,10:27,208,29700株,6百万円,+13,+6.67,201.852円,55回,11.8億円
6659,2020-05-01,208,222,09:01,200,09:30,210,53200株,11百万円,+2,+0.96,210.143円,146回,11.9億円
6659,2020-05-07,202,208,13:59,198,09:29,208,29900株,6百万円,-2,-0.95,203.505円,59回,11.8億円
6659,2020-05-08,215,215,09:00,201,15:00,201,13100株,3百万円,-7,-3.37,207.214円,45回,11.4億円
6659,2020-05-11,197,212,13:03,197,09:00,205,31400株,6百万円,+4,+1.99,202.255円,68回,11.6億円,05/01,49.6,523.7,10.56
6659,2020-05-12,197,209,12:30,196,09:04,204,42100株,8百万円,-1,-0.49,199.515円,82回,11.6億円,05/01,49.6,523.7,10.56
6659,2020-05-13,204,208,14:18,195,09:12,208,21100株,4百万円,+4,+1.96,202.626円,67回,11.8億円,05/01,49.6,523.7,10.56
6659,2020-05-14,204,210,09:41,201,14:46,201,13200株,3百万円,-7,-3.37,204.879円,60回,11.4億円,05/01,49.6,523.7,10.56
6659,2020-05-15,201,204,09:00,197,09:06,197,9900株,2百万円,-4,-1.99,198.939円,45回,11.2億円,05/01,49.6,523.7,10.56
6659,2020-05-18,196,203,12:57,196,09:00,200,5900株,1百万円,+3,+1.52,201.068円,31回,11.4億円,05/01,49.6,523.7,10.56
6659,2020-05-19,204,206,09:40,202,09:51,206,10300株,2百万円,+6,+3.00,204.291円,45回,11.7億円,05/01,49.6,523.7,10.56
6659,2020-05-20,208,208,09:30,201,10:50,204,16700株,3百万円,-2,-0.97,204.701円,49回,11.6億円,05/15,43.3,491.9,11.36
6659,2020-05-21,206,209,10:20,203,12:49,206,10900株,2百万円,+2,+0.98,206.422円,55回,11.7億円,05/15,43.3,491.9,11.36
6659,2020-05-22,208,214,09:42,206,09:31,208,43000株,9百万円,+2,+0.97,209.674円,81回,11.8億円,05/15,43.3,491.9,11.36
