6666,2019-10-18,410,414,09:05,395,10:05,407,587600株,237百万円,-12,-2.86,403.006円,1208回,30.50億円
6666,2019-10-21,397,399,09:03,370,09:06,380,572000株,216百万円,-27,-6.63,377.685円,1049回,28.47億円
6666,2019-10-23,391,430,12:45,378,09:18,403,1411100株,575百万円,+23,+6.05,407.476円,2750回,30.20億円
6666,2019-10-24,395,397,09:00,379,10:21,391,340100株,132百万円,-12,-2.98,388.989円,647回,29.30億円
6666,2019-10-25,384,410,09:38,384,09:00,393,307500株,122百万円,+2,+0.51,396.873円,622回,29.45億円
6666,2019-10-28,386,394,09:08,376,11:06,378,216500株,83百万円,-15,-3.82,381.548円,474回,28.32億円
6666,2019-10-29,385,391,11:04,371,09:17,380,213500株,82百万円,+2,+0.53,382.17円,514回,28.47億円
6666,2019-10-30,380,382,09:00,362,13:51,368,202500株,75百万円,-12,-3.16,368.993円,437回,27.57億円
6666,2019-10-31,371,399,09:33,363,09:11,378,385500株,148百万円,+10,+2.72,382.8円,891回,28.32億円
6666,2019-11-01,371,391,15:00,371,09:00,391,172700株,66百万円,+13,+3.44,382.359円,394回,29.30億円
6666,2019-11-05,399,410,09:00,384,10:09,384,320800株,127百万円,-7,-1.79,394.668円,677回,28.77億円
6666,2019-11-07,376,396,13:46,376,09:00,395,141200株,55百万円,+14,+3.67,387.635円,376回,29.60億円
6666,2019-11-08,387,396,13:42,385,12:52,386,112500株,44百万円,-9,-2.28,389.872円,254回,28.92億円
6666,2019-11-11,385,400,11:20,380,10:01,387,130000株,51百万円,+1,+0.26,390.672円,307回,29.00億円
6666,2019-11-12,391,394,12:41,383,10:41,389,124100株,48百万円,+2,+0.52,389.273円,351回,29.15億円
6666,2019-11-13,381,386,09:35,353,13:59,358,263500株,97百万円,-31,-7.97,366.334円,627回,26.82億円
6666,2019-11-14,353,361,11:22,351,09:29,351,97300株,34百万円,-7,-1.96,354.397円,231回,26.30億円
6666,2019-11-15,352,370,10:07,352,09:00,362,79000株,29百万円,+11,+3.13,362.539円,245回,27.12億円
6666,2019-11-18,371,406,13:36,366,09:03,389,301000株,118百万円,+27,+7.46,390.599円,683回,29.15億円
6666,2019-11-19,389,399,10:47,386,09:36,397,100500株,40百万円,+8,+2.06,393.279円,276回,29.75億円
6666,2019-11-20,390,393,09:02,381,10:55,383,77100株,30百万円,-14,-3.53,385.903円,238回,28.70億円
6666,2019-11-21,383,383,09:00,365,10:52,375,91000株,34百万円,-8,-2.09,374.044円,261回,28.10億円
6666,2019-11-22,375,405,09:26,375,09:00,392,394100株,155百万円,+17,+4.53,394.355円,1093回,29.37億円
6666,2019-11-25,393,394,09:02,382,09:11,392,89600株,35百万円,0,0,389.691円,236回,29.37億円
6666,2019-11-26,395,410,09:54,385,14:55,387,220300株,88百万円,-5,-1.28,398.592円,596回,29.00億円
6666,2019-11-27,385,403,10:46,384,09:04,400,126800株,50百万円,+13,+3.36,396.717円,423回,29.97億円
6666,2019-11-28,397,427,10:06,397,09:00,420,530600株,221百万円,+20,+5.00,416.018円,1142回,31.47億円
6666,2019-11-29,425,449,14:01,416,09:04,449,784100株,341百万円,+29,+6.90,435.305円,1422回,33.64億円
6666,2019-12-02,465,480,09:07,431,10:11,438,888200株,403百万円,-11,-2.45,453.324円,1805回,32.82億円
6666,2019-12-03,431,489,14:25,425,09:00,477,950800株,441百万円,+39,+8.90,463.586円,1998回,35.74億円
6666,2019-12-05,444,476,11:03,444,09:00,453,682100株,313百万円,+9,+2.03,459.28円,1680回,33.94億円
6666,2019-12-06,447,517,14:22,447,09:00,499,1501600株,738百万円,+46,+10.15,491.161円,2854回,37.39億円
6666,2019-12-09,507,525,09:01,476,14:59,476,1208200株,605百万円,-23,-4.61,500.523円,2497回,35.67億円
6666,2019-12-10,492,520,14:20,483,09:07,515,1045600株,530百万円,+39,+8.19,506.863円,2117回,38.59億円
6666,2019-12-13,478,486,10:41,444,14:53,444,504900株,234百万円,-22,-4.72,463.71円,1025回,33.27億円
