6674,2019-08-06,1950,1960,09:01,1919,12:30,1939,317200株,614百万円,-24,-1.22,1936.74円,977回
6674,2019-08-06,1850,1945,14:30,1850,09:06,1919,580400株,1105百万円,-20,-1.03,1904.218円,2386回
6674,2019-08-07,1904,1909,09:01,1870,10:47,1882,405800株,764百万円,-37,-1.93,1882.968円,1383回
6674,2019-08-08,1884,1901,10:59,1881,10:07,1887,224500株,424百万円,+5,+0.27,1889.419円,678回
6674,2019-08-09,1904,1906,09:00,1882,09:42,1898,276300株,524百万円,+11,+0.58,1896.079円,702回
6674,2019-08-13,1868,1881,10:38,1859,09:03,1867,385200株,720百万円,-31,-1.63,1868.617円,1163回
6674,2019-08-14,1907,1925,09:15,1902,09:01,1909,392300株,750百万円,+42,+2.25,1912.156円,1106回
6674,2019-08-15,1856,1869,12:34,1846,09:30,1861,253200株,470百万円,-48,-2.51,1857.479円,716回
6674,2019-08-16,1840,1847,11:28,1831,09:00,1834,230000株,423百万円,-27,-1.45,1837.347円,642回
6674,2019-08-19,1837,1842,09:04,1827,09:08,1830,250500株,459百万円,-4,-0.22,1833.815円,676回
6674,2019-08-20,1838,1861,15:00,1831,09:02,1861,178400株,330百万円,+31,+1.69,1849.593円,534回
6674,2019-08-21,1832,1849,10:58,1828,14:52,1829,196600株,361百万円,-32,-1.72,1836.851円,648回
6674,2019-08-22,1842,1848,09:01,1817,12:53,1820,234500株,428百万円,-9,-0.49,1824.676円,669回
6674,2019-08-23,1822,1837,13:39,1818,09:27,1833,235100株,430百万円,+13,+0.71,1828.988円,706回
6674,2019-08-26,1784,1788,10:12,1759,14:24,1770,339500株,602百万円,-63,-3.44,1774.021円,890回
6674,2019-08-26,1785,1794,10:49,1779,09:19,1780,261100株,466百万円,+10,+0.56,1785.281円,892回
6674,2019-08-28,1782,1782,09:00,1748,14:52,1749,267900株,471百万円,-31,-1.74,1757.393円,756回
6674,2019-08-29,1750,1759,09:03,1728,11:08,1749,216200株,377百万円,0,0,1743.143円,607回
6674,2019-08-30,1771,1791,13:14,1771,09:00,1780,326400株,581百万円,+31,+1.77,1780.641円,857回
6674,2019-09-02,1769,1788,11:10,1766,09:20,1775,233500株,415百万円,-5,-0.28,1777.516円,689回
6674,2019-09-03,1775,1796,12:38,1767,09:00,1771,283600株,504百万円,-4,-0.23,1777.885円,849回
6674,2019-09-03,1765,1767,10:31,1746,14:49,1749,360900株,633百万円,-22,-1.24,1752.909円,944回
6674,2019-09-05,1770,1825,10:51,1770,09:00,1811,353600株,640百万円,+62,+3.54,1809.746円,1009回
6674,2019-09-05,1835,1839,09:02,1807,13:44,1811,262900株,478百万円,0,0,1816.926円,668回
6674,2019-09-07,1818,1818,09:00,1796,10:48,1805,166500株,301百万円,-6,-0.33,1805.503円,432回
6674,2019-09-10,1833,1847,14:27,1829,09:03,1846,267000株,491百万円,+41,+2.27,1840.675円,738回
6674,2019-09-11,1857,1888,14:22,1847,09:00,1888,381000株,715百万円,+42,+2.28,1877.876円,835回
6674,2019-09-12,1898,1919,13:39,1896,09:00,1910,367000株,701百万円,+22,+1.17,1909.228円,797回
6674,2019-09-13,1916,1916,09:00,1883,09:14,1902,573400株,1092百万円,-8,-0.42,1905.104円,1094回
6674,2019-09-17,1908,1926,13:49,1891,09:03,1918,384700株,737百万円,+16,+0.84,1915.213円,1072回
6674,2019-09-17,1916,1916,09:00,1885,11:10,1911,352600株,672百万円,-7,-0.36,1904.66円,881回,1580.68億円
6674,2019-09-19,1905,1942,10:29,1900,09:00,1914,245500株,472百万円,+3,+0.16,1921.736円,798回,1583.16億円
6674,2019-09-20,1930,1931,09:00,1900,12:41,1913,332700株,637百万円,-1,-0.05,1914.044円,670回,1582.34億円
6674,2019-09-24,1902,1921,09:19,1897,14:46,1898,209600株,399百万円,-15,-0.78,1903.125円,748回,1569.93億円
6674,2019-09-25,1874,1886,14:47,1861,10:31,1882,256900株,482百万円,-16,-0.84,1875.714円,674回,1556.70億円
6674,2019-09-26,1905,1917,09:48,1888,14:59,1893,273600株,520百万円,+11,+0.58,1900.996円,812回,1565.79億円
6674,2019-09-27,1883,1894,09:08,1852,11:05,1870,272200株,509百万円,-23,-1.22,1868.217円,834回,1546.77億円
6674,2019-09-30,1870,1885,09:31,1855,14:40,1867,274100株,512百万円,-3,-0.16,1867.03円,707回,1544.29億円
6674,2019-10-01,1862,1922,12:44,1862,09:00,1910,267900株,511百万円,+43,+2.30,1906.11円,810回,1579.86億円
6674,2019-10-02,1889,1941,12:59,1888,09:00,1918,436800株,839百万円,+8,+0.42,1921.398円,1367回,1586.47億円
6674,2019-10-03,1878,1886,09:09,1837,13:30,1850,393600株,729百万円,-68,-3.55,1851.761円,1225回,1530.23億円
6674,2019-10-04,1853,1865,09:07,1831,11:18,1842,253900株,468百万円,-8,-0.43,1844.259円,828回,1523.61億円
6674,2019-10-07,1858,1858,09:00,1837,10:42,1844,144300株,266百万円,+2,+0.11,1844.778円,535回,1525.26億円
6674,2019-10-08,1843,1863,09:08,1840,09:39,1840,328100株,605百万円,-4,-0.22,1845.35円,1108回,1521.95億円
6674,2019-10-09,1830,1831,12:37,1812,09:13,1823,233600株,426百万円,-17,-0.92,1822.933円,714回,1507.89億円
6674,2019-10-10,1851,1858,09:00,1809,09:30,1827,372600株,682百万円,+4,+0.22,1829.483円,1101回,1511.20億円
6674,2019-10-11,1841,1864,12:41,1820,09:02,1851,334100株,618百万円,+24,+1.31,1849.12円,860回,1531.05億円
6674,2019-10-15,1887,1919,10:39,1882,09:02,1895,415400株,790百万円,+44,+2.38,1902.631円,1221回,1567.45億円
6674,2019-10-16,1915,1927,09:16,1897,13:18,1897,314200株,599百万円,+2,+0.11,1905.971円,1061回,1569.10億円
6674,2019-10-17,1898,1899,09:00,1876,10:23,1890,237400株,448百万円,-7,-0.37,1889.056円,725回,1563.31億円
6674,2019-10-18,1895,1917,09:13,1895,09:00,1900,205200株,391百万円,+10,+0.53,1903.412円,672回,1571.58億円
6674,2019-10-21,1902,1919,10:57,1898,09:10,1909,290800株,555百万円,+9,+0.47,1909.089円,844回,1579.03億円
6674,2019-10-23,1920,1938,14:35,1907,09:20,1934,242800株,468百万円,+25,+1.31,1927円,863回,1599.71億円
6674,2019-10-24,1949,1967,10:58,1944,09:08,1965,308600株,605百万円,+31,+1.60,1959.798円,859回,1625.35億円
6674,2019-10-25,1960,1965,09:00,1927,14:25,1930,306300株,593百万円,-35,-1.78,1935.416円,801回,1596.40億円
6674,2019-10-28,1936,1942,09:12,1919,09:31,1926,288000株,555百万円,-4,-0.21,1928.599円,889回,1593.09億円
6674,2019-10-29,1948,1960,10:48,1938,09:03,1943,244800株,477百万円,+17,+0.88,1947.764円,808回,1607.15億円
6674,2019-10-30,1960,1965,09:00,1916,10:10,1928,738600株,1427百万円,-15,-0.77,1931.753円,1891回,1594.74億円
6674,2019-10-31,1934,1994,14:34,1930,09:18,1988,618900株,1217百万円,+60,+3.11,1967.1円,1784回,1644.37億円
6674,2019-11-01,1965,2008,12:39,1960,09:00,2000,516500株,1029百万円,+12,+0.60,1991.369円,1530回,1654.30億円
6674,2019-11-05,2015,2055,13:32,2010,09:00,2048,430600株,877百万円,+48,+2.40,2037.412円,1302回,1694.00億円
6674,2019-11-06,2048,2078,10:31,2036,09:10,2061,346400株,714百万円,+13,+0.63,2060.33円,1096回,1704.75億円
6674,2019-11-07,2084,2203,13:18,2067,09:00,2196,914000株,1981百万円,+135,+6.55,2167.32円,3077回,1816.42億円
6674,2019-11-08,2229,2267,13:52,2221,09:02,2259,965900株,2172百万円,+63,+2.87,2248.349円,2888回,1868.53億円
6674,2019-11-11,2250,2259,09:02,2219,12:36,2228,337500株,754百万円,-31,-1.37,2234.302円,1147回,1842.89億円
6674,2019-11-12,2232,2250,09:29,2221,12:35,2231,306100株,684百万円,+3,+0.13,2233.387円,1008回,1845.37億円
6674,2019-11-13,2238,2247,09:34,2223,11:30,2244,424000株,948百万円,+13,+0.58,2235.947円,1521回,1856.12億円
6674,2019-11-14,2222,2238,10:52,2213,14:55,2216,298200株,662百万円,-22,-0.98,2221.065円,900回,1832.96億円
6674,2019-11-15,2211,2286,13:56,2202,09:00,2271,550000株,1241百万円,+55,+2.48,2256.071円,1754回,1878.46億円
6674,2019-11-18,2275,2280,09:00,2243,13:48,2251,281200株,635百万円,-20,-0.88,2257.635円,935回,1861.91億円
6674,2019-11-19,2209,2235,11:29,2205,09:00,2222,301600株,670百万円,-29,-1.29,2220.92円,796回,1837.93億円
6674,2019-11-20,2219,2307,09:26,2219,09:00,2250,781700株,1773百万円,+28,+1.26,2267.679円,2417回,1861.09億円
6674,2019-11-21,2217,2241,09:17,2184,10:52,2223,393700株,872百万円,-27,-1.20,2215.283円,1268回,1838.75億円
6674,2019-11-22,2218,2244,11:30,2218,09:00,2241,194100株,434百万円,+18,+0.81,2236.264円,635回,1853.64億円
6674,2019-11-25,2270,2305,11:12,2267,09:00,2276,410400株,937百万円,+35,+1.56,2283.983円,1190回,1882.59億円
6674,2019-11-26,2282,2292,10:47,2244,12:38,2252,324300株,734百万円,-24,-1.05,2262.325円,1138回,1862.74億円
6674,2019-11-27,2243,2256,09:05,2224,10:42,2237,210500株,471百万円,-15,-0.67,2237.209円,658回,1850.33億円
6674,2019-11-28,2250,2252,09:00,2203,13:22,2216,250100株,555百万円,-21,-0.94,2218.528円,910回,1832.96億円
6674,2019-11-29,2201,2224,09:25,2201,09:00,2215,351800株,778百万円,-1,-0.05,2212.305円,1121回,1832.14億円
6674,2019-12-02,2237,2310,11:15,2237,09:00,2304,550700株,1262百万円,+89,+4.02,2291.252円,1470回,1905.75億円
6674,2019-12-03,2273,2303,10:04,2264,09:03,2291,389800株,892百万円,-13,-0.56,2288.147円,1190回,1895.00億円
6674,2019-12-05,2300,2344,13:23,2300,09:00,2330,472100株,1098百万円,+49,+2.15,2326.578円,1464回,1927.26億円
6674,2019-12-06,2339,2370,09:58,2330,09:05,2343,313300株,734百万円,+13,+0.56,2344.161円,1047回,1938.01億円
6674,2019-12-09,2380,2382,09:00,2337,09:10,2375,363100株,861百万円,+32,+1.37,2370.384円,1108回,1964.48億円
6674,2019-12-10,2387,2389,09:00,2372,13:16,2382,274900株,655百万円,+7,+0.29,2382.313円,800回,1970.27億円
6674,2019-12-13,2438,2447,09:03,2413,14:10,2424,425000株,1033百万円,+46,+1.93,2430.009円,1000回,2005.01億円
6674,2019-12-16,2414,2431,13:52,2409,09:32,2426,191500株,464百万円,+2,+0.08,2422.307円,619回,2006.66億円
6674,2019-12-17,2427,2431,09:00,2412,09:16,2425,220700株,535百万円,-1,-0.04,2422.727円,742回,2005.84億円
6674,2019-12-18,2425,2432,10:59,2410,13:59,2423,196300株,475百万円,-2,-0.08,2422.125円,675回,2004.18億円
6674,2019-12-19,2411,2429,14:49,2401,09:00,2429,210300株,509百万円,+6,+0.25,2421.323円,811回,2009.15億円
6674,2019-12-20,2414,2433,09:28,2403,09:00,2409,266400株,644百万円,-20,-0.82,2415.968円,699回,1992.60億円
6674,2019-12-23,2382,2402,09:59,2382,09:00,2389,176400株,421百万円,-20,-0.83,2389.282円,600回,1976.06億円
6674,2019-12-24,2399,2408,09:00,2373,12:44,2381,166800株,398百万円,-8,-0.33,2384.676円,559回,1969.44億円
6674,2019-12-25,2400,2400,09:00,2346,12:34,2359,114300株,270百万円,-22,-0.92,2362.031円,394回,1951.25億円
6674,2019-12-26,2347,2379,09:19,2346,09:00,2377,201100株,476百万円,+18,+0.76,2368.723円,712回,1966.13億円
6674,2019-12-27,2393,2406,09:00,2376,10:04,2379,150900株,360百万円,+2,+0.08,2384.829円,482回,1967.79億円
6674,2019-12-30,2361,2370,14:50,2342,09:10,2365,162800株,385百万円,-14,-0.59,2362.664円,516回,1956.21億円
6674,2020-01-06,2328,2358,14:49,2314,09:01,2356,272800株,639百万円,-9,-0.38,2343.168円,840回,1948.76億円
6674,2020-01-07,2406,2447,11:05,2406,09:00,2437,498400株,1213百万円,+81,+3.44,2433.22円,1537回,2015.76億円
6674,2020-01-08,2376,2385,09:03,2331,10:37,2355,426700株,1005百万円,-82,-3.36,2355.084円,1396回,1947.94億円
6674,2020-01-09,2403,2424,09:53,2399,09:13,2402,305900株,737百万円,+47,+2.00,2408.302円,885回,1986.81億円
6674,2020-01-10,2400,2415,09:05,2386,13:59,2387,227900株,546百万円,-15,-0.62,2395.662円,600回,1974.41億円
6674,2020-01-14,2402,2427,09:12,2389,13:33,2400,213200株,513百万円,+13,+0.54,2406.13円,721回,1985.16億円
6674,2020-01-15,2380,2395,14:53,2376,09:00,2393,202000株,482百万円,-7,-0.29,2388.602円,814回,1979.37億円
6674,2020-01-16,2400,2403,09:00,2364,14:26,2364,279600株,664百万円,-29,-1.21,2374.371円,1128回,1955.38億円
6674,2020-01-17,2371,2400,12:48,2369,09:09,2398,245800株,587百万円,+34,+1.44,2390.124円,841回,1983.50億円
6674,2020-01-20,2396,2407,09:00,2368,09:49,2373,199500株,475百万円,-25,-1.04,2380.527円,826回,1962.83億円
6674,2020-01-21,2364,2376,09:54,2353,14:23,2357,172100株,406百万円,-16,-0.67,2360.654円,518回,1949.59億円
6674,2020-01-22,2352,2376,10:37,2347,09:00,2363,214400株,507百万円,+6,+0.25,2363.843円,717回,1954.55億円
6674,2020-01-23,2359,2363,09:06,2330,14:53,2333,221000株,518百万円,-30,-1.27,2342.324円,800回,1929.74億円
6674,2020-01-24,2354,2354,09:00,2323,10:47,2331,168300株,393百万円,-2,-0.09,2333.173円,555回,1928.09億円
6674,2020-01-27,2288,2308,10:57,2283,09:02,2290,233600株,536百万円,-41,-1.76,2293.677円,865回,1894.17億円
