6703,2019-08-06,1410,1426,09:03,1387,12:30,1408,484000株,680百万円,-9,-0.64,1404.416円,1260回
6703,2019-08-06,1370,1431,14:25,1367,09:03,1428,748200株,1057百万円,+20,+1.42,1413.108円,1870回
6703,2019-08-07,1423,1447,09:47,1406,14:08,1406,443600株,630百万円,-22,-1.54,1420.33円,1275回
6703,2019-08-08,1417,1426,09:05,1406,13:40,1407,343900株,486百万円,+1,+0.07,1412.072円,964回
6703,2019-08-09,1419,1440,12:50,1416,09:02,1432,405100株,579百万円,+25,+1.78,1430.122円,902回
6703,2019-08-13,1415,1458,11:10,1410,09:00,1437,687100株,990百万円,+5,+0.35,1440.227円,1832回
6703,2019-08-14,1467,1500,09:40,1455,14:32,1463,722400株,1065百万円,+26,+1.81,1474.131円,1958回
6703,2019-08-15,1433,1459,10:48,1432,09:00,1443,314700株,455百万円,-20,-1.37,1444.299円,899回
6703,2019-08-16,1441,1459,09:03,1441,09:00,1449,361400株,523百万円,+6,+0.42,1447.416円,965回
6703,2019-08-19,1468,1472,09:00,1444,14:02,1449,361100株,524百万円,0,0,1452.063円,961回
6703,2019-08-20,1491,1494,09:03,1471,14:24,1481,552200株,818百万円,+32,+2.21,1480.858円,1799回
6703,2019-08-21,1479,1493,09:40,1476,09:10,1481,408400株,606百万円,0,0,1483.514円,1290回
6703,2019-08-22,1492,1496,09:00,1464,10:51,1474,350000株,516百万円,-7,-0.47,1474.119円,1184回
6703,2019-08-23,1470,1480,14:14,1453,09:05,1477,284800株,419百万円,+3,+0.20,1471.889円,992回
6703,2019-08-26,1441,1458,09:48,1428,14:10,1438,511700株,737百万円,-39,-2.64,1439.6円,1318回
6703,2019-08-26,1452,1471,14:00,1448,09:53,1465,319300株,467百万円,+27,+1.88,1462.228円,600回
6703,2019-08-28,1473,1476,09:02,1456,09:51,1465,224500株,329百万円,0,0,1464.33円,689回
6703,2019-08-29,1471,1477,09:04,1454,10:32,1464,283000株,414百万円,-1,-0.07,1463.333円,907回
6703,2019-08-30,1486,1496,14:31,1473,11:09,1489,508500株,756百万円,+25,+1.71,1487.192円,1103回
6703,2019-09-02,1483,1490,09:03,1472,13:41,1476,357300株,528百万円,-13,-0.87,1478.647円,865回
6703,2019-09-03,1471,1479,12:30,1458,13:58,1461,486300株,713百万円,-15,-1.02,1465.215円,1201回
6703,2019-09-03,1449,1450,09:01,1428,09:45,1435,544400株,783百万円,-26,-1.78,1437.882円,1270回
6703,2019-09-05,1431,1441,09:07,1417,10:19,1422,696800株,993百万円,-13,-0.91,1424.626円,1353回
6703,2019-09-05,1427,1429,09:49,1413,09:13,1424,406100株,578百万円,+2,+0.14,1423.147円,1150回
6703,2019-09-07,1418,1429,10:43,1407,09:11,1426,345100株,491百万円,+2,+0.14,1422.177円,860回
6703,2019-09-10,1426,1448,14:00,1425,09:00,1447,329900株,476百万円,+21,+1.47,1441.738円,1111回
6703,2019-09-11,1449,1470,14:07,1439,09:02,1470,384800株,562百万円,+23,+1.59,1461.385円,1139回
6703,2019-09-12,1485,1487,09:00,1455,14:21,1456,460300株,674百万円,-14,-0.95,1463.56円,1205回
6703,2019-09-13,1460,1470,13:36,1438,09:29,1467,450300株,657百万円,+11,+0.76,1459.729円,875回
6703,2019-09-17,1474,1479,10:41,1458,09:04,1464,289500株,425百万円,-3,-0.20,1467.195円,680回
6703,2019-09-17,1464,1475,11:05,1456,09:26,1469,340500株,500百万円,+5,+0.34,1467.718円,971回,1281.23億円
6703,2019-09-19,1462,1514,10:27,1462,09:00,1495,486000株,726百万円,+26,+1.77,1493.769円,1066回,1303.90億円
6703,2019-09-20,1502,1506,09:06,1483,14:47,1483,329600株,491百万円,-12,-0.80,1489.796円,781回,1293.44億円
6703,2019-09-24,1477,1497,10:15,1471,09:00,1481,283600株,421百万円,-2,-0.13,1485.097円,698回,1291.69億円
6703,2019-09-25,1481,1481,09:00,1468,09:09,1477,273600株,404百万円,-4,-0.27,1476.09円,700回,1288.20億円
6703,2019-09-26,1493,1507,10:15,1488,09:00,1498,363400株,545百万円,+21,+1.42,1500.061円,827回,1306.52億円
6703,2019-09-27,1503,1507,09:03,1478,14:07,1494,261600株,390百万円,-4,-0.27,1490.34円,748回,1303.03億円
6703,2019-09-30,1485,1490,09:39,1463,14:35,1471,357400株,527百万円,-23,-1.54,1474.818円,927回,1282.97億円
6703,2019-10-01,1468,1476,09:09,1457,12:49,1463,404900株,593百万円,-8,-0.54,1465.254円,1078回,1275.99億円
6703,2019-10-02,1446,1469,09:28,1432,09:00,1464,500700株,732百万円,+1,+0.07,1461.791円,1349回,1276.87億円
6703,2019-10-03,1445,1453,09:21,1424,14:39,1427,333200株,478百万円,-37,-2.53,1433.904円,754回,1244.60億円
6703,2019-10-04,1429,1429,09:00,1402,10:40,1413,344600株,487百万円,-14,-0.98,1413.158円,1077回,1232.38億円
6703,2019-10-07,1411,1412,09:10,1397,09:48,1409,349000株,490百万円,-4,-0.28,1403.728円,886回,1228.90億円
6703,2019-10-08,1413,1442,14:49,1413,09:00,1439,490500株,703百万円,+30,+2.13,1433.837円,1629回,1255.06億円
6703,2019-10-09,1432,1453,12:34,1432,09:00,1448,385800株,558百万円,+9,+0.63,1445.255円,986回,1262.91億円
6703,2019-10-10,1450,1451,09:00,1426,09:37,1442,249900株,360百万円,-6,-0.41,1440.012円,673回,1257.68億円
6703,2019-10-11,1448,1451,09:00,1433,09:09,1442,234100株,337百万円,0,0,1440.92円,643回,1257.68億円
6703,2019-10-15,1458,1459,09:00,1444,09:33,1457,334200株,485百万円,+15,+1.04,1452.636円,943回,1270.76億円
6703,2019-10-16,1472,1473,09:00,1455,14:44,1459,356700株,522百万円,+2,+0.14,1462.274円,901回,1272.50億円
6703,2019-10-17,1456,1463,13:23,1446,09:03,1461,258300株,376百万円,+2,+0.14,1457.069円,693回,1274.25億円
6703,2019-10-18,1459,1471,09:21,1444,12:48,1449,242700株,353百万円,-12,-0.82,1454.534円,668回,1263.78億円
6703,2019-10-21,1454,1458,09:07,1446,09:38,1455,186900株,272百万円,+6,+0.41,1452.96円,483回,1269.02億円
6703,2019-10-23,1464,1469,09:00,1451,09:22,1462,217000株,317百万円,+7,+0.48,1460.465円,537回,1275.12億円
6703,2019-10-24,1453,1462,13:11,1451,09:02,1462,267500株,390百万円,0,0,1458.572円,932回,1275.12億円
6703,2019-10-25,1461,1462,09:00,1442,14:38,1445,319300株,463百万円,-17,-1.16,1449.448円,851回,1260.29億円
6703,2019-10-28,1457,1457,09:00,1431,10:12,1446,399600株,576百万円,+1,+0.07,1441.535円,1121回,1261.17億円
6703,2019-10-29,1459,1473,10:17,1446,13:44,1451,489900株,714百万円,+5,+0.35,1456.43円,960回,1265.53億円
6703,2019-10-30,1455,1458,09:00,1442,10:56,1450,505400株,732百万円,-1,-0.07,1449.237円,802回,1264.66億円
6703,2019-10-31,1447,1455,09:35,1436,11:13,1454,335300株,486百万円,+4,+0.28,1450.056円,825回,1268.14億円
6703,2019-11-01,1442,1458,10:30,1431,14:06,1433,299800株,432百万円,-21,-1.44,1441.2円,867回,1249.83億円
6703,2019-11-05,1448,1463,13:04,1438,09:03,1457,464700株,677百万円,+24,+1.67,1456.142円,1231回,1270.76億円
6703,2019-11-06,1457,1477,10:05,1448,14:59,1451,887000株,1295百万円,-6,-0.41,1459.745円,1842回,1265.53億円
6703,2019-11-07,1444,1487,14:59,1441,09:00,1487,658200株,968百万円,+36,+2.48,1471.031円,1504回,1296.93億円
6703,2019-11-08,1537,1618,09:16,1520,12:33,1565,1863400株,2932百万円,+78,+5.25,1573.675円,5175回,1364.96億円
6703,2019-11-11,1559,1652,13:09,1551,09:01,1642,1345900株,2185百万円,+77,+4.92,1623.197円,3295回,1432.11億円
6703,2019-11-12,1630,1639,09:08,1598,12:45,1611,961300株,1552百万円,-31,-1.89,1614.377円,2456回,1405.08億円
6703,2019-11-13,1592,1599,09:00,1566,10:16,1587,456200株,721百万円,-24,-1.49,1580.507円,1460回,1384.14億円
6703,2019-11-14,1588,1594,09:06,1561,13:04,1570,390000株,614百万円,-15,-0.95,1574.455円,1145回,1369.32億円
6703,2019-11-15,1571,1584,11:11,1563,09:18,1573,338300株,533百万円,+3,+0.19,1574.126円,1219回,1371.93億円
6703,2019-11-18,1575,1577,09:00,1526,14:53,1531,523900株,808百万円,-42,-2.67,1542円,1204回,1335.30億円
6703,2019-11-19,1533,1544,11:25,1528,09:10,1531,358300株,550百万円,0,0,1534.884円,1099回,1335.30億円
6703,2019-11-20,1530,1530,09:00,1502,14:03,1507,377800株,571百万円,-24,-1.57,1512.702円,1037回,1314.37億円
6703,2019-11-21,1503,1509,14:44,1493,10:42,1508,400800株,602百万円,+1,+0.07,1501.089円,1198回,1315.24億円
6703,2019-11-22,1526,1537,09:31,1504,14:41,1509,397600株,603百万円,+1,+0.07,1516.483円,950回,1316.11億円
6703,2019-11-25,1509,1515,10:21,1495,14:45,1498,388200株,584百万円,-11,-0.73,1503.477円,934回,1306.52億円
6703,2019-11-26,1508,1513,10:47,1498,09:05,1510,416300株,628百万円,+12,+0.80,1507.392円,819回,1316.99億円
6703,2019-11-27,1510,1519,09:02,1503,09:36,1512,271200株,410百万円,+2,+0.13,1510.7円,901回,1318.73億円
6703,2019-11-28,1518,1519,09:00,1492,09:31,1502,391400株,588百万円,-10,-0.66,1501.215円,1033回,1310.01億円
6703,2019-11-29,1499,1515,10:07,1496,09:02,1507,303100株,457百万円,+5,+0.33,1508.809円,699回,1314.37億円
6703,2019-12-02,1510,1540,12:32,1510,09:00,1530,298300株,456百万円,+23,+1.53,1530.33円,783回,1334.43億円
6703,2019-12-03,1506,1520,12:42,1503,09:01,1513,190900株,289百万円,-17,-1.11,1511.489円,568回,1319.60億円
6703,2019-12-05,1525,1542,13:54,1523,09:00,1537,262200株,403百万円,+21,+1.39,1535.372円,709回,1340.53億円
6703,2019-12-06,1550,1559,12:30,1541,09:20,1549,284200株,441百万円,+12,+0.78,1551.356円,854回,1351.00億円
6703,2019-12-09,1573,1581,09:04,1561,11:07,1569,278500株,437百万円,+20,+1.29,1568.89円,777回,1368.44億円
6703,2019-12-10,1558,1572,12:58,1548,09:00,1566,240900株,377百万円,-3,-0.19,1563.342円,698回,1365.83億円
6703,2019-12-13,1597,1603,09:17,1582,13:48,1587,696100株,1109百万円,+10,+0.63,1592.573円,1380回,1384.14億円
6703,2019-12-16,1581,1583,09:26,1563,14:59,1563,305700株,480百万円,-24,-1.51,1569.075円,844回,1363.21億円
6703,2019-12-17,1570,1571,09:00,1545,13:24,1553,289600株,450百万円,-10,-0.64,1554.692円,852回,1354.49億円
6703,2019-12-18,1563,1577,10:32,1552,09:18,1569,428000株,671百万円,+16,+1.03,1568.793円,1324回,1368.44億円
6703,2019-12-19,1564,1567,09:03,1546,12:34,1554,287500株,447百万円,-15,-0.96,1555.338円,876回,1355.36億円
6703,2019-12-20,1555,1562,12:41,1548,14:35,1548,380400株,591百万円,-6,-0.39,1552.954円,931回,1350.13億円
6703,2019-12-23,1549,1554,09:00,1529,14:27,1534,269700株,414百万円,-14,-0.90,1536.613円,701回,1337.92億円
6703,2019-12-24,1537,1546,09:00,1519,12:43,1525,279500株,427百万円,-9,-0.59,1526.477円,776回,1330.07億円
6703,2019-12-25,1523,1526,09:00,1508,14:05,1513,224200株,340百万円,-12,-0.79,1515.479円,464回,1319.60億円
6703,2019-12-26,1520,1529,09:05,1516,13:08,1523,297800株,453百万円,+10,+0.66,1520.616円,831回,1328.32億円
6703,2019-12-27,1537,1543,12:31,1526,09:06,1536,258300株,396百万円,+13,+0.85,1534.413円,693回,1339.66億円
6703,2019-12-30,1535,1535,09:00,1516,13:49,1519,277900株,423百万円,-17,-1.11,1522.055円,808回,1324.84億円
6703,2020-01-06,1498,1516,10:30,1495,09:00,1510,430100株,649百万円,-9,-0.59,1508.019円,949回,1316.99億円
6703,2020-01-07,1511,1533,09:51,1509,09:00,1528,241600株,369百万円,+18,+1.19,1525.998円,660回,1332.68億円
6703,2020-01-08,1510,1510,09:00,1485,09:53,1495,419000株,627百万円,-33,-2.16,1496.522円,1334回,1303.90億円
6703,2020-01-09,1514,1522,10:34,1503,09:23,1515,278800株,422百万円,+20,+1.34,1514.081円,847回,1321.35億円
6703,2020-01-10,1510,1516,09:34,1503,09:00,1506,318400株,480百万円,-9,-0.59,1506.864円,835回,1313.50億円
6703,2020-01-14,1514,1516,09:00,1473,12:49,1488,496200株,738百万円,-18,-1.20,1487.798円,1254回,1297.80億円
6703,2020-01-15,1477,1477,09:00,1446,13:48,1457,586300株,855百万円,-31,-2.08,1457.657円,1493回,1270.76億円
6703,2020-01-16,1459,1462,11:24,1444,09:16,1452,340500株,495百万円,-5,-0.34,1453.226円,926回,1266.40億円
6703,2020-01-17,1450,1469,12:46,1441,09:05,1462,332500株,485百万円,+10,+0.69,1457.615円,860回,1275.12億円
6703,2020-01-20,1451,1471,14:36,1449,09:15,1470,244200株,357百万円,+8,+0.55,1461.733円,856回,1282.10億円
6703,2020-01-21,1470,1472,09:00,1455,10:20,1463,244900株,358百万円,-7,-0.48,1462.012円,694回,1275.99億円
6703,2020-01-22,1456,1463,09:50,1451,13:30,1455,265700株,387百万円,-8,-0.55,1456.071円,747回,1269.02億円
6703,2020-01-23,1454,1454,09:00,1418,14:13,1422,395600株,565百万円,-33,-2.27,1429.147円,1043回,1240.23億円
6703,2020-01-24,1437,1437,09:00,1412,09:45,1420,294000株,417百万円,-2,-0.14,1418.634円,800回,1238.49億円
6703,2020-01-27,1395,1404,13:01,1389,09:32,1397,334600株,467百万円,-23,-1.62,1397.046円,929回,1218.43億円
