6778,2019-12-17,1092,1172,14:13,1092,09:00,1156,504500株,573百万円,+50,+4.52,1135.973円,1588回,110.54億円
6778,2019-12-18,1146,1163,09:28,1116,12:32,1133,260000株,295百万円,-23,-1.99,1135.918円,881回,108.34億円
6778,2019-12-19,1121,1160,14:59,1121,09:00,1158,221000株,253百万円,+25,+2.21,1144.953円,734回,110.73億円
6778,2019-12-20,1152,1173,09:44,1138,11:24,1154,233900株,270百万円,-4,-0.35,1155.116円,890回,110.35億円
6778,2019-12-23,1143,1166,09:04,1127,12:46,1130,172300株,196百万円,-24,-2.08,1138.632円,564回,108.05億円
6778,2019-12-24,1131,1192,14:33,1131,09:00,1181,285700株,334百万円,+51,+4.51,1168.358円,1039回,112.93億円
6778,2019-12-25,1182,1217,09:11,1158,13:19,1191,275300株,327百万円,+10,+0.85,1187.022円,979回,113.88億円
6778,2019-12-26,1188,1211,10:22,1185,09:00,1205,228200株,274百万円,+14,+1.18,1199.326円,790回,115.22億円
6778,2019-12-27,1207,1217,10:10,1200,09:36,1212,138700株,168百万円,+7,+0.58,1209.211円,558回,115.89億円
6778,2019-12-30,1216,1244,14:59,1193,09:10,1243,165300株,202百万円,+31,+2.56,1219.471円,583回,118.86億円
6778,2020-01-06,1215,1238,09:53,1208,09:09,1227,173100株,211百万円,-16,-1.29,1221.284円,601回,117.33億円
6778,2020-01-07,1240,1284,12:56,1240,09:00,1258,322000株,407百万円,+31,+2.53,1265.258円,1045回,120.29億円
6778,2020-01-08,1259,1283,12:51,1201,09:42,1260,449800株,563百万円,+2,+0.16,1251.504円,1438回,120.48億円
6778,2020-01-09,1295,1325,09:09,1261,13:25,1263,524100株,675百万円,+3,+0.24,1288.232円,1228回,120.77億円
6778,2020-01-10,1269,1300,09:33,1267,09:00,1295,254700株,328百万円,+32,+2.53,1286.584円,805回,123.83億円
6778,2020-01-14,1328,1390,12:37,1327,09:03,1362,775400株,1054百万円,+67,+5.17,1359.811円,1946回,130.23億円
6778,2020-01-15,1351,1383,09:26,1333,10:06,1341,276400株,374百万円,-21,-1.54,1353.866円,959回,128.23億円
6778,2020-01-16,1370,1384,09:12,1356,13:26,1370,225500株,309百万円,+29,+2.16,1371.023円,859回,131.00億円
6778,2020-01-17,1400,1445,12:38,1383,09:13,1433,623900株,886百万円,+63,+4.60,1419.694円,1761回,137.02億円
6778,2020-01-20,1440,1484,12:31,1419,09:26,1480,386300株,564百万円,+47,+3.28,1458.825円,1320回,141.52億円
6778,2020-01-21,1480,1504,09:10,1434,09:25,1488,456500株,673百万円,+8,+0.54,1474.706円,1571回,142.28億円
6778,2020-01-22,1481,1491,10:29,1465,09:00,1476,211600株,313百万円,-12,-0.81,1480.892円,923回,141.14億円
6778,2020-01-23,1478,1488,10:04,1421,13:21,1436,340500株,494百万円,-40,-2.71,1452.117円,1293回,137.31億円
6778,2020-01-24,1455,1462,09:12,1375,10:00,1406,370900株,522百万円,-30,-2.09,1407.818円,1447回,134.44億円
6778,2020-01-27,1346,1394,09:50,1340,09:05,1342,362800株,495百万円,-64,-4.55,1363.463円,1144回,128.32億円
6778,2020-01-28,1333,1410,14:24,1330,09:00,1399,245600株,338百万円,+57,+4.25,1375.204円,850回,133.77億円
6778,2020-01-29,1397,1399,09:00,1336,09:29,1337,201100株,272百万円,-62,-4.43,1352.953円,819回,128億円
6778,2020-01-30,1315,1347,09:03,1264,12:34,1277,297400株,385百万円,-60,-4.49,1296.205円,1101回,122億円
6778,2020-01-31,1320,1354,09:11,1308,10:53,1322,183400株,243百万円,+45,+3.52,1327.305円,757回,126億円
6778,2020-02-03,1282,1342,14:45,1260,09:20,1330,189200株,246百万円,+8,+0.61,1299.974円,692回,127億円
6778,2020-02-04,1336,1380,14:41,1336,09:00,1373,167800株,229百万円,+43,+3.23,1363.644円,743回,131億円
6778,2020-02-05,1400,1408,09:00,1357,10:34,1376,174700株,241百万円,+3,+0.22,1380.942円,673回,132億円
6778,2020-02-06,1386,1397,09:00,1352,13:12,1363,121900株,167百万円,-13,-0.94,1371.576円,515回,130億円
6778,2020-02-07,1363,1372,10:44,1333,09:41,1362,98600株,133百万円,-1,-0.07,1352.221円,461回,130億円
6778,2020-02-10,1340,1348,09:44,1309,13:00,1315,125000株,166百万円,-47,-3.45,1324.652円,471回,126億円
6778,2020-02-12,1345,1358,14:02,1320,09:06,1352,116800株,157百万円,+37,+2.81,1340.612円,483回,129億円
6778,2020-02-13,1350,1360,10:46,1337,09:41,1357,80100株,108百万円,+5,+0.37,1350.197円,358回,130億円
6778,2020-02-14,1344,1356,09:04,1331,09:26,1346,89700株,121百万円,-11,-0.81,1344.484円,402回,129億円
6778,2020-02-17,1326,1348,12:43,1314,10:18,1341,118500株,158百万円,-5,-0.37,1330.448円,495回,128億円
6778,2020-02-17,1348,1350,10:36,1311,12:43,1334,121100株,161百万円,-7,-0.52,1331.784円,542回,128億円
6778,2020-02-18,1339,1385,14:01,1339,09:00,1381,159400株,218百万円,+47,+3.52,1368.402円,649回,132億円
6778,2020-02-20,1392,1395,09:00,1346,14:51,1353,124400株,170百万円,-28,-2.03,1366.748円,545回,129億円
6778,2020-02-21,1335,1377,13:20,1329,09:00,1355,103000株,140百万円,+2,+0.15,1360.402円,427回,130億円
6778,2020-02-25,1258,1298,10:51,1215,09:09,1266,132900株,169百万円,-89,-6.57,1271.801円,480回,121億円
6778,2020-02-26,1235,1264,09:07,1202,11:07,1220,146600株,180百万円,-46,-3.63,1230.267円,591回,117億円
6778,2020-02-27,1220,1226,09:32,1136,14:50,1141,173900株,204百万円,-79,-6.48,1174.179円,735回,109億円
6778,2020-02-28,1055,1116,10:02,1041,13:59,1050,301600株,323百万円,-91,-7.98,1070.125円,1032回,100億円
6778,2020-03-02,1051,1214,12:38,1051,09:00,1198,365600株,425百万円,+148,+14.10,1163.733円,1403回,115億円
6778,2020-03-03,1251,1257,09:03,1157,13:31,1167,232800株,279百万円,-31,-2.59,1199.685円,803回,112億円
6778,2020-03-04,1151,1239,10:30,1134,09:00,1227,206500株,249百万円,+60,+5.14,1206.806円,886回,117億円
6778,2020-03-05,1269,1271,09:03,1215,12:30,1254,280500株,349百万円,+27,+2.20,1242.588円,1145回,120億円
6778,2020-03-06,1494,1500,09:22,1293,12:54,1366,3887800株,5367百万円,+112,+8.93,1380.423円,12226回,131億円
6778,2020-03-06,1292,1365,09:57,1231,09:15,1340,1217200株,1596百万円,-26,-1.90,1310.808円,4030回,128億円
6778,2020-03-10,1326,1440,10:00,1257,09:10,1430,1163500株,1608百万円,+90,+6.72,1381.94円,4118回,137億円
6778,2020-03-11,1410,1468,09:12,1320,14:40,1327,715100株,990百万円,-103,-7.20,1384.59円,2467回,127億円
6778,2020-03-12,1299,1337,09:22,1162,12:38,1185,844600株,1049百万円,-142,-10.70,1241.742円,2885回,113億円
6778,2020-03-13,1036,1220,14:06,1036,09:12,1101,719500株,788百万円,-84,-7.09,1095.52円,2308回,105億円
6778,2020-03-16,1154,1258,12:43,1110,09:18,1183,612800株,732百万円,+82,+7.45,1195.279円,2327回,113億円
6778,2020-03-17,1153,1316,10:34,1153,09:01,1309,649400株,819百万円,+126,+10.65,1261.578円,2466回,125億円
6778,2020-03-18,1356,1410,09:13,1303,14:40,1313,573900株,775百万円,+4,+0.31,1350.009円,2245回,126億円
6778,2020-03-19,1373,1374,09:04,1251,14:23,1263,328900株,426百万円,-50,-3.81,1295.695円,1416回,121億円
6778,2020-03-23,1285,1285,09:00,1198,10:01,1280,295700株,368百万円,+17,+1.35,1246.16円,1262回,122億円
6778,2020-03-24,1328,1335,09:03,1240,14:33,1270,305300株,390百万円,-10,-0.78,1275.901円,1355回,121億円
6778,2020-03-25,1347,1381,14:37,1271,09:29,1379,516700株,688百万円,+109,+8.58,1331.871円,1859回,132億円
6778,2020-03-26,1306,1344,09:13,1273,10:09,1283,302700株,395百万円,-96,-6.96,1303.365円,1210回,123億円
6778,2020-03-27,1298,1320,09:01,1228,10:51,1243,258400株,326百万円,-40,-3.12,1263.272円,1112回,119億円
6778,2020-03-30,1213,1270,14:59,1202,09:03,1270,200000株,249百万円,+27,+2.17,1243.715円,908回,121億円
6778,2020-03-31,1277,1303,11:10,1246,13:38,1260,301700株,384百万円,-10,-0.79,1273.731円,1054回,120億円
6778,2020-04-01,1230,1245,12:30,1198,09:15,1202,221900株,271百万円,-58,-4.60,1220.786円,867回,115億円
6778,2020-04-02,1178,1206,09:05,1157,10:15,1158,199400株,234百万円,-44,-3.66,1175.736円,836回,111億円
6778,2020-04-03,1179,1183,09:01,1115,14:36,1124,167200株,191百万円,-34,-2.94,1143.494円,718回,107億円
6778,2020-04-06,1105,1181,14:52,1099,09:11,1165,193200株,222百万円,+41,+3.65,1147.444円,877回,111億円
6778,2020-04-07,1234,1244,09:06,1176,12:53,1214,143600株,173百万円,+49,+4.21,1207.58円,622回,116億円
6778,2020-04-08,1201,1270,15:00,1188,09:34,1270,151200株,188百万円,+56,+4.61,1242.235円,608回,121億円
6778,2020-04-09,1275,1278,09:00,1231,09:28,1247,175200株,220百万円,-23,-1.81,1255.644円,706回,119億円
6778,2020-04-10,1240,1247,09:00,1206,10:00,1231,111500株,137百万円,-16,-1.28,1226.753円,510回,118億円
6778,2020-04-13,1233,1256,10:41,1221,09:25,1231,135300株,168百万円,0,0,1238.83円,594回,118億円
6778,2020-04-14,1232,1281,13:20,1232,09:00,1270,175900株,222百万円,+39,+3.17,1260.101円,764回,121億円
6778,2020-04-15,1274,1283,14:09,1252,11:26,1255,147700株,187百万円,-15,-1.18,1265.697円,633回,120億円
6778,2020-04-16,1250,1261,14:48,1226,09:24,1258,117300株,146百万円,+3,+0.24,1240.97円,554回,120億円
6778,2020-04-17,1278,1297,09:00,1248,12:42,1263,127300株,161百万円,+5,+0.40,1268.264円,582回,121億円
6778,2020-04-20,1263,1345,13:07,1263,09:00,1311,261000株,343百万円,+48,+3.80,1313.603円,909回,125億円
6778,2020-04-21,1310,1332,09:06,1236,14:04,1238,207300株,264百万円,-73,-5.57,1274.195円,914回,118億円
6778,2020-04-22,1212,1225,12:36,1183,09:13,1199,142900株,171百万円,-39,-3.15,1200.016円,605回,115億円
6778,2020-04-23,1220,1255,10:10,1211,09:00,1227,96200株,118百万円,+28,+2.34,1229.66円,457回,117億円
6778,2020-04-24,1215,1235,15:00,1208,12:57,1235,65100株,79百万円,+8,+0.65,1220.138円,319回,118億円
6778,2020-04-27,1239,1263,11:06,1234,09:02,1260,82900株,104百万円,+25,+2.02,1253.747円,364回,120億円
6778,2020-04-28,1260,1282,14:56,1250,09:31,1279,97800株,124百万円,+19,+1.51,1265.418円,420回,122億円
6778,2020-04-30,1306,1311,09:00,1286,09:24,1288,146000株,189百万円,+9,+0.70,1296.14円,664回,123億円
6778,2020-05-01,1270,1305,14:25,1250,09:19,1299,143100株,183百万円,+11,+0.85,1276.864円,650回,124億円
6778,2020-05-07,1306,1345,15:00,1298,09:22,1345,203800株,270百万円,+46,+3.54,1323.947円,773回,129億円
6778,2020-05-08,1349,1362,09:03,1311,10:41,1332,197400株,264百万円,-13,-0.97,1338.26円,713回,127億円
6778,2020-05-11,1333,1375,11:30,1325,09:24,1352,157100株,213百万円,+20,+1.50,1354.472円,648回,129億円,05/01,53.2,603.7,11.35
6778,2020-05-12,1347,1377,10:14,1333,09:03,1359,118800株,162百万円,+7,+0.52,1361.138円,556回,130億円,05/01,53.2,603.7,11.35
6778,2020-05-13,1329,1349,12:32,1320,09:42,1342,83300株,111百万円,-17,-1.25,1333.867円,418回,128億円,05/01,53.2,603.7,11.35
6778,2020-05-14,1310,1325,09:27,1279,14:09,1279,232800株,303百万円,-63,-4.69,1299.542円,835回,122億円,05/01,53.2,603.7,11.35
6778,2020-05-15,1288,1290,09:16,1255,10:26,1285,127400株,162百万円,+6,+0.47,1271.792円,642回,123億円,05/01,53.2,603.7,11.35
6778,2020-05-18,1272,1293,10:31,1258,09:13,1281,120600株,154百万円,-4,-0.31,1276.745円,563回,122億円,05/01,53.2,603.7,11.35
6778,2020-05-19,1302,1303,09:00,1273,14:00,1279,115900株,149百万円,-2,-0.16,1282.217円,492回,122億円,05/01,53.2,603.7,11.35
6778,2020-05-20,1269,1310,14:35,1262,09:16,1310,162200株,210百万円,+31,+2.42,1292.104円,596回,125億円,05/01,53.2,603.7,11.35
6778,2020-05-21,1303,1347,09:48,1294,09:01,1322,255800株,339百万円,+12,+0.92,1326.154円,965回,126億円,05/15,46.9,644.3,13.74
6778,2020-05-22,1320,1331,09:01,1274,12:48,1290,207000株,267百万円,-32,-2.42,1290.54円,892回,123億円,05/15,46.9,644.3,13.74
6778,2020-05-25,1305,1345,10:15,1295,09:12,1318,175500株,232百万円,+28,+2.17,1323.586円,647回,126億円,05/15,46.9,644.3,13.74
6778,2020-05-26,1333,1374,10:12,1300,14:09,1316,290900株,390百万円,-2,-0.15,1340.007円,948回,126億円,05/15,46.9,644.3,13.74
6778,2020-05-27,1316,1360,10:59,1311,09:00,1351,204500株,275百万円,+35,+2.66,1342.669円,822回,129億円,05/15,46.9,644.3,13.74
6778,2020-05-28,1363,1388,09:21,1275,13:04,1298,434500株,574百万円,-53,-3.92,1320.869円,1367回,124億円,05/22,53.1,682.3,12.85
6778,2020-05-29,1290,1338,13:42,1280,09:01,1320,197700株,261百万円,+22,+1.69,1319.477円,708回,126億円,05/22,53.1,682.3,12.85
6778,2020-06-01,1338,1372,13:25,1321,09:01,1367,277000株,375百万円,+47,+3.56,1352.808円,903回,131億円,05/22,53.1,682.3,12.85
6778,2020-06-02,1363,1370,09:01,1331,09:50,1350,181500株,245百万円,-17,-1.24,1349.52円,676回,129億円,05/22,53.1,682.3,12.85
6778,2020-06-03,1362,1362,09:00,1314,11:27,1327,222800株,297百万円,-23,-1.70,1333.352円,768回,127億円,05/22,53.1,682.3,12.85
6778,2020-06-04,1328,1350,09:14,1283,12:37,1305,344500株,452百万円,-22,-1.66,1311.071円,1209回,125億円,05/29,61.3,654.5,10.68
6778,2020-06-05,1605,1605,09:27,1590,09:28,1605,913200株,1466百万円,+300,+22.99,1604.861円,207回,153億円,05/29,61.3,654.5,10.68
6778,2020-06-08,1635,1751,09:25,1610,09:00,1661,2634000株,4431百万円,+56,+3.49,1682.089円,8339回,159億円,05/29,61.3,654.5,10.68
6778,2020-06-09,1644,1648,09:00,1543,10:14,1589,857400株,1363百万円,-72,-4.33,1589.52円,3010回,152億円,05/29,61.3,654.5,10.68
6778,2020-06-10,1571,1674,12:30,1570,09:00,1647,614000株,1005百万円,+58,+3.65,1637.011円,2154回,157億円,06/05,112.8,775.9,6.88
6778,2020-06-11,1619,1669,10:39,1588,14:53,1598,466200株,756百万円,-49,-2.98,1621.553円,1737回,153億円,06/05,112.8,775.9,6.88
6778,2020-06-12,1528,1618,14:55,1515,09:03,1606,416500株,650百万円,+8,+0.50,1561.529円,1322回,154億円,06/05,112.8,775.9,6.88
6778,2020-06-15,1605,1606,09:00,1474,14:54,1475,438900株,674百万円,-131,-8.16,1535.331円,1492回,141億円,06/05,112.8,775.9,6.88
6778,2020-06-16,1550,1610,12:34,1525,09:07,1584,415000株,652百万円,+109,+7.39,1570.428円,1388回,151億円,06/05,112.8,775.9,6.88
6778,2020-06-17,1660,1845,11:13,1639,09:03,1786,1694600株,2984百万円,+202,+12.75,1760.912円,5734回,171億円,06/12,83.5,636.9,7.63
6778,2020-06-18,1780,1917,13:35,1741,09:03,1860,1597000株,2953百万円,+74,+4.14,1849.386円,5830回,178億円,06/12,83.5,636.9,7.63
6778,2020-06-19,1863,1948,11:09,1863,09:00,1886,933500株,1780百万円,+26,+1.40,1906.611円,3451回,180億円,06/12,83.5,636.9,7.63
6778,2020-06-22,1844,1944,12:46,1841,09:03,1896,650000株,1235百万円,+10,+0.53,1899.678円,2400回,181億円,06/12,83.5,636.9,7.63
6778,2020-06-23,1924,1924,09:00,1859,10:30,1897,570300株,1079百万円,+1,+0.05,1892.176円,2199回,181億円,06/12,83.5,636.9,7.63
6778,2020-06-24,1870,1910,09:10,1841,14:04,1875,307600株,576百万円,-22,-1.16,1871.385円,1288回,179億円,06/19,166.5,715.8,4.30
6778,2020-06-25,1878,1910,15:00,1860,11:14,1910,385200株,729百万円,+35,+1.87,1891.324円,1525回,183億円,06/19,166.5,715.8,4.30
6778,2020-06-26,1930,1935,09:00,1825,11:28,1860,402600株,750百万円,-50,-2.62,1863.839円,1565回,178億円,06/19,166.5,715.8,4.30
