6838,2019-12-17,2597,2620,09:02,2338,10:42,2433,636800株,1574百万円,-207,-7.84,2472.398円,3280回,111.48億円
6838,2019-12-18,2520,2711,09:41,2505,09:03,2606,575600株,1504百万円,+173,+7.11,2612.744円,3228回,119.41億円
6838,2019-12-19,2625,2860,13:47,2602,09:06,2835,755100株,2084百万円,+229,+8.79,2759.463円,3391回,129.90億円
6838,2019-12-20,2800,2900,12:33,2755,09:15,2842,473800株,1341百万円,+7,+0.25,2831.169円,2428回,130.26億円
6838,2019-12-23,2832,2942,11:05,2776,09:09,2843,512600株,1464百万円,+1,+0.04,2856.43円,2381回,130.31億円
6838,2019-12-24,2890,2900,09:01,2809,12:51,2837,254800株,727百万円,-6,-0.21,2853.219円,1291回,130.03億円
6838,2019-12-25,2820,2860,10:20,2784,14:49,2791,247000株,697百万円,-46,-1.62,2820.197円,1100回,127.92億円
6838,2019-12-26,2785,2921,10:23,2777,09:00,2844,368700株,1057百万円,+53,+1.90,2866.362円,1783回,130.35億円
6838,2019-12-27,2877,3050,09:54,2857,09:01,3020,509600株,1518百万円,+176,+6.19,2978.075円,2049回,138.42億円
6838,2019-12-30,3000,3090,09:13,2854,09:40,2983,470900株,1394百万円,-37,-1.23,2960.767円,2217回,136.72億円
6838,2020-01-06,2917,3175,09:39,2911,09:03,3105,451000株,1390百万円,+122,+4.09,3082.383円,1854回,142.31億円
6838,2020-01-07,3170,3370,14:40,3130,09:04,3360,591900株,1934百万円,+255,+8.21,3266.78円,2036回,154.00億円
6838,2020-01-08,3360,3500,09:12,3190,09:38,3435,818800株,2768百万円,+75,+2.23,3381.128円,3504回,157.44億円
6838,2020-01-09,3510,3615,09:13,3500,10:12,3565,516000株,1834百万円,+130,+3.78,3553.872円,1918回,163.40億円
6838,2020-01-10,3620,3880,14:44,3610,09:00,3840,669100株,2489百万円,+275,+7.71,3720.256円,2390回,176.00億円
6838,2020-01-14,3990,4480,14:24,3675,14:53,3960,1565300株,6452百万円,+120,+3.13,4121.997円,6698回,181.50億円
6838,2020-01-15,3750,4100,09:15,3445,10:09,3625,1179700株,4360百万円,-335,-8.46,3695.447円,5644回,166.15億円
6838,2020-01-16,3650,3870,09:22,3650,09:00,3750,540800株,2038百万円,+125,+3.45,3768.106円,2375回,171.88億円
6838,2020-01-17,3865,3870,09:09,3605,14:12,3725,383600株,1443百万円,-25,-0.67,3761.814円,1617回,170.73億円
6838,2020-01-20,3680,3685,09:00,3240,12:54,3330,623100株,2118百万円,-395,-10.60,3398.633円,2577回,153.09億円
6838,2020-01-21,3290,3465,09:38,3265,09:01,3395,318200株,1078百万円,+65,+1.95,3388.168円,1361回,156.08億円
6838,2020-01-22,3375,3465,13:13,3300,09:03,3440,176600株,598百万円,+45,+1.33,3388.842円,880回,158.15億円
6838,2020-01-23,3570,3740,13:57,3420,09:24,3625,538200株,1938百万円,+185,+5.38,3600.642円,2141回,166.66億円
6838,2020-01-24,3700,3830,09:11,3665,09:03,3740,427100株,1600百万円,+115,+3.17,3747.282円,1633回,171.94億円
6838,2020-01-27,3600,3770,10:06,3575,09:03,3750,244000株,901百万円,+10,+0.27,3693.377円,1033回,172.40億円
6838,2020-01-28,3680,3720,09:06,3630,09:34,3685,211400株,778百万円,-65,-1.73,3682.072円,871回,169.41億円
6838,2020-01-29,3750,3750,09:00,3405,14:50,3420,356100株,1258百万円,-265,-7.19,3531.943円,1528回,157億円
6838,2020-01-30,3375,3420,09:03,2775,11:24,3010,893100株,2683百万円,-410,-11.99,3004.381円,4370回,138億円
6838,2020-01-31,3105,3250,10:03,3010,14:30,3030,433800株,1361百万円,+20,+0.66,3137.277円,1907回,139億円
6838,2020-02-03,2810,3200,14:38,2803,09:09,3160,452600株,1348百万円,+130,+4.29,2978.467円,1856回,145億円
6838,2020-02-04,3140,3335,12:47,3125,09:26,3215,368700株,1193百万円,+55,+1.74,3235.306円,1371回,148億円
6838,2020-02-05,3355,3410,09:08,3190,14:48,3220,280400株,924百万円,+5,+0.16,3296.12円,1094回,148億円
6838,2020-02-06,3270,3305,10:12,3220,09:20,3260,162200株,530百万円,+40,+1.24,3267.999円,711回,150億円
6838,2020-02-07,3210,3260,09:01,2954,14:21,3000,364200株,1120百万円,-260,-7.98,3076.436円,1480回,138億円
6838,2020-02-10,2910,3080,11:13,2880,09:12,3005,206500株,615百万円,+5,+0.17,2976.605円,907回,138億円
6838,2020-02-12,3030,3065,09:02,2931,09:53,2979,155000株,463百万円,-26,-0.87,2985.494円,693回,137億円
6838,2020-02-13,3000,3045,09:00,2954,13:26,2975,137300株,410百万円,-4,-0.13,2982.526円,685回,137億円
6838,2020-02-14,2960,3215,12:34,2590,14:03,2643,938300株,2691百万円,-332,-11.16,2867.666円,5107回,122億円
6838,2020-02-17,2510,2526,09:06,2284,14:43,2327,634400株,1508百万円,-316,-11.96,2376.63円,2663回,107億円
6838,2020-02-17,2374,2433,14:54,2266,10:18,2422,353600株,834百万円,+95,+4.08,2359.042円,1503回,111億円
6838,2020-02-18,2458,2884,11:07,2458,09:00,2741,1069100株,2873百万円,+319,+13.17,2687.13円,6053回,126億円
6838,2020-02-20,2695,2799,09:53,2465,13:11,2474,758400株,1984百万円,-267,-9.74,2616.231円,3824回,120億円
6838,2020-02-21,2470,2630,09:24,2464,09:00,2516,339800株,859百万円,+42,+1.70,2528.921円,1975回,122億円
6838,2020-02-25,2300,2390,13:57,2270,09:23,2365,415100株,967百万円,-151,-6.00,2328.389円,1678回,115億円
6838,2020-02-26,2347,2405,09:04,2216,11:09,2273,307800株,704百万円,-92,-3.89,2285.586円,1467回,111億円
6838,2020-02-27,2293,2341,09:41,2143,14:46,2178,311600株,690百万円,-95,-4.18,2214.405円,1473回,106億円
6838,2020-02-28,1950,2070,10:00,1880,09:18,1930,506300株,995百万円,-248,-11.39,1965.175円,1903回,93.8億円
6838,2020-03-02,1930,2300,10:33,1908,09:00,2235,552900株,1184百万円,+305,+15.80,2141.592円,2444回,109億円
6838,2020-03-03,2366,2429,09:06,2150,12:30,2165,544400株,1252百万円,-70,-3.13,2298.924円,2604回,105億円
6838,2020-03-04,2122,2340,13:47,2092,09:03,2307,395400株,891百万円,+142,+6.56,2254.617円,2188回,112億円
6838,2020-03-05,2380,2450,09:06,2182,14:01,2196,530100株,1216百万円,-111,-4.81,2294.019円,2548回,107億円
6838,2020-03-06,2189,2234,09:21,2074,11:27,2127,210400株,450百万円,-69,-3.14,2138.936円,1158回,103億円
6838,2020-03-06,1950,1990,09:09,1790,14:28,1802,362300株,672百万円,-325,-15.28,1856.001円,1699回,87.6億円
6838,2020-03-10,1747,1993,14:42,1634,09:11,1955,551000株,1000百万円,+153,+8.49,1815.103円,2409回,95.1億円
6838,2020-03-11,1936,2066,09:11,1840,12:33,1859,333200株,639百万円,-96,-4.91,1917.228円,1635回,90.4億円
6838,2020-03-12,1779,1941,09:56,1779,09:05,1887,349000株,649百万円,+28,+1.51,1858.689円,1870回,91.7億円
6838,2020-03-13,1697,1868,14:19,1695,09:12,1765,264800株,466百万円,-122,-6.47,1758.077円,1349回,85.8億円
6838,2020-03-16,1800,1897,09:34,1733,09:12,1763,197100株,361百万円,-2,-0.11,1832.958円,1023回,85.7億円
6838,2020-03-17,1723,1965,10:33,1704,09:04,1951,331500株,624百万円,+188,+10.66,1882.497円,1666回,94.9億円
6838,2020-03-18,2060,2130,09:14,1922,14:41,1928,265900株,539百万円,-23,-1.18,2028.833円,1316回,93.7億円
6838,2020-03-19,2056,2057,09:06,1880,12:55,1909,141000株,276百万円,-19,-0.99,1955.651円,711回,92.8億円
6838,2020-03-23,1901,1995,12:52,1862,10:04,1978,144200株,280百万円,+69,+3.61,1939.363円,746回,96.2億円
6838,2020-03-24,2078,2116,09:15,2008,13:09,2044,217700株,449百万円,+66,+3.34,2061.686円,1089回,99.4億円
6838,2020-03-25,2150,2178,09:08,2060,09:35,2112,240300株,509百万円,+68,+3.33,2119.454円,1148回,103億円
6838,2020-03-26,2001,2056,09:12,1922,14:56,1930,162100株,322百万円,-182,-8.62,1985.371円,767回,93.9億円
6838,2020-03-27,1970,2010,09:03,1891,15:00,1891,128100株,248百万円,-39,-2.02,1937.436円,617回,92.0億円
6838,2020-03-30,1891,2007,09:35,1891,09:00,1950,177800株,345百万円,+59,+3.12,1941.516円,970回,94.8億円
6838,2020-03-31,1990,2329,12:48,1932,09:42,2176,757700株,1630百万円,+226,+11.59,2151.72円,3965回,106億円
6838,2020-04-01,2137,2216,09:01,1991,14:50,2001,379200株,794百万円,-175,-8.04,2093.469円,1993回,97.3億円
6838,2020-04-02,2000,2007,09:01,1919,10:18,1933,264600株,515百万円,-68,-3.40,1947.815円,1382回,94.0億円
6838,2020-04-03,1955,1978,09:02,1781,13:19,1825,294500株,547百万円,-108,-5.59,1858.835円,1446回,88.8億円
6838,2020-04-06,1786,1890,14:53,1716,09:12,1870,244200株,443百万円,+45,+2.47,1814.562円,1460回,91.0億円
6838,2020-04-07,1943,1953,10:22,1845,12:54,1937,233200株,445百万円,+67,+3.58,1909.179円,1127回,94.2億円
6838,2020-04-08,1905,2034,13:55,1862,09:31,2024,260300株,510百万円,+87,+4.49,1957.537円,1409回,98.4億円
6838,2020-04-09,2055,2127,09:02,2024,13:23,2030,312500株,647百万円,+6,+0.30,2069.271円,1586回,98.7億円
6838,2020-04-10,2050,2056,09:02,1956,10:01,2021,147900株,296百万円,-9,-0.44,2002.174円,763回,98.3億円
6838,2020-04-13,2018,2050,10:36,1961,09:19,1989,107300株,215百万円,-32,-1.58,2000.498円,585回,96.7億円
6838,2020-04-14,2017,2167,13:11,1988,09:03,2138,327000株,689百万円,+149,+7.49,2105.756円,1489回,104億円
6838,2020-04-15,2160,2398,14:12,2132,09:02,2320,591700株,1356百万円,+182,+8.51,2291.52円,2759回,113億円
6838,2020-04-16,2280,2367,10:17,2233,09:20,2294,290900株,668百万円,-26,-1.12,2296.835円,1431回,112億円
6838,2020-04-17,2350,2368,09:04,2226,13:02,2278,249300株,571百万円,-16,-0.70,2290.361円,1324回,111億円
6838,2020-04-20,2281,2342,13:00,2243,09:00,2273,182700株,421百万円,-5,-0.22,2302.725円,910回,115億円
6838,2020-04-21,2241,2253,09:04,2063,12:48,2113,261900株,564百万円,-160,-7.04,2154.835円,1239回,107億円
6838,2020-04-22,2049,2100,12:34,1981,09:13,2050,157700株,320百万円,-63,-2.98,2030.119円,813回,104億円
6838,2020-04-23,2100,2144,09:01,2058,13:47,2090,114300株,240百万円,+40,+1.95,2098.394円,604回,106億円
6838,2020-04-24,2052,2090,09:01,2001,13:16,2029,108200株,220百万円,-61,-2.92,2034.39円,524回,103億円
6838,2020-04-27,2039,2112,09:34,2034,09:01,2092,108400株,226百万円,+63,+3.10,2081.264円,527回,106億円
6838,2020-04-28,2142,2206,09:18,2093,10:19,2130,154000株,331百万円,+38,+1.82,2146.398円,853回,108億円
6838,2020-04-30,2200,2240,09:08,2153,12:46,2182,158700株,348百万円,+52,+2.44,2191.976円,746回,110億円
6838,2020-05-01,2132,2146,09:00,2091,09:39,2132,109400株,232百万円,-50,-2.29,2116.348円,555回,108億円
6838,2020-05-07,2130,2247,13:31,2108,09:00,2239,174200株,383百万円,+107,+5.02,2200.459円,778回,113億円
6838,2020-05-08,2300,2306,09:04,2184,10:25,2236,227300株,511百万円,-3,-0.13,2250.031円,1040回,113億円
6838,2020-05-11,2281,2281,09:00,2218,09:56,2272,146500株,329百万円,+36,+1.61,2245.672円,681回,115億円,05/01,0.0,591.7,－
6838,2020-05-12,2289,2347,13:15,2260,09:31,2340,264100株,612百万円,+68,+2.99,2315.726円,1129回,118億円,05/01,0.0,591.7,－
6838,2020-05-13,2284,2339,14:07,2233,09:27,2337,192300株,440百万円,-3,-0.13,2285.766円,898回,118億円,05/01,0.0,591.7,－
6838,2020-05-14,2300,2385,10:10,2222,15:00,2222,251800株,579百万円,-115,-4.92,2300.481円,1245回,112億円,05/01,0.0,591.7,－
6838,2020-05-15,2270,2272,09:03,2062,12:36,2113,364000株,774百万円,-109,-4.91,2126.715円,1607回,107億円,05/01,0.0,591.7,－
6838,2020-05-18,2121,2190,15:00,2040,09:08,2190,209500株,444百万円,+77,+3.64,2119.992円,1005回,111億円,05/01,0.0,591.7,－
6838,2020-05-19,2233,2234,09:00,2132,10:11,2160,172300株,375百万円,-30,-1.37,2176.286円,902回,109億円,05/01,0.0,591.7,－
6838,2020-05-20,2175,2267,14:59,2160,09:00,2266,368800株,822百万円,+106,+4.91,2228.245円,1466回,115億円,05/01,0.0,591.7,－
6838,2020-05-21,2466,2766,10:31,2400,09:13,2766,2294100株,6110百万円,+500,+22.07,2663.304円,9857回,141億円,05/15,0.0,638.8,－
6838,2020-05-22,2735,2817,09:02,2554,09:56,2635,1154100株,3081百万円,-131,-4.74,2669.693円,5704回,135億円,05/15,0.0,638.8,－
