6841,2019-08-06,1860,1876,10:13,1831,12:30,1852,1114600株,2064百万円,-48,-2.53,1852.026円,2254回
6841,2019-08-06,1812,1897,14:59,1804,09:23,1890,1637900株,3047百万円,+38,+2.05,1860.259円,3707回
6841,2019-08-07,2022,2045,09:15,1976,14:54,1982,3223000株,6439百万円,+92,+4.87,1997.685円,5593回
6841,2019-08-08,1966,2002,10:57,1942,09:01,1983,886900株,1758百万円,+1,+0.05,1981.838円,2351回
6841,2019-08-09,1999,2039,10:53,1987,09:00,1999,1077900株,2163百万円,+16,+0.81,2006.811円,1823回
6841,2019-08-13,1969,2005,14:46,1943,09:04,1999,1122000株,2233百万円,0,0,1989.792円,2411回
6841,2019-08-14,2011,2047,14:48,2007,09:10,2043,945100株,1925百万円,+44,+2.20,2036.927円,1881回
6841,2019-08-15,1981,2012,10:21,1979,09:33,2005,782000株,1565百万円,-38,-1.86,2001.326円,1538回
6841,2019-08-16,1987,2021,09:55,1983,09:00,2014,576500株,1158百万円,+9,+0.45,2009.387円,1455回
6841,2019-08-19,2035,2035,09:00,1998,14:05,1999,407100株,818百万円,-15,-0.74,2008.709円,953回
6841,2019-08-20,2010,2017,09:00,2002,10:01,2012,410500株,825百万円,+13,+0.65,2009.753円,946回
6841,2019-08-21,1984,2007,14:11,1975,09:02,2003,406500株,812百万円,-9,-0.45,1997.424円,1084回
6841,2019-08-22,2016,2024,10:28,1988,12:30,1990,423700株,846百万円,-13,-0.65,1997.42円,1030回
6841,2019-08-23,1969,2012,10:07,1969,09:00,2007,528000株,1056百万円,+17,+0.85,2000.658円,1325回
6841,2019-08-26,1927,1939,09:04,1891,14:51,1896,1068000株,2037百万円,-111,-5.53,1907.127円,2363回
6841,2019-08-26,1921,1950,12:36,1918,09:09,1935,762200株,1476百万円,+39,+2.06,1936.002円,1474回
6841,2019-08-28,1916,1916,09:00,1888,10:29,1890,980000株,1857百万円,-45,-2.33,1895.359円,2506回
6841,2019-08-29,1901,1918,09:40,1884,11:24,1896,812200株,1542百万円,+6,+0.32,1898.628円,1617回
6841,2019-08-30,1932,1938,09:00,1919,09:04,1930,886200株,1710百万円,+34,+1.79,1929.127円,1778回
6841,2019-09-02,1917,1917,09:00,1888,12:42,1890,1158400株,2196百万円,-40,-2.07,1895.487円,2427回
6841,2019-09-03,1889,1913,09:59,1880,09:00,1894,556000株,1055百万円,+4,+0.21,1898.213円,1199回
6841,2019-09-03,1878,1883,09:04,1865,12:40,1868,552800株,1035百万円,-26,-1.37,1871.492円,1194回
6841,2019-09-05,1889,1940,11:12,1884,09:00,1921,1104900株,2124百万円,+53,+2.84,1922.601円,1756回
6841,2019-09-05,1942,1959,09:54,1932,09:00,1949,843600株,1645百万円,+28,+1.46,1949.764円,1227回
6841,2019-09-07,1954,1954,09:00,1927,12:30,1939,678600株,1315百万円,-10,-0.51,1937.537円,1127回
6841,2019-09-10,1939,1971,14:59,1937,09:00,1970,779400株,1530百万円,+31,+1.60,1963.647円,1428回
6841,2019-09-11,1963,1965,09:00,1931,11:00,1951,1240800株,2417百万円,-19,-0.96,1947.599円,1972回
6841,2019-09-12,1969,1982,10:54,1961,09:00,1961,1188600株,2339百万円,+10,+0.51,1967.826円,1661回
6841,2019-09-13,1979,1979,09:00,1945,14:25,1949,1849100株,3631百万円,-12,-0.61,1963.783円,1793回
6841,2019-09-17,1985,2038,12:31,1983,09:00,2023,1332400株,2692百万円,+74,+3.80,2020.068円,2383回
6841,2019-09-17,1991,1997,09:01,1974,12:46,1985,902100株,1791百万円,-38,-1.88,1984.885円,1689回,5332.20億円
6841,2019-09-19,1990,2036,09:47,1990,09:00,2009,867000株,1745百万円,+24,+1.21,2012.648円,1715回,5396.67億円
6841,2019-09-20,2013,2028,10:31,1998,14:37,2009,1143200株,2299百万円,0,0,2010.6円,1723回,5396.67億円
6841,2019-09-24,1979,1997,09:39,1974,13:38,1983,698100株,1385百万円,-26,-1.29,1983.599円,1434回,5326.82億円
6841,2019-09-25,1968,2003,14:58,1957,10:15,1998,1153200株,2289百万円,+15,+0.76,1984.633円,2139回,5367.12億円
6841,2019-09-26,2030,2055,09:15,2006,14:57,2014,1075700株,2180百万円,+16,+0.80,2026.262円,1844回,5410.10億円
6841,2019-09-27,2000,2014,09:00,1960,12:35,1986,883200株,1749百万円,-28,-1.39,1979.89円,1679回,5334.88億円
6841,2019-09-30,1982,1989,09:20,1967,14:37,1977,956000株,1889百万円,-9,-0.45,1975.681円,1394回,5310.71億円
6841,2019-10-01,1983,1995,09:03,1976,11:24,1984,737900株,1464百万円,+7,+0.35,1983.708円,1578回,5329.51億円
6841,2019-10-02,1949,1953,09:00,1903,10:59,1920,1452700株,2790百万円,-64,-3.23,1920.68円,2489回,5157.59億円
6841,2019-10-03,1852,1866,09:04,1823,09:55,1849,1482600株,2735百万円,-71,-3.70,1844.894円,2673回,4966.87億円
6841,2019-10-04,1848,1852,09:13,1815,13:48,1821,1335100株,2443百万円,-28,-1.51,1829.623円,2428回,4891.65億円
6841,2019-10-07,1822,1839,13:22,1802,09:38,1827,741700株,1355百万円,+6,+0.33,1826.364円,1826回,4907.77億円
6841,2019-10-08,1826,1848,12:30,1820,09:56,1822,1096900株,2004百万円,-5,-0.27,1827.398円,2521回,4894.34億円
6841,2019-10-09,1795,1799,14:59,1780,09:20,1796,1324300株,2373百万円,-26,-1.43,1792.227円,2695回,4824.50億円
6841,2019-10-10,1801,1811,09:02,1776,09:35,1798,1371200株,2455百万円,+2,+0.11,1790.685円,3150回,4829.87億円
6841,2019-10-11,1818,1830,14:00,1793,09:04,1824,1302400株,2367百万円,+26,+1.45,1817.18円,2583回,4899.71億円
6841,2019-10-15,1878,1911,09:09,1877,09:03,1896,1901900株,3604百万円,+72,+3.95,1895.123円,3249回,5093.12億円
6841,2019-10-16,1903,1940,09:06,1903,09:00,1933,1224600株,2360百万円,+37,+1.95,1926.783円,2605回,5192.51億円
6841,2019-10-17,1947,1974,09:13,1937,12:30,1947,1271100株,2480百万円,+14,+0.72,1950.795円,2274回,5230.12億円
6841,2019-10-18,1947,1956,09:17,1929,14:29,1932,1041900株,2019百万円,-15,-0.77,1938.12円,2244回,5189.83億円
6841,2019-10-21,1939,1942,09:00,1922,10:41,1923,460100株,887百万円,-9,-0.47,1926.798円,1030回,5165.65億円
6841,2019-10-23,1937,1948,14:46,1918,09:17,1945,767300株,1486百万円,+22,+1.14,1937.167円,1843回,5224.75億円
6841,2019-10-24,1967,1982,09:28,1962,09:00,1970,751700株,1482百万円,+25,+1.29,1972円,1592回,5291.90億円
6841,2019-10-25,1978,1985,09:00,1957,13:01,1972,713100株,1406百万円,+2,+0.10,1971.241円,1415回,5297.28億円
6841,2019-10-28,1986,1994,09:00,1967,12:55,1972,580200株,1146百万円,0,0,1974.565円,1383回,5297.28億円
6841,2019-10-29,1996,2002,09:53,1976,13:08,1981,758400株,1505百万円,+9,+0.46,1984.266円,1431回,5321.45億円
6841,2019-10-30,1958,1977,09:07,1955,09:16,1972,1537400株,3027百万円,-9,-0.45,1969.179円,2313回,5297.28億円
6841,2019-10-31,1983,2000,14:59,1975,09:00,1997,875500株,1745百万円,+25,+1.27,1993.502円,1675回,5364.43億円
6841,2019-11-01,1978,1987,09:11,1960,14:01,1962,733900株,1445百万円,-35,-1.75,1969.136円,1931回,5270.41億円
6841,2019-11-05,2002,2038,13:46,1981,09:02,2023,1686100株,3402百万円,+61,+3.11,2017.881円,3439回,5434.27億円
6841,2019-11-06,1893,1979,14:59,1883,09:07,1979,1889700株,3689百万円,-44,-2.17,1952.359円,4708回,5316.08億円
6841,2019-11-07,1993,1996,09:03,1918,14:43,1930,1266200株,2456百万円,-49,-2.48,1939.37円,2429回,5184.45億円
6841,2019-11-08,1964,1984,09:22,1954,09:00,1983,1458600株,2877百万円,+53,+2.75,1972.099円,2025回,5326.82億円
6841,2019-11-11,1996,2007,09:00,1972,14:14,1975,607300株,1205百万円,-8,-0.40,1983.885円,1206回,5305.33億円
6841,2019-11-12,1961,1970,09:00,1948,13:27,1959,704400株,1379百万円,-16,-0.81,1957.804円,1499回,5262.35億円
6841,2019-11-13,1959,1966,09:00,1941,10:02,1946,348600株,680百万円,-13,-0.66,1949.738円,908回,5227.43億円
6841,2019-11-14,1940,1940,09:00,1898,09:16,1904,738900株,1413百万円,-43,-2.21,1912.007円,1489回,5114.61億円
6841,2019-11-15,1892,1918,12:30,1887,09:00,1902,810000株,1542百万円,-2,-0.11,1903.22円,1776回,5109.24億円
6841,2019-11-18,1910,1915,11:01,1885,14:45,1894,713300株,1353百万円,-8,-0.42,1896.56円,1383回,5087.75億円
6841,2019-11-19,1897,1899,09:00,1853,14:47,1856,879200株,1644百万円,-38,-2.01,1870.293円,1480回,4985.67億円
6841,2019-11-20,1843,1873,09:33,1842,09:01,1860,896100株,1665百万円,+4,+0.22,1857.735円,1782回,4996.42億円
6841,2019-11-21,1856,1891,14:59,1849,09:01,1890,1082400株,2036百万円,+30,+1.61,1880.551円,2525回,5077.00億円
6841,2019-11-22,1899,1937,11:02,1898,09:01,1931,1100100株,2117百万円,+41,+2.17,1924.684円,1971回,5187.14億円
6841,2019-11-25,1932,1949,10:20,1930,09:02,1945,590900株,1148百万円,+14,+0.73,1942.878円,1147回,5224.75億円
6841,2019-11-26,1973,1987,09:18,1934,12:30,1946,2074600株,4048百万円,+1,+0.05,1951.025円,2830回,5227.43億円
6841,2019-11-27,1945,1962,15:00,1939,09:39,1962,569500株,1113百万円,+16,+0.82,1955.177円,1100回,5270.41億円
6841,2019-11-28,1965,1965,09:00,1946,09:29,1959,463600株,908百万円,-3,-0.15,1958.146円,988回,5262.35億円
6841,2019-11-29,2028,2038,09:44,1993,09:04,2003,1426600株,2878百万円,+44,+2.25,2017.08円,3193回,5380.55億円
6841,2019-12-02,1998,2021,11:27,1990,09:04,2014,966200株,1940百万円,+11,+0.55,2008.248円,1898回,5410.10億円
6841,2019-12-03,1970,1978,12:43,1951,14:15,1956,1052900株,2066百万円,-58,-2.88,1962.6円,2022回,5254.30億円
6841,2019-12-05,1971,1982,09:12,1966,14:27,1969,584500株,1153百万円,+20,+1.03,1971.852円,1230回,5289.22億円
6841,2019-12-06,1970,1976,09:57,1956,14:02,1960,461700株,906百万円,-9,-0.46,1963.056円,925回,5265.04億円
6841,2019-12-09,2000,2003,09:00,1971,10:08,1984,416500株,826百万円,+24,+1.22,1983.829円,824回,5329.51億円
6841,2019-12-10,1969,1980,10:02,1960,10:54,1965,560400株,1103百万円,-19,-0.96,1967.913円,1025回,5278.47億円
6841,2019-12-13,1991,1998,09:03,1963,11:04,1988,1793700株,3563百万円,+41,+2.11,1986.323円,2507回,5340.26億円
6841,2019-12-16,1979,1987,09:00,1943,14:59,1944,809300株,1580百万円,-44,-2.21,1952.508円,1537回,5222.06億円
6841,2019-12-17,1945,1954,09:00,1927,09:50,1936,863600株,1673百万円,-8,-0.41,1936.786円,1788回,5200.57億円
6841,2019-12-18,1930,1932,09:02,1913,09:49,1918,707900株,1359百万円,-18,-0.93,1919.111円,1417回,5152.22億円
6841,2019-12-19,1928,1945,13:46,1922,09:00,1943,707500株,1372百万円,+25,+1.30,1939.585円,1419回,5219.37億円
6841,2019-12-20,1943,1955,14:59,1927,10:30,1952,1205100株,2346百万円,+9,+0.46,1946.659円,1616回,5243.55億円
6841,2019-12-23,1958,1962,09:00,1935,09:14,1948,453000株,882百万円,-4,-0.20,1946.358円,970回,5232.81億円
6841,2019-12-24,1966,1982,14:59,1961,09:02,1980,622100株,1229百万円,+32,+1.64,1974.784円,1459回,5318.77億円
6841,2019-12-25,1979,1979,09:00,1953,13:33,1963,358000株,702百万円,-17,-0.86,1961.497円,689回,5273.10億円
6841,2019-12-26,1960,1982,09:15,1960,09:00,1976,371100株,733百万円,+13,+0.66,1974.665円,892回,5308.02億円
6841,2019-12-27,1980,1980,09:00,1968,09:45,1970,394200株,777百万円,-6,-0.30,1972.317円,969回,5291.90億円
6841,2019-12-30,1953,1953,09:00,1928,09:38,1929,536100株,1036百万円,-41,-2.08,1932.537円,1068回,5181.77億円
6841,2020-01-06,1916,1930,09:00,1881,11:00,1901,1198600株,2278百万円,-28,-1.45,1900.675円,2453回,5106.55億円
6841,2020-01-07,1935,2009,14:59,1935,09:00,2008,1324900株,2636百万円,+107,+5.63,1989.387円,2436回,5393.98億円
6841,2020-01-08,2000,2067,12:52,1984,09:10,2048,2242600株,4554百万円,+40,+1.99,2030.847円,4628回,5501.43億円
6841,2020-01-09,2049,2050,09:00,2010,10:02,2042,1544200株,3139百万円,-6,-0.29,2032.778円,3141回,5485.31億円
6841,2020-01-10,2064,2066,09:00,2022,12:37,2033,1170500株,2389百万円,-9,-0.44,2040.623円,2156回,5461.14億円
6841,2020-01-14,2045,2064,09:12,2029,09:48,2044,1056100株,2158百万円,+11,+0.54,2043.547円,2049回,5490.68億円
6841,2020-01-15,2030,2042,09:02,1998,12:30,2000,952400株,1910百万円,-44,-2.15,2005.289円,1617回,5372.49億円
6841,2020-01-16,2005,2020,09:00,1984,14:53,1990,1033400株,2060百万円,-10,-0.50,1993.738円,1548回,5345.63億円
6841,2020-01-17,2013,2089,14:59,2013,09:00,2089,1503000株,3114百万円,+99,+4.97,2072.135円,2463回,5611.57億円
6841,2020-01-20,2088,2109,09:23,2084,09:00,2091,1038900株,2177百万円,+2,+0.10,2095.401円,2096回,5616.94億円
6841,2020-01-21,2092,2100,09:01,2060,10:44,2068,655100株,1356百万円,-23,-1.10,2070.49円,1293回,5555.15億円
6841,2020-01-22,2056,2074,12:34,2041,09:04,2065,967000株,1992百万円,-3,-0.15,2060.271円,1812回,5547.10億円
6841,2020-01-23,2044,2049,09:00,2017,13:16,2029,1016500株,2064百万円,-36,-1.74,2030.198円,1906回,5450.39億円
6841,2020-01-24,2053,2053,09:00,2011,12:35,2032,711200株,1443百万円,+3,+0.15,2029.02円,1408回,5458.45億円
6841,2020-01-27,1998,2014,10:04,1978,09:12,2000,1054200株,2109百万円,-32,-1.57,2000.208円,2008回,5372.49億円
6841,2020-01-28,2000,2006,09:00,1982,13:05,1990,1513600株,3019百万円,-10,-0.50,1994.533円,2562回,5345.63億円
6841,2020-01-29,1979,1985,09:00,1959,09:15,1975,817500株,1613百万円,-15,-0.75,1972.689円,1757回,5305億円
6841,2020-01-30,1960,1976,10:33,1931,14:14,1938,770800株,1500百万円,-37,-1.87,1945.501円,1595回,5206億円
6841,2020-01-31,1945,1969,10:18,1935,14:59,1936,768600株,1494百万円,-2,-0.10,1943.729円,1463回,5201億円
6841,2020-02-03,1900,1924,09:46,1895,09:00,1917,1018800株,1948百万円,-19,-0.98,1911.743円,2211回,5150億円
6841,2020-02-04,1898,1914,12:40,1882,09:39,1902,1306800株,2484百万円,-15,-0.78,1901.19円,2535回,5109億円
6841,2020-02-05,1982,1990,12:51,1956,09:08,1985,2329700株,4615百万円,+83,+4.36,1981.063円,4426回,5332億円
6841,2020-02-06,1994,2027,13:39,1985,10:33,2009,1186000株,2379百万円,+24,+1.21,2006.248円,2457回,5397億円
6841,2020-02-07,2015,2016,09:00,1987,13:15,1992,453200株,904百万円,-17,-0.85,1994.839円,831回,5351億円
6841,2020-02-10,1952,1970,09:11,1948,09:00,1961,1179400株,2311百万円,-31,-1.56,1959.767円,2311回,5268億円
6841,2020-02-10,1960,1960,09:00,1910,10:41,1937,894600株,1729百万円,-24,-1.22,1932.336円,1910回,5203億円
6841,2020-02-13,1943,1946,14:59,1910,09:15,1946,1186700株,2297百万円,+9,+0.46,1935.342円,2069回,5227億円
6841,2020-02-14,1950,1953,09:00,1927,09:28,1939,1220700株,2369百万円,-7,-0.36,1940.38円,2320回,5209億円
6841,2020-02-17,1923,1940,14:41,1900,09:14,1939,611600株,1178百万円,0,0,1926.252円,1523回,5209億円
6841,2020-02-17,1929,1929,09:00,1908,13:08,1920,539100株,1034百万円,-19,-0.98,1918.198円,1240回,5158億円
6841,2020-02-18,1924,1932,09:00,1909,10:11,1921,709400株,1362百万円,+1,+0.05,1920.459円,1611回,5160億円
6841,2020-02-20,1960,1970,10:44,1938,14:35,1939,746000株,1454百万円,+18,+0.94,1948.528円,1838回,5209億円
6841,2020-02-21,1937,1956,09:35,1929,09:00,1951,801100株,1561百万円,+12,+0.62,1948.689円,1809回,5241億円
6841,2020-02-25,1850,1885,10:47,1843,09:24,1870,1408300株,2627百万円,-81,-4.15,1865.629円,2936回,5023億円
6841,2020-02-26,1864,1880,14:58,1844,10:49,1880,1258800株,2354百万円,+10,+0.53,1870.384円,2502回,5050億円
6841,2020-02-27,1873,1881,09:02,1844,11:07,1856,1690800株,3145百万円,-24,-1.28,1859.845円,3472回,4986億円
6841,2020-02-28,1808,1819,09:05,1731,14:59,1737,1812600株,3179百万円,-119,-6.41,1753.838円,3314回,4666億円
6841,2020-03-02,1717,1778,12:41,1699,09:30,1739,1141000株,1982百万円,+2,+0.12,1737.474円,2752回,4671億円
6841,2020-03-03,1750,1758,09:05,1685,15:00,1685,1203000株,2050百万円,-54,-3.11,1704.25円,2857回,4526億円
6841,2020-03-04,1663,1691,12:30,1659,09:00,1674,753000株,1262百万円,-11,-0.65,1675.591円,1747回,4497億円
6841,2020-03-05,1704,1706,09:00,1677,13:17,1693,1145600株,1939百万円,+19,+1.14,1692.9円,2110回,4548億円
6841,2020-03-06,1653,1660,09:03,1603,14:14,1613,1138600株,1842百万円,-80,-4.73,1617.974円,1880回,4333億円
6841,2020-03-06,1533,1540,09:03,1425,14:43,1446,2470800株,3614百万円,-167,-10.35,1462.801円,5289回,3884億円
6841,2020-03-10,1411,1439,14:27,1347,09:37,1436,1890600株,2660百万円,-10,-0.69,1407.15円,4237回,3857億円
6841,2020-03-11,1427,1443,09:04,1372,10:38,1376,2730000株,3811百万円,-60,-4.18,1396.101円,5681回,3696億円
6841,2020-03-12,1347,1368,09:57,1288,12:59,1302,2035500株,2686百万円,-74,-5.38,1319.823円,4873回,3497億円
6841,2020-03-13,1168,1225,14:18,1148,10:20,1181,2879800株,3391百万円,-121,-9.29,1177.417円,5217回,3172億円
6841,2020-03-16,1204,1229,14:10,1153,14:57,1163,1786600株,2108百万円,-18,-1.52,1179.889円,4554回,3124億円
6841,2020-03-17,1146,1194,10:34,1086,09:09,1147,2672600株,3069百万円,-16,-1.38,1148.182円,6771回,3081億円
6841,2020-03-18,1170,1180,09:00,1051,14:39,1055,3135900株,3477百万円,-92,-8.02,1108.764円,6763回,2834億円
6841,2020-03-19,1073,1091,09:01,924,14:30,932,3400800株,3311百万円,-123,-11.66,973.631円,6166回,2504億円
