6955,2019-08-30,771,793,12:41,764,09:03,785,70600株,55百万円,+22,+2.88,781.123円,210回
6955,2019-09-02,775,790,11:16,775,09:00,785,27100株,21百万円,0,0,783.207円,95回
6955,2019-09-03,782,794,10:45,781,09:00,793,88900株,70百万円,+8,+1.02,788.445円,206回
6955,2019-09-03,795,795,09:00,785,09:09,790,33600株,27百万円,-3,-0.38,791.167円,139回
6955,2019-09-05,795,818,09:44,795,09:00,805,145200株,118百万円,+15,+1.90,809.95円,404回
6955,2019-09-05,808,866,10:40,808,09:00,845,317600株,267百万円,+40,+4.97,842.197円,882回
6955,2019-09-07,848,879,09:37,843,09:06,857,166300株,143百万円,+12,+1.42,860.52円,435回
6955,2019-09-10,858,861,09:01,844,14:13,846,95100株,81百万円,-11,-1.28,850.792円,265回
6955,2019-09-11,858,887,13:56,857,09:02,884,216500株,189百万円,+38,+4.49,873.942円,553回
6955,2019-09-12,887,889,09:00,859,14:52,859,155500株,135百万円,-25,-2.83,870.658円,356回
6955,2019-09-13,860,862,09:00,842,12:36,855,90400株,77百万円,-4,-0.47,848.788円,276回
6955,2019-09-17,842,868,10:33,841,09:00,848,116000株,99百万円,-7,-0.82,854.713円,257回
6955,2019-09-17,845,846,09:00,819,12:46,824,112200株,93百万円,-24,-2.83,830.405円,290回,284.58億円
6955,2019-09-19,812,834,09:25,812,09:00,817,123800株,101百万円,-7,-0.85,818.545円,270回,282.16億円
6955,2019-09-20,810,822,10:37,805,09:01,818,65300株,53百万円,+1,+0.12,813.93円,153回,282.51億円
6955,2019-09-24,818,858,10:12,816,09:03,837,171300株,144百万円,+19,+2.32,843.541円,405回,289.07億円
6955,2019-09-25,836,845,09:28,827,13:12,828,63900株,53百万円,-9,-1.08,833.013円,177回,285.96億円
6955,2019-09-26,838,848,10:15,830,09:17,832,97200株,82百万円,+4,+0.48,839.486円,264回,287.34億円
6955,2019-09-27,821,832,09:06,815,12:48,823,96300株,79百万円,-9,-1.08,821.551円,225回,284.23億円
6955,2019-09-30,819,825,09:31,808,14:54,809,61100株,50百万円,-14,-1.70,814.157円,135回,279.40億円
6955,2019-10-01,815,823,15:00,803,09:03,823,54700株,45百万円,+14,+1.73,817.417円,145回,284.23億円
6955,2019-10-02,811,819,09:58,811,09:00,818,27500株,22百万円,-5,-0.61,815.56円,64回,282.51億円
6955,2019-10-03,805,810,09:01,796,11:05,800,79800株,64百万円,-18,-2.20,801.925円,185回,276.29億円
6955,2019-10-04,800,815,14:49,799,11:11,810,43400株,35百万円,+10,+1.25,806.456円,136回,279.74億円
6955,2019-10-07,817,818,09:01,804,14:44,806,38700株,31百万円,-4,-0.49,809.811円,121回,278.36億円
6955,2019-10-08,805,818,11:04,805,09:00,814,68700株,56百万円,+8,+0.99,814.885円,225回,281.13億円
6955,2019-10-09,809,825,14:46,809,09:00,821,62300株,51百万円,+7,+0.86,817.825円,155回,283.54億円
6955,2019-10-10,846,850,09:05,815,14:59,826,226000株,189百万円,+5,+0.61,834.552円,473回,285.27億円
6955,2019-10-11,826,833,09:30,820,09:05,824,77500株,64百万円,-2,-0.24,827.496円,204回,284.58億円
6955,2019-10-15,828,842,13:31,828,09:00,841,98400株,82百万円,+17,+2.06,837.85円,230回,290.45億円
6955,2019-10-16,842,859,09:17,836,14:43,838,123400株,105百万円,-3,-0.36,848.839円,300回,289.41億円
6955,2019-10-17,833,838,09:56,828,15:00,828,42300株,35百万円,-10,-1.19,832.922円,155回,285.96億円
6955,2019-10-18,823,842,09:37,823,09:00,837,74600株,62百万円,+9,+1.09,835.013円,224回,289.07億円
6955,2019-10-21,837,845,09:23,837,09:00,842,39100株,33百万円,+5,+0.60,841.097円,120回,290.80億円
6955,2019-10-23,838,842,09:43,835,09:00,837,30500株,26百万円,-5,-0.59,838.59円,103回,289.07億円
6955,2019-10-24,835,842,09:02,820,10:02,834,94000株,78百万円,-3,-0.36,831.868円,239回,288.03億円
6955,2019-10-25,827,840,09:03,826,10:09,837,76200株,64百万円,+3,+0.36,833.39円,210回,289.07億円
6955,2019-10-28,823,823,09:00,796,09:12,808,248800株,201百万円,-29,-3.46,806.851円,629回,279.05億円
6955,2019-10-29,815,822,09:39,810,09:11,810,62300株,51百万円,+2,+0.25,815.416円,200回,279.74億円
6955,2019-10-30,813,815,09:01,793,10:27,799,137900株,110百万円,-11,-1.36,800.228円,312回,275.95億円
6955,2019-10-31,799,800,09:00,785,12:49,794,96400株,76百万円,-5,-0.63,790.898円,217回,274.22億円
6955,2019-11-01,793,793,09:00,785,09:29,787,47600株,37百万円,-7,-0.88,787.256円,154回,271.80億円
6955,2019-11-05,794,807,09:26,793,15:00,793,71700株,57百万円,+6,+0.76,798.643円,191回,273.87億円
6955,2019-11-07,789,790,09:00,783,09:11,788,66000株,52百万円,-1,-0.13,787.433円,169回,272.15億円
6955,2019-11-08,795,804,09:03,787,12:30,791,98600株,78百万円,+3,+0.38,794.048円,239回,273.18億円
6955,2019-11-11,797,804,09:32,793,09:11,798,79600株,63百万円,+7,+0.88,797.599円,183回,275.60億円
6955,2019-11-12,801,811,14:59,800,09:04,810,100000株,80百万円,+12,+1.50,804.757円,189回,279.74億円
6955,2019-11-13,817,818,09:01,800,11:06,801,125300株,101百万円,-9,-1.11,810.02円,201回,276.64億円
6955,2019-11-14,801,802,09:01,788,13:35,792,65300株,52百万円,-9,-1.12,793.617円,159回,273.53億円
6955,2019-11-15,787,799,10:20,787,09:00,795,31600株,25百万円,+3,+0.38,793.234円,111回,274.56億円
6955,2019-11-18,799,809,15:00,793,09:22,809,62100株,50百万円,+14,+1.76,801.855円,143回,279.40億円
6955,2019-11-19,809,818,14:56,800,10:38,817,108500株,88百万円,+8,+0.99,811.683円,226回,282.16億円
6955,2019-11-20,813,819,09:56,803,13:14,808,67000株,54百万円,-9,-1.10,813.009円,202回,279.05億円
6955,2019-11-21,802,804,14:55,784,09:53,801,130400株,104百万円,-7,-0.87,795.54円,319回,276.64億円
6955,2019-11-22,800,822,09:40,800,09:00,810,144200株,117百万円,+9,+1.12,814.631円,358回,279.74億円
6955,2019-11-25,812,828,10:17,811,09:00,827,113800株,94百万円,+17,+2.10,821.799円,277回,285.62億円
6955,2019-11-26,831,837,09:12,822,12:39,830,78400株,65百万円,+3,+0.36,831.19円,215回,286.65億円
6955,2019-11-27,829,834,09:09,822,12:31,826,42300株,35百万円,-4,-0.48,826.714円,152回,285.27億円
6955,2019-11-28,820,823,09:03,810,09:36,813,59800株,49百万円,-13,-1.57,814.542円,141回,280.78億円
6955,2019-11-29,814,819,09:12,810,14:59,812,36900株,30百万円,-1,-0.12,813.588円,115回,280.43億円
6955,2019-12-02,815,831,09:12,815,09:00,828,86300株,71百万円,+16,+1.97,826.59円,255回,285.96億円
6955,2019-12-03,815,834,12:37,815,09:00,832,68300株,57百万円,+4,+0.48,827.461円,236回,287.34億円
6955,2019-12-05,897,919,13:41,879,09:08,895,469400株,422百万円,-35,-3.76,899.803円,1129回,309.10億円
6955,2019-12-06,881,890,09:00,856,12:37,872,212500株,185百万円,-23,-2.57,869.135円,560回,301.16億円
6955,2019-12-09,875,887,09:43,865,12:45,875,103900株,91百万円,+3,+0.34,874.273円,283回,302.19億円
6955,2019-12-10,875,894,13:31,874,09:05,886,120100株,106百万円,+11,+1.26,884.947円,384回,305.99億円
6955,2019-12-13,849,875,12:57,835,09:50,863,219500株,188百万円,+23,+2.74,854.374円,512回,298.05億円
6955,2019-12-16,860,886,14:37,856,09:02,886,165300株,144百万円,+23,+2.67,873.042円,373回,305.99億円
6955,2019-12-17,891,895,09:03,871,11:30,880,134200株,118百万円,-6,-0.68,882.479円,302回,303.92億円
6955,2019-12-18,890,890,09:00,857,14:44,859,108200株,94百万円,-21,-2.39,869.968円,234回,296.67億円
6955,2019-12-19,857,869,10:23,857,09:00,867,61300株,53百万円,+8,+0.93,863.928円,167回,299.43億円
6955,2019-12-20,860,868,15:00,858,09:56,868,74800株,65百万円,+1,+0.12,862.378円,235回,299.78億円
6955,2019-12-23,870,870,09:00,841,13:38,848,112900株,96百万円,-20,-2.30,853.224円,274回,292.87億円
6955,2019-12-24,847,864,14:59,834,12:31,862,156500株,133百万円,+14,+1.65,849.202円,311回,297.70億円
6955,2019-12-25,857,872,12:55,850,10:17,866,104900株,90百万円,+4,+0.46,862.444円,286回,299.08億円
6955,2019-12-26,863,898,09:57,863,09:00,880,218600株,193百万円,+14,+1.62,882.351円,531回,303.92億円
6955,2019-12-27,886,927,10:06,886,09:00,909,355900株,325百万円,+29,+3.30,911.917円,827回,313.93億円
6955,2019-12-30,909,923,12:54,891,09:09,919,163600株,149百万円,+10,+1.10,911.63円,370回,317.39億円
6955,2020-01-06,909,914,12:55,898,09:26,907,153400株,139百万円,-12,-1.31,906.922円,343回,313.24億円
6955,2020-01-07,915,976,12:49,914,09:02,967,432900株,413百万円,+60,+6.62,954.975円,902回,333.97億円
6955,2020-01-08,940,960,13:01,924,10:36,945,328700株,309百万円,-22,-2.28,940.323円,858回,326.37億円
6955,2020-01-09,979,1037,12:46,974,09:19,1019,591000株,597百万円,+74,+7.83,1010.147円,1419回,351.92億円
6955,2020-01-10,1025,1029,09:00,992,13:39,1005,289900株,292百万円,-14,-1.37,1006.73円,632回,347.09億円
6955,2020-01-14,1010,1055,11:02,1010,09:00,1049,332000株,346百万円,+44,+4.38,1042.599円,792回,362.29億円
6955,2020-01-15,1045,1055,11:02,1031,10:18,1051,142000株,148百万円,+2,+0.19,1044.956円,428回,362.98億円
6955,2020-01-16,1055,1055,09:00,990,10:19,1026,292400株,298百万円,-25,-2.38,1019.6円,750回,354.34億円
6955,2020-01-17,1021,1032,11:07,1009,13:15,1022,129100株,132百万円,-4,-0.39,1019.276円,416回,352.96億円
6955,2020-01-20,1030,1032,14:33,1010,10:21,1027,118700株,121百万円,+5,+0.49,1021.538円,299回,354.69億円
6955,2020-01-21,1027,1034,15:00,1016,09:03,1034,83400株,86百万円,+7,+0.68,1027.86円,278回,357.11億円
6955,2020-01-22,1027,1039,09:24,1018,14:39,1025,100700株,103百万円,-9,-0.87,1025.396円,363回,354.00億円
6955,2020-01-23,1014,1014,09:00,971,09:01,1006,243100株,242百万円,-19,-1.85,996.169円,653回,347.44億円
6955,2020-01-24,1008,1012,09:33,990,10:15,1004,144800株,145百万円,-2,-0.20,1000.793円,354回,346.74億円
6955,2020-01-27,951,980,09:15,951,09:06,969,193600株,187百万円,-35,-3.49,966.245円,451回,334.66億円
6955,2020-01-28,951,976,14:59,947,09:48,976,167100株,160百万円,+7,+0.72,960.3円,416回,337.07億円
6955,2020-01-29,978,978,09:00,950,09:49,962,126600株,122百万円,-14,-1.43,960.201円,445回,332億円
6955,2020-01-30,950,950,09:00,893,12:55,899,336500株,308百万円,-63,-6.55,916.73円,922回,310億円
6955,2020-01-31,917,933,10:03,906,09:32,925,137700株,127百万円,+26,+2.89,922.635円,434回,319億円
6955,2020-02-03,889,928,14:03,882,09:07,922,149800株,136百万円,-3,-0.32,905.582円,487回,318億円
6955,2020-02-04,934,945,12:38,927,09:13,933,113400株,106百万円,+11,+1.19,938.165円,414回,322億円
6955,2020-02-05,945,951,09:14,923,09:48,933,103500株,97百万円,0,0,935.541円,342回,322億円
6955,2020-02-06,945,962,09:46,936,14:11,940,120700株,114百万円,+7,+0.75,945.717円,365回,325億円
6955,2020-02-07,938,940,09:00,914,09:39,925,85000株,79百万円,-15,-1.60,924.461円,315回,319億円
6955,2020-02-10,912,923,10:36,905,09:17,917,67200株,62百万円,-8,-0.86,916.769円,246回,317億円
6955,2020-02-12,923,936,12:54,913,09:36,934,83600株,78百万円,+17,+1.85,927.443円,287回,323億円
6955,2020-02-13,935,938,09:12,921,09:45,928,66700株,62百万円,-6,-0.64,930.424円,276回,321億円
6955,2020-02-14,913,918,09:06,905,09:47,913,78300株,71百万円,-15,-1.62,911.686円,276回,315億円
6955,2020-02-17,890,898,11:14,875,09:24,893,118700株,106百万円,-20,-2.19,888.807円,385回,308億円
6955,2020-02-17,878,883,09:19,870,13:03,878,115300株,101百万円,-15,-1.68,876.549円,441回,303億円
6955,2020-02-18,878,892,12:30,878,09:00,887,43200株,38百万円,+9,+1.03,885.766円,193回,306億円
6955,2020-02-20,899,901,09:47,872,13:01,882,80500株,71百万円,-5,-0.56,884.512円,363回,305億円
6955,2020-02-21,877,881,09:22,861,14:59,863,107300株,93百万円,-19,-2.15,869.982円,346回,298億円
6955,2020-02-25,788,822,14:39,787,09:13,819,216300株,174百万円,-44,-5.10,806.382円,564回,283億円
6955,2020-02-26,807,829,14:59,798,10:49,825,143400株,117百万円,+6,+0.73,812.802円,589回,285億円
6955,2020-02-27,820,820,09:00,772,14:05,787,183000株,145百万円,-38,-4.61,789.951円,634回,272億円
6955,2020-02-28,749,761,10:01,714,14:59,717,301600株,221百万円,-70,-8.89,732.796円,966回,248億円
