6988,2019-08-06,5122,5148,09:04,4959,12:30,5002,1042900株,5230百万円,-172,-3.32,5014.966円,3537回
6988,2019-08-06,4852,5049,13:07,4821,09:04,5012,846200株,4204百万円,+10,+0.20,4967.988円,3176回
6988,2019-08-07,4951,4965,09:00,4837,12:30,4839,939700株,4577百万円,-173,-3.45,4870.303円,3023回
6988,2019-08-08,4781,4919,12:47,4740,09:02,4876,713600株,3476百万円,+37,+0.76,4870.538円,2528回
6988,2019-08-09,4965,4970,09:03,4890,09:41,4937,930400株,4601百万円,+61,+1.25,4945.606円,2218回
6988,2019-08-13,4876,4937,09:00,4802,11:05,4828,711800株,3440百万円,-109,-2.21,4832.476円,2039回
6988,2019-08-14,4952,4998,09:03,4912,09:24,4957,739900株,3665百万円,+129,+2.67,4953.882円,2596回
6988,2019-08-15,4817,4862,09:09,4783,09:39,4839,697400株,3364百万円,-118,-2.38,4824.215円,2167回
6988,2019-08-16,4769,4808,12:30,4752,09:09,4794,760300株,3640百万円,-45,-0.93,4787.201円,2546回
6988,2019-08-19,4864,4934,14:35,4837,09:09,4915,595500株,2923百万円,+121,+2.52,4908.69円,2074回
6988,2019-08-20,4905,4925,09:01,4854,10:17,4915,664600株,3258百万円,0,0,4902.61円,2400回
6988,2019-08-21,4876,4924,10:58,4861,09:00,4895,674000株,3298百万円,-20,-0.41,4893.137円,2488回
6988,2019-08-22,4902,4965,09:26,4892,09:00,4916,958600株,4716百万円,+21,+0.43,4920.028円,3184回
6988,2019-08-23,4846,4908,10:05,4845,09:00,4877,524600株,2558百万円,-39,-0.79,4876.166円,1864回
6988,2019-08-26,4754,4852,13:46,4754,09:03,4835,1094800株,5268百万円,-42,-0.86,4811.976円,2980回
6988,2019-08-26,4886,4943,09:10,4867,09:00,4879,766700株,3750百万円,+44,+0.91,4890.583円,2208回
6988,2019-08-28,4874,4888,10:15,4836,09:05,4850,635600株,3089百万円,-29,-0.59,4859.986円,2225回
6988,2019-08-29,4860,4872,09:14,4818,10:30,4845,451800株,2188百万円,-5,-0.10,4842.895円,1549回
6988,2019-08-30,4908,4951,14:59,4899,09:33,4946,732200株,3613百万円,+101,+2.08,4934.604円,1952回
6988,2019-09-02,4946,4950,09:00,4860,09:20,4899,456700株,2242百万円,-47,-0.95,4910.224円,1502回
6988,2019-09-03,4886,5004,13:06,4867,09:00,4984,610800株,3036百万円,+85,+1.74,4971.229円,1963回
6988,2019-09-03,4940,4953,14:05,4891,09:37,4926,490800株,2418百万円,-58,-1.16,4925.731円,1737回
6988,2019-09-05,4979,5171,14:15,4979,09:00,5134,1189500株,6095百万円,+208,+4.22,5123.979円,3377回
6988,2019-09-05,5200,5259,09:03,5188,12:30,5225,991800株,5178百万円,+91,+1.77,5221.071円,2869回
6988,2019-09-07,5192,5203,10:39,5143,11:23,5173,727100株,3759百万円,-52,-1.00,5169.363円,2101回
6988,2019-09-10,5250,5314,14:59,5232,09:57,5310,694200株,3667百万円,+137,+2.65,5281.734円,2082回
6988,2019-09-11,5379,5429,09:11,5368,10:31,5410,845400株,4567百万円,+100,+1.88,5402.125円,2661回
6988,2019-09-12,5478,5519,09:04,5449,09:12,5489,1092500株,5997百万円,+79,+1.46,5489.027円,2862回
6988,2019-09-13,5555,5559,09:00,5472,09:26,5531,1762500株,9758百万円,+42,+0.77,5536.682円,3263回
6988,2019-09-17,5474,5474,09:00,5377,12:36,5394,1131000株,6117百万円,-137,-2.48,5408.293円,3213回
6988,2019-09-17,5417,5447,09:00,5363,09:06,5369,764500株,4117百万円,-25,-0.46,5385.455円,2648回,8523.74億円
6988,2019-09-19,5394,5451,10:20,5360,12:46,5364,670000株,3610百万円,-5,-0.09,5388.384円,2604回,8515.80億円
6988,2019-09-20,5365,5394,12:30,5319,14:36,5345,1358000株,7264百万円,-19,-0.35,5349.324円,3417回,8485.64億円
6988,2019-09-24,5358,5413,09:22,5320,14:59,5322,800200株,4286百万円,-23,-0.43,5355.617円,2770回,8449.12億円
6988,2019-09-25,5229,5252,09:00,5125,10:15,5231,1112000株,5777百万円,-91,-1.71,5194.896円,3776回,8304.65億円
6988,2019-09-26,5303,5384,10:11,5299,09:00,5321,977400株,5215百万円,+90,+1.72,5335.93円,3178回,8447.54億円
6988,2019-09-27,5218,5256,09:07,5124,11:05,5203,979800株,5078百万円,-118,-2.22,5182.55円,3395回,8260.20億円
6988,2019-09-30,5187,5234,12:30,5153,09:02,5204,810000株,4212百万円,+1,+0.02,5199.932円,2054回,8261.79億円
6988,2019-10-01,5248,5372,10:19,5247,09:00,5333,628500株,3351百万円,+129,+2.48,5331.212円,2196回,8466.59億円
6988,2019-10-02,5270,5305,14:21,5237,09:25,5302,713400株,3771百万円,-31,-0.58,5285.48円,2095回,8417.37億円
6988,2019-10-03,5169,5205,09:03,5140,09:50,5184,664200株,3438百万円,-118,-2.23,5176.191円,2426回,8230.04億円
6988,2019-10-04,5174,5226,14:14,5164,09:59,5222,640600株,3336百万円,+38,+0.73,5206.919円,1866回,8290.37億円
6988,2019-10-07,5222,5250,09:00,5162,12:44,5188,382000株,1982百万円,-34,-0.65,5189.023円,1451回,8236.39億円
6988,2019-10-08,5260,5347,09:10,5260,09:00,5265,715200株,3781百万円,+77,+1.48,5286.294円,2434回,8358.63億円
6988,2019-10-09,5164,5212,12:53,5153,09:06,5209,542500株,2816百万円,-56,-1.06,5191.428円,1765回,8269.73億円
6988,2019-10-10,5245,5294,14:59,5168,09:30,5293,505100株,2661百万円,+84,+1.61,5268.729円,1647回,8403.08億円
6988,2019-10-11,5358,5435,14:07,5315,09:04,5415,1131200株,6100百万円,+122,+2.30,5392.137円,3056回,8596.77億円
6988,2019-10-15,5499,5526,09:03,5439,09:24,5479,783000株,4296百万円,+64,+1.18,5486.146円,2381回,8698.37億円
6988,2019-10-16,5572,5591,09:03,5454,13:22,5482,1152300株,6351百万円,+3,+0.05,5511.702円,3789回,8703.14億円
6988,2019-10-17,5473,5500,10:16,5435,09:04,5472,602200株,3298百万円,-10,-0.18,5476.985円,2365回,8687.26億円
6988,2019-10-18,5490,5572,11:10,5480,09:03,5543,640800株,3547百万円,+71,+1.30,5535.29円,2214回,8799.98億円
6988,2019-10-21,5580,5623,09:00,5529,10:53,5551,762600株,4238百万円,+8,+0.14,5557.652円,2388回,8812.68億円
6988,2019-10-23,5638,5677,14:38,5530,12:33,5657,1488900株,8376百万円,+106,+1.91,5625.694円,4896回,8980.96億円
6988,2019-10-24,5700,5775,13:34,5681,10:10,5773,1510000株,8670百万円,+116,+2.05,5741.992円,4885回,9165.12億円
6988,2019-10-25,5793,5805,09:00,5658,09:19,5750,1365000株,7817百万円,-23,-0.40,5726.617円,4531回,9128.61億円
6988,2019-10-28,5741,5784,09:12,5726,13:44,5744,837400株,4814百万円,-6,-0.10,5748.797円,3295回,9119.08億円
6988,2019-10-29,5844,6174,13:48,5844,09:00,6116,2472700株,15032百万円,+372,+6.48,6079.135円,9254回,9709.67億円
6988,2019-10-30,6100,6141,09:01,5966,09:17,6021,1348300株,8119百万円,-95,-1.55,6021.991円,4966回,9558.84億円
6988,2019-10-31,5980,6070,14:23,5940,12:30,6040,688800株,4147百万円,+19,+0.32,6020.421円,1067回,9589.01億円
6988,2019-11-01,5950,6030,09:58,5900,09:00,5930,529500株,3150百万円,-110,-1.82,5949.465円,1091回,9414.37億円
6988,2019-11-05,6050,6120,14:03,6000,10:24,6090,723200株,4394百万円,+160,+2.70,6075.788円,1394回,9668.39億円
6988,2019-11-06,6150,6170,09:01,6120,09:53,6150,576700株,3547百万円,+60,+0.99,6150.907円,1093回,9763.64億円
6988,2019-11-07,6190,6250,14:59,6160,09:09,6240,560400株,3486百万円,+90,+1.46,6221.185円,811回,9906.53億円
6988,2019-11-08,6340,6340,09:00,6170,11:05,6250,941700株,5918百万円,+10,+0.16,6284.108円,1093回,9922.40億円
6988,2019-11-11,6280,6300,09:05,6140,14:26,6150,457000株,2827百万円,-100,-1.60,6185.289円,1151回,9763.64億円
6988,2019-11-12,6130,6500,14:53,6130,09:00,6470,1506700株,9654百万円,+320,+5.20,6407.321円,2637回,10271.67億円
6988,2019-11-13,6390,6400,10:01,6260,11:12,6320,530600株,3356百万円,-150,-2.32,6324.849円,1531回,10033.53億円
6988,2019-11-14,6230,6230,09:00,6100,13:04,6180,682400株,4210百万円,-130,-2.06,6169.094円,1671回,9811.27億円
6988,2019-11-15,6190,6260,12:30,6160,09:00,6230,565800株,3521百万円,+50,+0.81,6223.853円,1132回,9890.65億円
6988,2019-11-18,6240,6280,09:00,6190,09:26,6230,536000株,3337百万円,0,0,6226.185円,993回,9890.65億円
6988,2019-11-19,6200,6210,11:28,6110,10:06,6180,498800株,3078百万円,-50,-0.80,6171.285円,898回,9811.27億円
6988,2019-11-20,6090,6170,09:19,6050,09:02,6120,744500株,4557百万円,-60,-0.97,6120.592円,1022回,9716.02億円
6988,2019-11-21,6110,6130,09:03,5970,10:51,6040,985500株,5957百万円,-80,-1.31,6044.536円,1235回,9589.01億円
6988,2019-11-22,6110,6180,11:05,6080,09:03,6120,527700株,3235百万円,+80,+1.32,6130.877円,975回,9716.02億円
6988,2019-11-25,6220,6250,11:20,6170,09:03,6190,415400株,2578百万円,+70,+1.14,6206.678円,681回,9827.15億円
6988,2019-11-26,6320,6350,10:46,6230,12:37,6240,852500株,5342百万円,+50,+0.81,6266.007円,1244回,9906.53億円
6988,2019-11-27,6280,6340,09:01,6220,14:59,6230,489800株,3062百万円,-10,-0.16,6251.644円,694回,9890.65億円
6988,2019-11-28,6260,6290,09:26,6190,14:46,6220,344100株,2145百万円,-10,-0.16,6234.391円,556回,9874.77億円
6988,2019-11-29,6260,6260,09:00,6130,13:44,6140,485200株,2990百万円,-80,-1.29,6162.329円,545回,9747.77億円
6988,2019-12-02,6210,6220,09:06,6180,09:02,6210,319400株,1982百万円,+70,+1.14,6204.496円,530回,9858.90億円
6988,2019-12-03,6060,6180,10:07,6060,09:03,6150,461200株,2830百万円,-60,-0.97,6136.785円,723回,9763.64億円
6988,2019-12-05,6120,6190,13:35,6120,09:00,6170,507000株,3125百万円,+110,+1.82,6163.598円,975回,9795.40億円
6988,2019-12-06,6170,6250,10:03,6140,09:00,6210,444100株,2757百万円,+40,+0.65,6208.057円,996回,9858.90億円
6988,2019-12-09,6270,6280,09:00,6130,10:08,6150,550300株,3392百万円,-60,-0.97,6164.338円,854回,9763.64億円
6988,2019-12-10,6120,6210,13:16,6120,09:00,6170,452700株,2795百万円,+20,+0.33,6174.016円,557回,9795.40億円
6988,2019-12-13,6350,6440,12:34,6260,09:05,6410,1568700株,10009百万円,+260,+4.23,6380.687円,1615回,10176.42億円
6988,2019-12-16,6370,6380,09:00,6270,10:18,6310,602900株,3808百万円,-100,-1.56,6315.785円,778回,10017.66億円
6988,2019-12-17,6370,6370,09:00,6300,09:19,6330,521600株,3305百万円,+20,+0.32,6335.512円,829回,10049.41億円
6988,2019-12-18,6330,6350,09:00,6260,12:44,6290,447200株,2815百万円,-40,-0.63,6295.143円,817回,9985.91億円
6988,2019-12-19,6350,6360,09:00,6250,09:18,6300,433500株,2730百万円,+10,+0.16,6296.685円,576回,10001.78億円
6988,2019-12-20,6340,6340,09:00,6220,12:45,6230,502800株,3141百万円,-70,-1.11,6247.8円,661回,9890.65億円
6988,2019-12-23,6220,6240,09:00,6170,09:12,6200,330400株,2048百万円,-30,-0.48,6198.587円,612回,9843.02億円
6988,2019-12-24,6240,6270,14:17,6230,09:00,6260,312500株,1954百万円,+60,+0.97,6251.722円,595回,9938.28億円
6988,2019-12-25,6300,6300,09:00,6190,13:26,6210,283500株,1766百万円,-50,-0.80,6229.563円,462回,9858.90億円
6988,2019-12-26,6200,6310,14:43,6200,09:00,6310,391200株,2455百万円,+100,+1.61,6276.587円,551回,10017.66億円
6988,2019-12-27,6370,6380,09:00,6250,14:59,6260,362600株,2280百万円,-50,-0.79,6288.103円,440回,9938.28億円
6988,2019-12-30,6210,6210,09:00,6160,09:09,6180,417000株,2578百万円,-80,-1.28,6182.362円,567回,9811.27億円
6988,2020-01-06,6000,6060,10:18,6000,09:03,6060,717700株,4335百万円,-120,-1.94,6040.372円,1206回,9620.76億円
6988,2020-01-07,6070,6140,11:09,6050,09:14,6120,561100株,3429百万円,+60,+0.99,6111.684円,854回,9716.02億円
6988,2020-01-08,5980,5990,09:03,5860,09:45,5940,804800株,4768百万円,-180,-2.94,5924.269円,1548回,9430.25億円
6988,2020-01-09,6080,6150,14:06,6070,09:03,6120,579100株,3543百万円,+180,+3.03,6117.593円,1030回,9716.02億円
6988,2020-01-10,6200,6230,09:00,6150,10:44,6170,671800株,4158百万円,+50,+0.82,6189.111円,923回,9795.40億円
6988,2020-01-14,6190,6270,11:25,6170,09:00,6220,495900株,3086百万円,+50,+0.81,6222.313円,723回,9874.77億円
6988,2020-01-15,6160,6190,09:29,6060,14:01,6110,596900株,3651百万円,-110,-1.77,6116.569円,896回,9700.14億円
6988,2020-01-16,6130,6130,09:00,6030,10:07,6050,473400株,2866百万円,-60,-0.98,6055.057円,812回,9604.88億円
6988,2020-01-17,6130,6250,11:15,6130,09:00,6210,802100株,4970百万円,+160,+2.64,6196.578円,1431回,9858.90億円
6988,2020-01-20,6230,6360,14:44,6230,09:00,6330,453600株,2865百万円,+120,+1.93,6316.512円,980回,10049.41億円
6988,2020-01-21,6370,6390,09:56,6300,10:54,6320,787900株,4988百万円,-10,-0.16,6330.197円,923回,10033.53億円
6988,2020-01-22,6280,6380,12:32,6280,09:00,6360,564000株,3577百万円,+40,+0.63,6341.883円,871回,10097.04億円
6988,2020-01-23,6300,6330,09:00,6170,14:29,6180,741800株,4612百万円,-180,-2.83,6216.788円,1071回,9811.27億円
6988,2020-01-24,6160,6190,09:08,6120,12:54,6180,430200株,2651百万円,0,0,6163.305円,634回,9811.27億円
6988,2020-01-27,6020,6150,13:24,6010,09:03,6120,734100株,4482百万円,-60,-0.97,6105.645円,1536回,9716.02億円
6988,2020-01-28,6040,6060,09:00,5850,09:13,6020,1525300株,9131百万円,-100,-1.63,5986.324円,2238回,9557.26億円
6988,2020-01-29,6020,6270,14:02,6020,09:00,6250,919200株,5696百万円,+230,+3.82,6196.38円,1659回,9922億円
6988,2020-01-30,6240,6310,09:16,6150,12:52,6200,818100株,5090百万円,-50,-0.80,6221.502円,1522回,9843億円
6988,2020-01-31,6230,6310,10:03,6190,12:58,6190,671700株,4180百万円,-10,-0.16,6222.809円,1158回,9827億円
6988,2020-02-03,6090,6130,10:39,6040,09:00,6100,866800株,5280百万円,-90,-1.45,6091.396円,1577回,9684億円
6988,2020-02-04,6100,6150,14:39,6070,09:02,6140,758600株,4643百万円,+40,+0.66,6120.164円,1259回,9748億円
6988,2020-02-05,6230,6290,12:30,6180,09:25,6210,783600株,4885百万円,+70,+1.14,6234.269円,1278回,9859億円
6988,2020-02-06,6370,6440,09:18,6310,12:30,6340,1061000株,6748百万円,+130,+2.09,6359.685円,1613回,10065億円
6988,2020-02-07,6340,6350,09:13,6250,12:39,6310,733300株,4622百万円,-30,-0.47,6302.385円,1355回,10018億円
6988,2020-02-10,6190,6210,09:04,6140,10:08,6170,922500株,5694百万円,-140,-2.22,6171.928円,1662回,9795億円
6988,2020-02-10,6200,6220,09:00,6160,10:34,6200,798000株,4938百万円,+30,+0.49,6187.669円,1026回,9843億円
6988,2020-02-13,6200,6200,09:00,6120,10:13,6140,886400株,5449百万円,-60,-0.97,6147.738円,1151回,9748億円
6988,2020-02-14,6110,6120,09:02,6080,09:28,6100,749000株,4567百万円,-40,-0.65,6097.135円,1100回,9684億円
