7058,2019-10-16,4640,4640,09:00,4520,14:47,4525,2400株,11百万円,-115,-2.48,4562.083円,18回,68.17億円
7058,2019-10-17,4575,4580,10:46,4515,14:54,4515,1000株,5百万円,-10,-0.22,4542円,9回,68.02億円
7058,2019-10-18,4560,4600,09:08,4480,13:55,4530,2200株,10百万円,+15,+0.33,4527.046円,15回,68.24億円
7058,2019-10-21,4630,4630,09:03,4520,14:55,4520,1900株,9百万円,-10,-0.22,4590.263円,13回,68.09億円
7058,2019-10-23,4515,4530,10:27,4455,14:44,4505,2100株,9百万円,-15,-0.33,4494.524円,16回,67.87億円
7058,2019-10-24,4500,4500,09:00,4480,13:36,4480,900株,4百万円,-25,-0.55,4492.778円,9回,67.49億円
7058,2019-10-25,4490,4560,12:45,4490,09:16,4520,1100株,5百万円,+40,+0.89,4529.546円,11回,68.09億円
7058,2019-10-28,4500,4535,12:30,4495,15:00,4495,500株,2百万円,-25,-0.55,4513円,5回,67.72億円
7058,2019-10-29,4500,4500,09:31,4455,12:58,4500,800株,4百万円,+5,+0.11,4480円,8回,67.79億円
7058,2019-10-30,4500,4500,09:00,4385,10:33,4485,4900株,22百万円,-15,-0.33,4448.265円,39回,67.57億円
7058,2019-10-31,4485,4550,14:30,4450,12:30,4500,3400株,15百万円,+15,+0.33,4506.029円,21回,67.79億円
7058,2019-11-01,4500,4500,09:00,4470,13:42,4500,2000株,9百万円,0,0,4491.25円,14回,67.79億円
7058,2019-11-05,4490,4495,09:44,4440,13:55,4445,3900株,17百万円,-55,-1.22,4462.179円,18回,66.96億円
7058,2019-11-07,4370,4400,14:30,4290,13:44,4400,4500株,20百万円,+15,+0.34,4351.889円,31回,66.29億円
7058,2019-11-08,4330,4385,09:17,4235,10:27,4290,2400株,10百万円,-110,-2.50,4299.792円,18回,64.63億円
7058,2019-11-11,4250,4320,09:02,4160,10:00,4200,3300株,14百万円,-90,-2.10,4207.273円,30回,63.27億円
7058,2019-11-12,4185,4545,09:59,4185,09:00,4485,19500株,86百万円,+285,+6.79,4415円,104回,67.57億円
7058,2019-11-13,4485,4485,09:00,4385,15:00,4385,7100株,31百万円,-100,-2.23,4428.591円,49回,66.06億円
7058,2019-11-14,4360,4380,11:26,4305,11:26,4345,3400株,15百万円,-40,-0.91,4351.618円,10回,65.46億円
7058,2019-11-15,4345,4410,10:08,4340,12:30,4375,3000株,13百万円,+30,+0.69,4356.333円,9回,65.91億円
7058,2019-11-18,4445,4445,09:00,4375,11:16,4375,800株,4百万円,0,0,4388.125円,7回,65.91億円
7058,2019-11-19,4445,4445,09:00,4330,09:09,4385,5000株,22百万円,+10,+0.23,4384.5円,27回,66.06億円
7058,2019-11-20,4450,4450,09:00,4430,09:00,4430,1100株,5百万円,+45,+1.03,4448.182円,2回,66.74億円
7058,2019-11-21,4405,4415,14:51,4350,12:41,4415,1700株,7百万円,-15,-0.34,4364.412円,7回,66.51億円
7058,2019-11-22,4390,4450,14:49,4380,12:47,4450,3800株,17百万円,+35,+0.79,4420.395円,15回,67.04億円
7058,2019-11-25,4475,4480,09:01,4450,14:37,4480,900株,4百万円,+30,+0.67,4475.556円,9回,67.49億円
7058,2019-11-26,4495,4630,15:00,4495,09:00,4630,10800株,49百万円,+150,+3.35,4579.722円,61回,69.75億円
7058,2019-11-27,4650,4820,13:44,4650,09:00,4760,15600株,74百万円,+130,+2.81,4746.923円,89回,71.71億円
7058,2019-11-28,4830,4840,13:14,4740,14:31,4835,3900株,19百万円,+75,+1.58,4788.205円,27回,72.84億円
7058,2019-11-29,4800,5090,14:59,4800,09:00,5080,11700株,58百万円,+245,+5.07,4935.556円,82回,76.53億円
7058,2019-12-02,5150,5390,09:13,5140,09:00,5140,18300株,96百万円,+60,+1.18,5244.645円,114回,77.43億円
7058,2019-12-03,5100,5130,12:30,4870,09:04,5020,4900株,25百万円,-120,-2.33,5009.286円,43回,75.63億円
7058,2019-12-05,5060,5060,09:03,4800,15:00,4800,6200株,30百万円,-165,-3.32,4884.355円,39回,72.31億円
7058,2019-12-06,4805,4910,14:44,4805,09:00,4905,3300株,16百万円,+105,+2.19,4848.333円,18回,73.89億円
7058,2019-12-09,4905,4925,14:17,4855,14:13,4910,1200株,6百万円,+5,+0.10,4901.667円,10回,73.97億円
7058,2019-12-10,4945,4960,10:58,4920,14:40,4935,1400株,7百万円,+25,+0.51,4943.929円,9回,74.35億円
7058,2019-12-13,4900,4955,14:02,4900,13:02,4955,600株,3百万円,+30,+0.61,4931.667円,6回,74.65億円
7058,2019-12-16,4975,5000,09:03,4880,14:50,4915,3300株,16百万円,-40,-0.81,4944.546円,27回,74.04億円
7058,2019-12-17,4950,4975,14:57,4910,14:37,4950,2800株,14百万円,+35,+0.71,4939.107円,16回,74.57億円
7058,2019-12-18,4975,4975,09:26,4930,10:06,4930,1300株,6百万円,-20,-0.40,4952.308円,9回,74.27億円
7058,2019-12-19,4910,4950,09:09,4885,14:59,4885,2000株,10百万円,-45,-0.91,4925.25円,14回,73.59億円
7058,2019-12-20,4970,4970,09:03,4870,11:02,4885,6500株,32百万円,0,0,4939.385円,27回,73.59億円
7058,2019-12-23,4955,5050,13:15,4900,09:23,4990,5100株,25百万円,+105,+2.15,4986.765円,32回,75.17億円
7058,2019-12-24,5050,5050,09:00,4940,09:28,4985,6700株,33百万円,-5,-0.10,4995円,48回,75.10億円
7058,2019-12-25,5060,5060,09:00,4870,14:45,4870,6400株,32百万円,-115,-2.31,4962.031円,44回,73.37億円
7058,2019-12-26,4965,4970,09:25,4690,13:42,4760,12100株,58百万円,-110,-2.26,4803.017円,96回,71.71億円
7058,2019-12-27,4770,4880,14:44,4740,09:20,4880,3500株,17百万円,+120,+2.52,4813.286円,30回,73.52億円
7058,2019-12-30,4895,5050,14:58,4880,09:03,5050,3500株,17百万円,+170,+3.48,4945円,25回,76.08億円
7058,2020-01-06,5250,5900,09:17,5250,09:04,5500,35000株,193百万円,+450,+8.91,5507.371円,245回,82.86億円
7058,2020-01-07,5610,5950,14:54,5400,09:35,5950,23600株,134百万円,+450,+8.18,5672.415円,151回,89.64億円
7058,2020-01-08,6000,6190,13:10,5710,09:48,5840,28400株,170百万円,-110,-1.85,5970.81円,194回,87.98億円
7058,2020-01-09,6000,6300,09:07,5810,15:00,5810,18700株,112百万円,-30,-0.51,5991.711円,129回,87.53億円
7058,2020-01-10,5820,5820,09:02,5600,13:57,5660,12600株,72百万円,-150,-2.58,5675.318円,88回,85.27億円
7058,2020-01-14,5710,5900,09:04,5690,14:06,5780,7700株,45百万円,+120,+2.12,5793.766円,61回,87.08億円
7058,2020-01-15,5800,5890,14:54,5720,14:27,5750,4100株,24百万円,-30,-0.52,5779.268円,32回,86.62億円
7058,2020-01-16,5850,5850,09:00,5700,13:11,5770,4600株,27百万円,+20,+0.35,5785.87円,26回,86.93億円
7058,2020-01-17,5810,5850,09:14,5720,10:08,5850,7600株,44百万円,+80,+1.39,5811.842円,47回,88.13億円
7058,2020-01-20,5940,5990,14:42,5870,10:00,5910,10200株,60百万円,+60,+1.03,5928.235円,62回,89.03億円
7058,2020-01-21,5960,5980,09:31,5860,12:43,5890,5000株,30百万円,-20,-0.34,5906.2円,44回,88.73億円
7058,2020-01-22,5890,5940,09:22,5600,14:31,5720,12900株,74百万円,-170,-2.89,5765.039円,83回,86.17億円
7058,2020-01-23,5660,5700,09:21,5360,14:45,5400,21400株,117百万円,-320,-5.59,5468.271円,123回,81.35億円
7058,2020-01-24,5400,5440,09:13,5000,12:50,5130,29300株,150百万円,-270,-5.00,5133.481円,181回,77.28億円
7058,2020-01-27,4880,5200,09:40,4860,09:06,4955,16200株,80百万円,-175,-3.41,4963.642円,98回,74.65億円
7058,2020-01-28,4930,5170,15:00,4925,09:00,5170,8800株,45百万円,+215,+4.34,5084.659円,74回,77.89億円
7058,2020-01-29,5200,5220,09:01,4965,14:40,5000,9300株,47百万円,-170,-3.29,5105.86円,71回,75.3億円
7058,2020-01-30,5080,5080,09:00,4660,12:58,4715,18100株,86百万円,-285,-5.70,4770.967円,136回,71.0億円
7058,2020-01-31,4760,4935,14:59,4730,09:36,4935,10300株,50百万円,+220,+4.67,4826.456円,85回,74.4億円
7058,2020-02-03,4755,5010,12:43,4755,09:06,4965,5100株,25百万円,+30,+0.61,4880.882円,35回,74.8億円
7058,2020-02-04,5000,5060,09:03,4935,09:16,4990,2700株,13百万円,+25,+0.50,4993.519円,18回,75.2億円
7058,2020-02-05,5140,5140,09:03,5030,09:56,5070,4200株,21百万円,+80,+1.60,5070.476円,24回,76.4億円
7058,2020-02-06,5150,5150,09:00,5050,12:55,5080,2200株,11百万円,+10,+0.20,5097.727円,17回,76.5億円
7058,2020-02-07,5130,5130,09:00,4970,13:44,4990,2500株,13百万円,-90,-1.77,5021.4円,20回,75.2億円
7058,2020-02-10,4990,5030,13:54,4945,09:02,4970,1500株,7百万円,-20,-0.40,4983.333円,13回,74.9億円
7058,2020-02-12,4970,5040,09:38,4970,09:00,5030,4800株,24百万円,+60,+1.21,5011.875円,39回,75.8億円
7058,2020-02-13,5030,5030,09:00,4870,10:28,4915,6000株,30百万円,-115,-2.29,4934.833円,48回,74.0億円
7058,2020-02-14,4920,4920,09:00,4700,14:48,4720,10300株,49百万円,-195,-3.97,4781.65円,86回,71.1億円
7058,2020-02-17,4600,4650,09:03,4350,09:25,4570,20900株,95百万円,-150,-3.18,4527.081円,142回,68.9億円
7058,2020-02-17,4500,4535,09:52,4320,13:26,4440,8300株,37百万円,-130,-2.84,4418.675円,65回,66.9億円
7058,2020-02-18,4415,4450,09:23,4330,09:08,4430,5800株,26百万円,-10,-0.23,4407.328円,50回,66.7億円
7058,2020-02-20,4430,4530,09:11,4260,14:43,4295,10200株,45百万円,-135,-3.05,4387.647円,78回,64.7億円
7058,2020-02-21,4295,4445,10:41,4295,09:00,4375,7900株,35百万円,+80,+1.86,4379.114円,60回,65.9億円
7058,2020-02-25,3955,4145,10:01,3915,09:15,4010,14400株,58百万円,-365,-8.34,4025.417円,80回,60.4億円
7058,2020-02-26,4000,4000,09:00,3800,11:01,3860,15700株,61百万円,-150,-3.74,3875.446円,118回,58.2億円
7058,2020-02-27,3975,3975,09:03,3475,13:02,3720,21400株,79百万円,-140,-3.63,3695.35円,155回,56.0億円
7058,2020-02-28,3500,3590,14:31,3350,09:20,3550,18500株,65百万円,-170,-4.57,3494.541円,117回,53.5億円
7058,2020-03-02,3340,3570,10:55,3340,09:06,3435,11400株,39百万円,-115,-3.24,3455.702円,90回,51.8億円
7058,2020-03-03,3470,3540,09:06,3165,14:55,3170,21300株,70百万円,-265,-7.71,3278.38円,164回,47.8億円
7058,2020-03-04,3125,3190,09:00,3010,14:38,3035,16900株,52百万円,-135,-4.26,3074.438円,127回,45.7億円
7058,2020-03-05,3125,3125,09:03,2996,13:18,3000,11300株,34百万円,-35,-1.15,3045.248円,86回,45.2億円
7058,2020-03-06,2940,2940,09:00,2740,11:14,2759,17500株,50百万円,-241,-8.03,2839.114円,133回,41.6億円
7058,2020-03-06,2690,2690,09:03,2402,11:29,2497,17700株,44百万円,-262,-9.50,2511.633円,116回,37.6億円
7058,2020-03-10,2448,2497,09:00,2230,09:35,2344,23900株,57百万円,-153,-6.13,2371.941円,131回,35.3億円
7058,2020-03-11,2479,2479,09:06,2150,15:00,2150,19900株,46百万円,-194,-8.28,2317.045円,144回,32.4億円
7058,2020-03-12,2150,2214,10:10,1958,11:02,2020,26600株,55百万円,-130,-6.05,2069.62円,193回,30.4億円
7058,2020-03-13,1900,1940,09:29,1744,10:56,1867,37700株,70百万円,-153,-7.57,1864.252円,217回,28.1億円
7058,2020-03-16,1924,2050,10:15,1884,09:08,1885,20700株,40百万円,+18,+0.96,1946.981円,129回,28.4億円
7058,2020-03-17,1851,2037,14:28,1810,09:46,2001,20100株,38百万円,+116,+6.15,1900.925円,139回,30.2億円
7058,2020-03-18,2100,2347,11:22,2100,09:03,2201,26000株,58百万円,+200,+10.00,2234.469円,170回,33.2億円
7058,2020-03-19,2151,2189,09:04,1860,10:43,1895,26900株,53百万円,-306,-13.90,1983.372円,147回,28.6億円
7058,2020-03-23,2015,2065,09:12,1888,11:26,1901,12400株,24百万円,+6,+0.32,1930.855円,93回,28.6億円
7058,2020-03-24,2000,2249,10:54,1988,09:15,2199,25400株,54百万円,+298,+15.68,2117.024円,199回,33.1億円
7058,2020-03-25,2497,2699,10:44,2435,09:16,2699,42300株,110百万円,+500,+22.74,2592.986円,155回,40.7億円
7058,2020-03-26,2399,2535,10:43,2335,09:17,2479,39200株,96百万円,-220,-8.15,2438.951円,216回,37.4億円
7058,2020-03-27,2501,2600,09:30,2435,11:15,2551,24800株,62百万円,+72,+2.90,2512.766円,183回,38.4億円
7058,2020-03-30,2410,2575,14:53,2397,09:03,2530,8300株,21百万円,-21,-0.82,2484.434円,64回,38.1億円
7058,2020-03-31,2530,2880,10:32,2530,09:00,2680,8500株,23百万円,+150,+5.93,2736.223円,69回,40.4億円
7058,2020-04-01,2680,2680,09:00,2390,15:00,2390,10300株,26百万円,-290,-10.82,2543.175円,83回,36.0億円
7058,2020-04-02,2360,2430,10:04,2335,14:58,2338,5800株,14百万円,-52,-2.18,2379.879円,44回,35.2億円
7058,2020-04-03,2355,2360,10:24,2265,13:38,2360,5100株,12百万円,+22,+0.94,2333.804円,42回,35.6億円
7058,2020-04-06,2290,2470,14:59,2261,09:11,2470,6800株,16百万円,+110,+4.66,2352.956円,44回,37.2億円
