7238,2019-09-13,172,177,13:16,164,09:13,174,3139100株,538百万円,+3,+1.75,171.331円,1100回
7238,2019-09-17,175,182,13:25,171,09:05,179,2617800株,463百万円,+5,+2.87,177.002円,1021回
7238,2019-09-17,178,180,11:20,171,13:47,172,2482900株,434百万円,-7,-3.91,174.884円,914回,233.91億円
7238,2019-09-19,192,207,09:15,183,12:49,186,15206100株,2931百万円,+14,+8.14,192.735円,4540回,252.95億円
7238,2019-09-20,186,187,09:00,178,09:33,185,3347200株,613百万円,-1,-0.54,182.998円,1078回,251.59億円
7238,2019-09-24,189,189,09:00,184,12:41,185,1716800株,320百万円,0,0,186.279円,578回,251.59億円
7238,2019-09-25,183,184,09:00,180,09:10,180,1101300株,200百万円,-5,-2.70,181.346円,509回,244.79億円
7238,2019-09-26,182,190,14:31,181,09:00,190,2287200株,426百万円,+10,+5.56,186.289円,719回,258.39億円
7238,2019-09-27,192,210,10:49,185,14:39,188,10924900株,2168百万円,-2,-1.05,198.417円,3667回,255.67億円
7238,2019-09-30,195,202,14:12,191,09:19,200,4328200株,850百万円,+12,+6.38,196.397円,1506回,271.98億円
7238,2019-10-01,204,216,13:14,195,09:37,216,7340300株,1522百万円,+16,+8.00,207.339円,2110回,293.74億円
7238,2019-10-02,211,248,10:56,209,09:00,236,17186900株,4019百万円,+20,+9.26,233.819円,5545回,320.94億円
7238,2019-10-03,238,249,09:53,232,09:10,242,12524900株,3016百万円,+6,+2.54,240.786円,3507回,329.10億円
7238,2019-10-04,248,253,09:00,231,13:08,244,9227400株,2232百万円,+2,+0.83,241.836円,3346回,331.82億円
7238,2019-10-07,242,245,09:29,234,10:56,241,5500100株,1318百万円,-3,-1.23,239.683円,1773回,327.74億円
7238,2019-10-08,240,240,09:00,223,09:53,230,6200700株,1430百万円,-11,-4.56,230.55円,1933回,312.78億円
7238,2019-10-09,232,239,10:01,225,09:07,228,4231200株,983百万円,-2,-0.87,232.218円,1333回,310.06億円
7238,2019-10-10,228,228,09:00,218,13:13,225,3749600株,835百万円,-3,-1.32,222.673円,1314回,305.98億円
7238,2019-10-11,224,233,09:37,222,12:47,224,2684600株,607百万円,-1,-0.44,226.138円,797回,304.62億円
7238,2019-10-15,226,239,09:28,226,09:00,231,3372500株,787百万円,+7,+3.13,233.417円,1167回,314.14億円
7238,2019-10-16,235,238,09:16,228,10:22,230,2807500株,653百万円,-1,-0.43,232.498円,874回,312.78億円
7238,2019-10-17,233,233,09:00,226,12:31,228,1389500株,317百万円,-2,-0.87,227.899円,651回,310.06億円
7238,2019-10-18,228,228,09:00,223,09:09,225,1688700株,380百万円,-3,-1.32,225.254円,903回,305.98億円
7238,2019-10-21,227,228,09:00,212,14:49,214,4154900株,902百万円,-11,-4.89,217.101円,1570回,291.02億円
7238,2019-10-23,215,224,14:46,214,09:07,223,3159400株,693百万円,+9,+4.21,219.495円,1164回,303.26億円
7238,2019-10-24,224,225,09:01,210,10:49,211,3328900株,715百万円,-12,-5.38,214.655円,1052回,286.94億円
7238,2019-10-25,211,211,09:00,202,12:43,203,2854100株,585百万円,-8,-3.79,205.046円,1150回,276.06億円
7238,2019-10-28,200,204,14:42,198,09:02,203,2012800株,405百万円,0,0,201.025円,661回,276.06億円
7238,2019-10-29,202,206,09:48,199,09:10,205,1298400株,264百万円,+2,+0.99,203.641円,499回,278.78億円
7238,2019-10-30,205,207,14:59,200,09:38,207,1865500株,381百万円,+2,+0.98,204.309円,623回,281.50億円
7238,2019-10-31,206,210,13:39,204,09:06,208,1450000株,300百万円,+1,+0.48,206.91円,764回,282.86億円
7238,2019-11-01,207,209,14:39,204,09:08,207,1243800株,257百万円,-1,-0.48,206.57円,761回,281.50億円
7238,2019-11-05,209,219,13:13,209,09:00,215,2461700株,529百万円,+8,+3.86,214.854円,754回,292.38億円
7238,2019-11-07,216,227,10:03,216,09:00,225,2628100株,587百万円,+8,+3.69,223.528円,1066回,305.98億円
7238,2019-11-08,227,232,13:53,224,09:10,231,3104900株,709百万円,+6,+2.67,228.481円,1170回,314.14億円
7238,2019-11-11,231,233,09:00,226,09:26,228,1401300株,321百万円,-3,-1.30,228.887円,633回,310.06億円
7238,2019-11-12,228,231,14:30,220,09:03,230,2300300株,520百万円,+2,+0.88,225.89円,847回,312.78億円
7238,2019-11-13,244,260,12:48,236,09:21,253,16823900株,4194百万円,+23,+10.00,249.269円,5469回,344.06億円
7238,2019-11-14,251,256,10:22,237,09:07,254,7239400株,1806百万円,+1,+0.40,249.482円,2582回,345.42億円
7238,2019-11-15,247,275,13:03,246,09:00,270,10500900株,2782百万円,+16,+6.30,264.883円,3252回,367.18億円
7238,2019-11-18,271,282,09:05,267,13:46,272,6885000株,1881百万円,+2,+0.74,273.135円,2202回,369.90億円
7238,2019-11-19,270,270,09:00,248,13:35,251,7289800株,1878百万円,-21,-7.72,257.68円,2395回,341.34億円
7238,2019-11-20,250,261,09:34,249,09:00,255,3354700株,859百万円,+4,+1.59,256.115円,1287回,346.78億円
7238,2019-11-21,255,264,10:25,252,09:05,258,3360600株,869百万円,+3,+1.18,258.52円,1086回,350.86億円
7238,2019-11-22,257,257,09:00,244,14:17,244,4801300株,1190百万円,-14,-5.43,247.765円,1688回,331.82億円
7238,2019-11-25,245,246,09:03,240,09:11,242,1636200株,396百万円,-2,-0.82,241.963円,785回,329.10億円
7238,2019-11-26,242,243,14:46,236,10:21,243,1991300株,476百万円,+1,+0.41,238.841円,736回,330.46億円
7238,2019-11-27,249,253,09:11,244,11:13,245,4052600株,1007百万円,+2,+0.82,248.399円,1461回,333.18億円
7238,2019-11-28,245,250,14:01,241,09:01,248,2105700株,518百万円,+3,+1.22,246.153円,865回,337.26億円
7238,2019-11-29,248,251,14:53,243,09:04,249,2213200株,548百万円,+1,+0.40,247.82円,782回,338.62億円
7238,2019-12-02,250,256,09:23,249,10:14,252,2214200株,558百万円,+3,+1.20,251.788円,874回,342.70億円
7238,2019-12-03,250,253,12:42,245,09:06,251,1334900株,333百万円,-1,-0.40,249.656円,650回,341.34億円
7238,2019-12-05,255,258,09:01,243,14:27,244,3337800株,831百万円,-11,-4.31,249.051円,1075回,331.82億円
7238,2019-12-06,245,247,09:25,242,12:46,243,1483300株,362百万円,-1,-0.41,244.134円,636回,330.46億円
7238,2019-12-09,244,244,09:00,235,13:50,236,2721300株,646百万円,-7,-2.88,237.467円,972回,320.94億円
7238,2019-12-10,236,242,09:49,235,09:00,242,1811300株,435百万円,+6,+2.54,240.097円,887回,329.10億円
7238,2019-12-13,233,240,09:52,232,09:00,237,2591200株,614百万円,+8,+3.49,236.897円,1099回,322.30億円
7238,2019-12-16,236,244,14:46,235,09:10,243,1727900株,415百万円,+6,+2.53,240.338円,576回,330.46億円
7238,2019-12-17,244,247,14:28,238,09:47,246,2859300株,696百万円,+3,+1.23,243.425円,743回,334.54億円
7238,2019-12-18,246,262,09:29,245,09:00,250,8863400株,2257百万円,+4,+1.63,254.663円,2459回,339.98億円
7238,2019-12-19,247,248,09:01,240,10:58,242,4081700株,991百万円,-8,-3.20,242.791円,1462回,329.10億円
7238,2019-12-20,242,254,13:50,238,09:13,252,5871400株,1457百万円,+10,+4.13,248.101円,1588回,342.70億円
7238,2019-12-23,257,259,09:56,250,09:08,254,3418300株,872百万円,+2,+0.79,255.128円,1084回,345.42億円
7238,2019-12-24,255,260,10:37,253,09:16,255,2702100株,694百万円,+1,+0.39,256.692円,799回,346.78億円
7238,2019-12-25,255,255,09:00,245,13:52,247,3770600株,937百万円,-8,-3.14,248.53円,1060回,335.90億円
7238,2019-12-26,248,253,10:13,243,14:27,244,3020600株,747百万円,-3,-1.21,247.221円,709回,331.82億円
7238,2019-12-27,244,251,14:37,240,09:06,249,2655600株,654百万円,+5,+2.05,246.267円,791回,338.62億円
7238,2019-12-30,248,248,09:00,241,09:49,244,2249800株,548百万円,-5,-2.01,243.751円,748回,331.82億円
7238,2020-01-06,238,241,09:33,236,09:00,237,2485400株,592百万円,-7,-2.87,238.113円,747回,322.30億円
7238,2020-01-07,239,241,09:03,237,09:16,239,1519700株,362百万円,+2,+0.84,238.421円,605回,325.02億円
7238,2020-01-08,238,238,09:00,225,10:35,230,4070400株,939百万円,-9,-3.77,230.709円,1310回,312.78億円
7238,2020-01-09,236,244,10:39,235,09:02,241,3037400株,730百万円,+11,+4.78,240.458円,983回,327.74億円
7238,2020-01-10,243,246,09:03,242,09:54,243,2070300株,505百万円,+2,+0.83,244.027円,673回,330.46億円
7238,2020-01-14,243,249,11:06,243,09:00,247,2004600株,494百万円,+4,+1.65,246.307円,588回,335.90億円
7238,2020-01-15,244,245,09:00,238,13:08,238,2420700株,582百万円,-9,-3.64,240.593円,817回,323.66億円
7238,2020-01-16,239,240,09:00,234,12:38,234,1263500株,299百万円,-4,-1.68,236.433円,449回,318.22億円
7238,2020-01-17,236,237,09:01,231,09:50,234,1241000株,290百万円,0,0,233.759円,441回,318.22億円
7238,2020-01-20,233,240,12:47,233,09:00,238,1617400株,384百万円,+4,+1.71,237.548円,592回,323.66億円
7238,2020-01-21,237,240,13:57,233,09:00,239,1351200株,320百万円,+1,+0.42,237.065円,436回,325.02億円
7238,2020-01-22,235,237,14:54,232,09:10,236,1616100株,379百万円,-3,-1.26,234.244円,671回,320.94億円
7238,2020-01-23,235,238,10:24,234,09:01,234,1432400株,338百万円,-2,-0.85,235.769円,570回,318.22億円
7238,2020-01-24,235,235,09:00,229,10:13,233,1782700株,414百万円,-1,-0.43,231.986円,523回,316.86億円
7238,2020-01-27,230,232,09:18,229,09:00,230,1385500株,319百万円,-3,-1.29,230.248円,386回,312.78億円
7238,2020-01-28,227,236,14:30,225,09:00,234,2366100株,541百万円,+4,+1.74,228.632円,520回,318.22億円
7238,2020-01-29,234,237,09:03,230,13:22,231,1657900株,387百万円,-3,-1.28,233.393円,437回,314億円
7238,2020-01-30,232,234,09:04,221,12:53,221,2452600株,552百万円,-10,-4.33,225.156円,641回,301億円
7238,2020-01-31,221,228,14:00,218,09:34,226,2670900株,598百万円,+5,+2.26,223.709円,727回,307億円
7238,2020-02-03,215,224,14:23,214,09:03,222,2542500株,556百万円,-4,-1.77,218.759円,797回,302億円
7238,2020-02-04,221,233,14:09,221,09:00,231,2814900株,644百万円,+9,+4.05,228.761円,833回,314億円
7238,2020-02-05,232,237,10:39,232,09:00,235,2334800株,548百万円,+4,+1.73,234.668円,774回,320億円
7238,2020-02-06,237,245,09:31,237,09:00,241,3182300株,768百万円,+6,+2.55,241.373円,821回,328億円
7238,2020-02-07,241,243,09:05,235,13:40,236,1989300株,475百万円,-5,-2.07,238.888円,558回,321億円
7238,2020-02-10,234,234,09:00,229,09:00,231,1985200株,458百万円,-5,-2.12,230.583円,712回,314億円
7238,2020-02-12,234,238,10:45,232,09:01,238,1709500株,404百万円,+7,+3.03,236.124円,581回,324億円
7238,2020-02-13,238,239,09:08,233,10:02,235,1183300株,278百万円,-3,-1.26,235.212円,537回,320億円
7238,2020-02-14,232,238,09:30,231,09:01,234,1380700株,324百万円,-1,-0.43,234.415円,669回,318億円
7238,2020-02-17,230,232,14:38,224,09:13,232,1447900株,330百万円,-2,-0.85,227.958円,1024回,316億円
7238,2020-02-17,230,235,13:48,228,09:59,233,1434600株,333百万円,+1,+0.43,231.958円,757回,317億円
7238,2020-02-18,231,239,11:01,231,09:00,238,1491200株,353百万円,+5,+2.15,236.876円,603回,324億円
7238,2020-02-20,240,242,09:11,237,12:38,238,1200200株,288百万円,0,0,239.808円,588回,324億円
7238,2020-02-21,237,242,09:17,235,09:52,235,1178200株,280百万円,-3,-1.26,237.95円,425回,320億円
7238,2020-02-25,217,225,09:23,217,09:06,220,2304300株,510百万円,-15,-6.38,221.294円,1101回,299億円
7238,2020-02-26,215,217,09:00,208,10:49,213,2628400株,559百万円,-7,-3.18,212.813円,803回,290億円
7238,2020-02-27,209,211,09:01,193,13:58,195,3595000株,719百万円,-18,-8.45,199.989円,1175回,265億円
7238,2020-02-28,180,187,09:46,171,14:55,172,4678500株,828百万円,-23,-11.79,177.005円,1246回,234億円
7238,2020-03-02,174,195,10:40,172,09:01,187,3459400株,636百万円,+15,+8.72,183.881円,1455回,254億円
7238,2020-03-03,195,200,09:04,182,10:52,183,4246300株,800百万円,-4,-2.14,188.511円,1538回,249億円
7238,2020-03-04,178,186,12:34,175,09:02,185,2761900株,503百万円,+2,+1.09,181.995円,992回,252億円
7238,2020-03-05,184,187,09:02,178,12:54,180,1842400株,335百万円,-5,-2.70,181.71円,604回,245億円
7238,2020-03-06,175,178,09:21,167,14:14,169,2890000株,495百万円,-11,-6.11,171.4円,942回,230億円
7238,2020-03-06,157,161,09:07,145,11:15,149,4685000株,708百万円,-20,-11.83,151.217円,1424回,203億円
7238,2020-03-10,140,157,14:18,133,09:12,154,5147900株,750百万円,+5,+3.36,145.786円,1544回,209億円
7238,2020-03-11,152,160,09:12,152,09:00,154,3128500株,489百万円,0,0,156.329円,1169回,209億円
7238,2020-03-12,149,153,09:07,139,14:59,140,6034300株,878百万円,-14,-9.09,145.584円,1950回,190億円
7238,2020-03-13,123,135,14:19,122,09:12,128,3841600株,486百万円,-12,-8.57,126.561円,1383回,174億円
7238,2020-03-16,134,141,10:16,129,09:18,132,2647500株,359百万円,+4,+3.13,135.531円,1026回,180億円
7238,2020-03-17,122,142,14:44,122,09:03,141,4940200株,661百万円,+9,+6.82,133.735円,2355回,192億円
7238,2020-03-18,141,154,13:11,141,09:00,146,4058800株,603百万円,+5,+3.55,148.589円,1689回,199億円
7238,2020-03-19,148,154,09:07,147,13:54,149,3532400株,531百万円,+3,+2.05,150.321円,1341回,203億円
7238,2020-03-23,145,150,12:58,139,09:18,147,3405400株,494百万円,-2,-1.34,145.073円,1761回,200億円
7238,2020-03-24,154,160,10:54,152,13:00,155,2771400株,430百万円,+8,+5.44,155.149円,1264回,211億円
7238,2020-03-25,167,169,09:06,157,14:02,161,3478000株,566百万円,+6,+3.87,162.658円,1089回,219億円
7238,2020-03-26,155,160,09:19,152,09:03,153,2316900株,359百万円,-8,-4.97,154.824円,1095回,208億円
7238,2020-03-27,158,159,09:00,149,12:32,153,2252400株,344百万円,0,0,152.678円,1043回,208億円
7238,2020-03-30,150,158,14:43,149,09:00,158,1878000株,291百万円,+5,+3.27,154.773円,668回,215億円
7238,2020-03-31,159,164,09:03,155,14:53,155,1800300株,287百万円,-3,-1.90,159.276円,737回,211億円
7238,2020-04-01,150,158,10:50,149,14:49,150,1687500株,258百万円,-5,-3.23,153.181円,721回,204億円
7238,2020-04-02,149,151,09:04,146,09:10,146,1765700株,262百万円,-4,-2.67,148.21円,800回,199億円
7238,2020-04-03,147,150,09:02,138,14:31,140,1574100株,226百万円,-6,-4.11,143.379円,657回,190億円
7238,2020-04-06,141,154,14:39,136,09:08,152,2368600株,347百万円,+12,+8.57,146.478円,1121回,207億円
