7269,2019-08-06,3931,3983,09:12,3858,12:30,3907,2279700株,8905百万円,-93,-2.33,3906.09円,5797回
7269,2019-08-06,3557,3918,14:59,3501,09:17,3918,3624400株,13656百万円,+11,+0.28,3767.928円,10556回
7269,2019-08-07,3919,3933,09:08,3800,12:34,3865,2310200株,8915百万円,-53,-1.35,3859.028円,6070回
7269,2019-08-08,3908,3981,10:37,3876,09:03,3919,2439800株,9594百万円,+54,+1.40,3932.106円,7299回
7269,2019-08-09,3962,3987,09:03,3897,12:33,3933,1732000株,6813百万円,+14,+0.36,3933.464円,4237回
7269,2019-08-13,3874,4010,10:20,3872,09:00,3959,2325900株,9211百万円,+26,+0.66,3960.327円,5975回
7269,2019-08-14,3966,3978,09:00,3899,09:10,3949,2054500株,8093百万円,-10,-0.25,3939.369円,5649回
7269,2019-08-15,3865,3952,09:53,3843,09:04,3932,1591700株,6233百万円,-17,-0.43,3916.169円,4555回
7269,2019-08-16,3873,3921,14:36,3828,09:01,3904,1747800株,6776百万円,-28,-0.71,3877.078円,5038回
7269,2019-08-19,3931,3957,09:44,3878,14:59,3880,1275400株,4982百万円,-24,-0.61,3906.453円,3299回
7269,2019-08-20,3869,3898,13:39,3865,09:00,3886,1014300株,3940百万円,+6,+0.15,3884.852円,1997回
7269,2019-08-21,3816,3895,14:59,3783,09:01,3893,1392500株,5375百万円,+7,+0.18,3860.086円,3965回
7269,2019-08-22,3932,4018,09:00,3916,12:30,3959,2151400株,8494百万円,+66,+1.70,3948.185円,5019回
7269,2019-08-23,3912,4002,10:59,3912,09:00,3986,1215600株,4837百万円,+27,+0.68,3979.247円,4455回
7269,2019-08-26,3902,4054,13:04,3894,09:03,4004,2068600株,8265百万円,+18,+0.45,3995.408円,4752回
7269,2019-08-26,4091,4185,09:38,4084,09:03,4110,3715100株,15313百万円,+106,+2.65,4121.85円,9743回
7269,2019-08-28,4132,4171,09:00,4065,12:58,4085,2687700株,11015百万円,-25,-0.61,4098.347円,8962回
7269,2019-08-29,4210,4245,09:03,4112,10:46,4148,3250900株,13555百万円,+63,+1.54,4169.644円,9029回
7269,2019-08-30,4168,4182,09:00,4087,14:48,4098,1987400株,8170百万円,-50,-1.21,4110.871円,4808回
7269,2019-09-02,4067,4090,14:43,3991,09:49,4085,2040000株,8267百万円,-13,-0.32,4052.551円,5748回
7269,2019-09-03,4050,4101,14:07,4042,10:13,4085,1205200株,4916百万円,0,0,4078.919円,3103回
7269,2019-09-03,4059,4060,09:00,3971,14:47,3975,1850500株,7406百万円,-110,-2.69,4001.964円,4648回
7269,2019-09-05,3959,4114,11:12,3957,09:00,4096,2968200株,12097百万円,+121,+3.04,4075.499円,7020回
7269,2019-09-05,4152,4227,09:28,4127,09:00,4196,2501800株,10490百万円,+100,+2.44,4192.954円,5888回
7269,2019-09-07,4221,4230,09:00,4149,12:59,4165,1412900株,5903百万円,-31,-0.74,4178.18円,3862回
7269,2019-09-10,4231,4251,10:26,4195,09:05,4221,1581400株,6680百万円,+56,+1.34,4223.869円,4185回
7269,2019-09-11,4271,4350,13:15,4268,09:00,4330,2710800株,11713百万円,+109,+2.58,4320.982円,5371回
7269,2019-09-12,4340,4382,10:01,4320,09:12,4351,2023700株,8809百万円,+21,+0.48,4352.849円,4353回
7269,2019-09-13,4374,4387,13:37,4291,09:01,4361,2375300株,10370百万円,+10,+0.23,4365.59円,3309回
7269,2019-09-17,4332,4345,10:11,4292,09:02,4314,1797800株,7757百万円,-47,-1.08,4314.815円,4366回
7269,2019-09-17,4310,4330,09:03,4282,13:55,4300,939800株,4042百万円,-14,-0.32,4301.094円,2230回,21115.92億円
7269,2019-09-19,4303,4402,09:51,4303,09:00,4305,1517700株,6578百万円,+5,+0.12,4334.17円,3612回,21140.47億円
7269,2019-09-20,4345,4506,14:49,4264,14:04,4465,4143000株,18325百万円,+160,+3.72,4423.19円,8902回,21926.18億円
7269,2019-09-24,4675,4702,09:06,4605,12:55,4652,6112200株,28442百万円,+187,+4.19,4653.386円,13876回,22844.47億円
7269,2019-09-25,4687,4692,09:00,4483,14:56,4494,3077200株,14015百万円,-158,-3.40,4554.306円,8483回,22068.59億円
7269,2019-09-26,4564,4574,09:01,4490,11:08,4558,2211000株,10035百万円,+64,+1.42,4538.708円,4986回,22382.87億円
7269,2019-09-27,4539,4606,12:30,4526,09:00,4588,2216200株,10131百万円,+30,+0.66,4571.187円,5708回,22530.19億円
7269,2019-09-30,4587,4642,11:25,4564,09:02,4587,2415200株,11106百万円,-1,-0.02,4598.389円,5781回,22525.28億円
7269,2019-10-01,4573,4592,09:35,4483,13:58,4522,1820900株,8261百万円,-65,-1.42,4536.666円,4433回,22206.09億円
7269,2019-10-02,4477,4586,14:59,4475,09:00,4585,2032200株,9252百万円,+63,+1.39,4552.927円,4846回,22515.46億円
7269,2019-10-03,4456,4490,09:03,4376,13:33,4403,2428400株,10719百万円,-182,-3.97,4413.835円,7194回,21621.72億円
7269,2019-10-04,4384,4432,13:23,4363,09:00,4409,1466900株,6466百万円,+6,+0.14,4407.951円,3697回,21651.18億円
7269,2019-10-07,4405,4437,09:01,4368,12:38,4395,1178600株,5183百万円,-14,-0.32,4397.711円,3395回,21582.43億円
7269,2019-10-08,4405,4461,09:14,4402,09:00,4418,1808100株,8006百万円,+23,+0.52,4427.921円,4199回,21695.38億円
7269,2019-10-09,4351,4459,09:47,4346,09:00,4355,1771900株,7762百万円,-63,-1.43,4380.505円,4715回,21386.00億円
7269,2019-10-10,4349,4398,09:02,4308,09:30,4390,1095800株,4785百万円,+35,+0.80,4367.115円,3408回,21557.88億円
7269,2019-10-11,4437,4609,09:29,4434,09:00,4549,4063700株,18389百万円,+159,+3.62,4525.234円,10022回,22338.67億円
7269,2019-10-15,4660,4779,11:08,4643,09:03,4750,4100900株,19406百万円,+201,+4.42,4732.087円,9386回,23325.72億円
7269,2019-10-16,4845,4872,09:03,4758,10:28,4807,2410100株,11581百万円,+57,+1.20,4805.335円,6613回,23605.63億円
7269,2019-10-17,4838,4903,14:11,4802,10:09,4880,3211000株,15591百万円,+73,+1.52,4855.393円,7670回,23964.11億円
7269,2019-10-18,4880,4935,09:01,4875,09:18,4914,1840200株,9030百万円,+34,+0.70,4906.908円,5215回,24131.07億円
7269,2019-10-21,4902,4945,14:56,4892,10:54,4934,1450800株,7145百万円,+20,+0.41,4924.668円,4021回,24229.29億円
7269,2019-10-23,4993,5012,09:00,4921,09:17,4935,1859500株,9199百万円,+1,+0.02,4947.174円,5092回,24234.20億円
7269,2019-10-24,4959,5008,09:15,4959,09:00,4983,1484700株,7401百万円,+48,+0.97,4984.881円,3898回,24469.91億円
7269,2019-10-25,4983,5038,09:01,4965,09:27,5012,1434100株,7172百万円,+29,+0.58,5000.797円,4634回,24612.32億円
7269,2019-10-28,5027,5056,09:10,5006,09:22,5053,1338500株,6751百万円,+41,+0.82,5043.366円,3692回,24813.66億円
7269,2019-10-29,5094,5121,14:04,5047,09:15,5106,2112100株,10773百万円,+53,+1.05,5100.453円,5656回,25073.92億円
7269,2019-10-30,5109,5152,14:34,5063,09:27,5138,3917800株,20066百万円,+32,+0.63,5121.752円,6195回,25231.06億円
7269,2019-10-31,5100,5158,13:47,5090,09:00,5137,2063700株,10578百万円,-1,-0.02,5125.926円,4531回,25226.15億円
7269,2019-11-01,5115,5278,14:27,5099,09:32,5271,1748700株,9134百万円,+134,+2.61,5223.086円,4741回,25884.18億円
7269,2019-11-05,5308,5378,14:05,5257,10:08,5347,2438900株,13027百万円,+76,+1.44,5341.513円,6195回,26257.40億円
7269,2019-11-06,5264,5305,09:00,5135,12:34,5157,3450800株,17868百万円,-190,-3.55,5178.015円,10646回,25324.37億円
7269,2019-11-07,5184,5203,09:38,5116,09:03,5164,1670600株,8624百万円,+7,+0.14,5162.263円,5088回,25358.74億円
7269,2019-11-08,5183,5184,09:01,5018,13:48,5052,2965600株,15094百万円,-112,-2.17,5089.676円,6435回,24808.75億円
7269,2019-11-11,5054,5079,09:00,4985,12:34,5015,1794300株,9006百万円,-37,-0.73,5019.343円,5305回,24627.05億円
7269,2019-11-12,5015,5064,09:01,4999,12:37,5036,1267400株,6375百万円,+21,+0.42,5029.875円,3103回,24730.17億円
7269,2019-11-13,5039,5099,10:00,5021,09:04,5067,852400株,4314百万円,+31,+0.62,5060.583円,3455回,24882.41億円
7269,2019-11-14,5077,5083,09:00,4986,12:30,5003,1145200株,5745百万円,-69,-1.36,5016.656円,2986回,24568.12億円
7269,2019-11-15,5008,5032,09:00,4947,15:00,4947,1710700株,8505百万円,-56,-1.12,4971.914円,4397回,24293.12億円
7269,2019-11-18,4927,4964,09:02,4896,09:31,4934,1186500株,5853百万円,-13,-0.26,4932.864円,4130回,24229.29億円
7269,2019-11-19,4952,4977,09:00,4925,14:59,4946,1171700株,5796百万円,+12,+0.24,4946.535円,3141回,24288.21億円
7269,2019-11-20,4928,4988,09:32,4916,09:00,4946,1160300株,5745百万円,0,0,4951.448円,2879回,24288.21億円
7269,2019-11-21,4908,4952,14:59,4877,09:01,4941,1260900株,6204百万円,-5,-0.10,4920.442円,4568回,24263.66億円
7269,2019-11-22,4885,4902,09:00,4837,15:00,4837,1175800株,5711百万円,-104,-2.10,4856.894円,3173回,23752.95億円
7269,2019-11-25,4886,4909,09:02,4832,13:22,4852,1075300株,5227百万円,+15,+0.31,4860.943円,2703回,23826.61億円
7269,2019-11-26,4884,4922,09:15,4862,15:00,4862,1896700株,9257百万円,+10,+0.21,4880.647円,3638回,23875.72億円
7269,2019-11-27,4919,4929,09:00,4865,11:10,4895,1051100株,5143百万円,+33,+0.68,4893.256円,2863回,24037.77億円
7269,2019-11-28,4929,4946,12:43,4897,09:29,4918,799200株,3936百万円,+23,+0.47,4924.543円,2048回,24150.71億円
7269,2019-11-29,4978,4978,09:00,4849,14:28,4856,1152700株,5631百万円,-62,-1.26,4885.169円,3056回,23846.25億円
7269,2019-12-02,4840,4853,09:00,4750,13:46,4755,1727200株,8256百万円,-101,-2.08,4780.2円,4407回,23350.27億円
7269,2019-12-03,4697,4733,11:01,4671,09:20,4714,1615800株,7607百万円,-41,-0.86,4708.079円,4300回,23148.94億円
7269,2019-12-05,4698,4744,09:04,4684,12:30,4704,945100株,4446百万円,-8,-0.17,4703.895円,2637回,23099.83億円
7269,2019-12-06,4736,4761,09:00,4680,14:39,4697,1257000株,5915百万円,-7,-0.15,4705.46円,3145回,23065.45億円
7269,2019-12-09,4681,4729,14:55,4660,09:06,4717,1074300株,5047百万円,+20,+0.43,4697.842円,2543回,23163.67億円
7269,2019-12-10,4665,4687,09:05,4642,13:30,4651,1358800株,6329百万円,-66,-1.40,4658.12円,2937回,22839.56億円
7269,2019-12-13,4713,4736,14:59,4677,09:05,4728,2244300株,10583百万円,+85,+1.83,4715.463円,3563回,23217.69億円
7269,2019-12-16,4703,4769,10:54,4700,09:00,4730,1304600株,6176百万円,+2,+0.04,4734.384円,3133回,23227.51億円
7269,2019-12-17,4710,4737,09:08,4650,14:59,4650,1889900株,8846百万円,-80,-1.69,4680.488円,3793回,22834.65億円
7269,2019-12-18,4680,4697,09:00,4585,09:30,4619,2161400株,9990百万円,-31,-0.67,4622.189円,4881回,22682.42億円
7269,2019-12-19,4689,4797,10:13,4642,09:05,4750,3139700株,14861百万円,+131,+2.84,4733.218円,6814回,23325.72億円
7269,2019-12-20,4713,4730,14:54,4653,09:40,4710,1949600株,9160百万円,-40,-0.84,4698.326円,4300回,23129.29億円
7269,2019-12-23,4730,4766,09:00,4694,13:20,4732,1182600株,5593百万円,+22,+0.47,4729.455円,3330回,23237.33億円
7269,2019-12-24,4706,4715,09:12,4653,14:03,4673,1053100株,4923百万円,-59,-1.25,4674.412円,2891回,22947.60億円
7269,2019-12-25,4650,4651,09:00,4606,09:15,4611,572300株,2643百万円,-62,-1.33,4618.977円,1432回,22643.14億円
7269,2019-12-26,4611,4652,09:39,4601,09:00,4609,568400株,2625百万円,-2,-0.04,4618.479円,1422回,22633.31億円
7269,2019-12-27,4650,4664,09:04,4615,15:00,4615,622400株,2883百万円,+6,+0.13,4632.153円,1490回,22662.78億円
7269,2019-12-30,4571,4585,10:18,4554,09:09,4567,1079100株,4930百万円,-48,-1.04,4568.637円,2454回,22427.07億円
7269,2020-01-06,4577,4583,09:00,4451,12:32,4468,1318400株,5917百万円,-99,-2.17,4488.037円,3645回,21940.91億円
7269,2020-01-07,4505,4567,12:32,4464,09:14,4541,2186000株,9913百万円,+73,+1.63,4534.698円,4802回,22299.39億円
7269,2020-01-08,4445,4467,12:30,4419,09:32,4435,1794900株,7962百万円,-106,-2.33,4436.109円,4177回,21778.86億円
7269,2020-01-09,4473,4524,14:59,4452,09:02,4523,1801800株,8119百万円,+88,+1.98,4506.175円,3300回,22211.00億円
7269,2020-01-10,4584,4612,09:29,4547,09:52,4578,1534600株,7027百万円,+55,+1.22,4579.208円,2970回,22481.08億円
7269,2020-01-14,4618,4656,09:28,4611,09:00,4637,1786300株,8278百万円,+59,+1.29,4634.146円,4427回,22770.81億円
7269,2020-01-15,4624,4714,15:00,4615,09:00,4714,1484700株,6966百万円,+77,+1.66,4691.647円,3717回,23148.94億円
7269,2020-01-16,4847,4906,09:04,4748,09:30,4832,2801000株,13525百万円,+118,+2.50,4828.726円,6915回,23728.40億円
7269,2020-01-17,4900,5037,12:31,4877,09:00,5027,3623600株,18046百万円,+195,+4.04,4980.24円,8567回,24685.98億円
7269,2020-01-20,5018,5062,14:59,4996,09:15,5061,1826100株,9203百万円,+34,+0.68,5039.854円,4015回,24852.94億円
7269,2020-01-21,5047,5093,10:07,5030,12:51,5074,1203200株,6092百万円,+13,+0.26,5063.355円,3152回,24916.78億円
7269,2020-01-22,5033,5059,13:27,4989,09:31,5034,1623300株,8165百万円,-40,-0.79,5030.062円,4578回,24720.35億円
7269,2020-01-23,4994,4997,09:00,4906,14:34,4906,1643400株,8093百万円,-128,-2.54,4924.591円,3782回,24091.79億円
7269,2020-01-24,4823,4866,09:04,4774,09:15,4780,2600600株,12487百万円,-126,-2.57,4801.445円,5975回,23473.04億円
7269,2020-01-27,4740,4858,10:05,4730,09:00,4800,1873900株,9006百万円,+20,+0.42,4805.94円,5017回,23571.25億円
7269,2020-01-28,4843,4903,09:39,4807,09:00,4865,1747800株,8502百万円,+65,+1.35,4864.403円,4845回,23890.45億円
7269,2020-01-29,4918,4962,09:11,4874,13:19,4912,1556300株,7641百万円,+47,+0.97,4909.539円,4695回,24121億円
7269,2020-01-30,4913,4947,09:02,4895,09:33,4936,1363600株,6716百万円,+24,+0.49,4925.171円,3508回,24239億円
7269,2020-01-31,4970,5052,10:14,4961,09:00,5032,1751500株,8797百万円,+96,+1.94,5022.64円,3861回,24711億円
7269,2020-02-03,4970,5046,14:30,4944,09:11,5025,1143000株,5727百万円,-7,-0.14,5010.588円,3314回,24676億円
7269,2020-02-04,4997,5000,09:00,4921,12:35,4956,1484800株,7360百万円,-69,-1.37,4956.599円,3690回,24337億円
7269,2020-02-05,5030,5093,09:18,5003,14:59,5003,1272400株,6402百万円,+47,+0.95,5031.394円,3552回,24568億円
7269,2020-02-06,5070,5135,11:09,5034,09:00,5103,1740400株,8880百万円,+100,+2.00,5102.503円,3983回,25059億円
7269,2020-02-07,5064,5161,13:19,5046,09:01,5121,1478200株,7560百万円,+18,+0.35,5114.305円,4599回,25148億円
7269,2020-02-10,5021,5196,10:32,4993,09:09,5133,2176900株,11160百万円,+12,+0.23,5126.703円,7171回,25207億円
7269,2020-02-10,5074,5108,09:00,4937,12:41,4989,2733900株,13677百万円,-144,-2.81,5002.669円,7066回,24499億円
7269,2020-02-13,5031,5093,09:20,5010,09:01,5079,1746000株,8850百万円,+90,+1.80,5068.726円,4784回,24941億円
7269,2020-02-14,5019,5064,14:08,4973,09:28,5037,1139200株,5728百万円,-42,-0.83,5028.131円,3379回,24735億円
7269,2020-02-17,5054,5063,09:00,4967,09:14,5025,828000株,4161百万円,-12,-0.24,5025.188円,2528回,24676億円
7269,2020-02-17,5002,5017,09:01,4912,13:13,4930,1396600株,6910百万円,-95,-1.89,4947.682円,3479回,24210億円
7269,2020-02-18,4963,4965,09:00,4874,14:36,4885,1557400株,7637百万円,-45,-0.91,4903.641円,4432回,23989億円
7269,2020-02-20,4927,4953,09:06,4840,12:34,4850,1912200株,9314百万円,-35,-0.72,4870.679円,5348回,23817億円
7269,2020-02-21,4882,4921,09:05,4835,15:00,4835,1220700株,5931百万円,-15,-0.31,4858.984円,3768回,23743億円
7269,2020-02-25,4650,4745,10:19,4643,09:06,4718,2272700株,10717百万円,-117,-2.42,4715.656円,6141回,23169億円
7269,2020-02-26,4678,4759,14:51,4624,10:49,4738,1742800株,8202百万円,+20,+0.42,4706.142円,4492回,23267億円
7269,2020-02-27,4658,4669,09:03,4561,14:02,4616,1870800株,8636百万円,-122,-2.57,4615.961円,4541回,22668億円
7269,2020-02-28,4500,4524,09:05,4275,13:16,4337,3455900株,15068百万円,-279,-6.04,4360.13円,9020回,21298億円
