7550,2019-08-06,2296,2326,09:27,2272,12:30,2297,471700株,1084百万円,"","",2297.018円,1530回
7550,2019-08-06,2245,2281,14:24,2220,09:45,2276,475400株,1071百万円,-21,-0.91,2251.993円,1688回
7550,2019-08-07,2346,2416,09:14,2274,10:10,2306,988200株,2301百万円,+30,+1.32,2328.332円,3309回
7550,2019-08-08,2337,2460,14:59,2317,09:04,2458,1099500株,2650百万円,+152,+6.59,2410.551円,3255回
7550,2019-08-09,2450,2488,10:44,2420,09:02,2451,533400株,1313百万円,-7,-0.28,2461.143円,1653回
7550,2019-08-13,2430,2438,09:00,2405,09:34,2433,290700株,705百万円,-18,-0.73,2425.678円,1004回
7550,2019-08-14,2446,2446,09:00,2415,14:03,2425,286000株,694百万円,-8,-0.33,2426.649円,1117回
7550,2019-08-15,2372,2394,12:36,2368,09:04,2384,241600株,575百万円,-41,-1.69,2380.491円,826回
7550,2019-08-16,2387,2424,12:31,2377,09:08,2393,268600株,644百万円,+9,+0.38,2398.155円,977回
7550,2019-08-19,2402,2411,09:05,2370,12:32,2379,169800株,405百万円,-14,-0.59,2384.561円,577回
7550,2019-08-20,2352,2354,10:40,2331,13:50,2340,357100株,836百万円,-39,-1.64,2339.776円,1137回
7550,2019-08-21,2338,2352,13:11,2326,10:15,2345,249300株,584百万円,+5,+0.21,2341.766円,975回
7550,2019-08-22,2351,2357,09:01,2329,09:42,2351,189500株,445百万円,+6,+0.26,2346.161円,680回
7550,2019-08-23,2360,2384,14:55,2356,12:46,2381,242500株,575百万円,+30,+1.28,2370.223円,737回
7550,2019-08-26,2340,2369,09:46,2333,09:00,2361,296700株,699百万円,-20,-0.84,2355.658円,1007回
7550,2019-08-26,2380,2404,13:53,2368,09:35,2395,243300株,581百万円,+34,+1.44,2388.521円,835回
7550,2019-08-28,2411,2432,09:05,2377,11:22,2386,315900株,758百万円,-9,-0.38,2398.091円,936回
7550,2019-08-29,2372,2381,09:05,2353,11:18,2360,269600株,637百万円,-26,-1.09,2363.446円,684回
7550,2019-08-30,2376,2411,14:59,2366,09:29,2408,351400株,842百万円,+48,+2.03,2395.055円,816回
7550,2019-09-02,2400,2409,09:15,2383,14:45,2383,318600株,764百万円,-25,-1.04,2396.78円,649回
7550,2019-09-03,2385,2429,14:06,2381,09:00,2422,439400株,1058百万円,+39,+1.64,2408.898円,1015回
7550,2019-09-03,2404,2419,09:06,2393,13:11,2394,349800株,840百万円,-28,-1.16,2401.12円,884回
7550,2019-09-05,2399,2412,10:38,2390,09:01,2400,411000株,987百万円,+6,+0.25,2401.588円,851回
7550,2019-09-05,2393,2397,09:02,2368,12:31,2369,446000株,1061百万円,-31,-1.29,2379.072円,1047回
7550,2019-09-07,2376,2414,14:36,2374,09:00,2409,414300株,992百万円,+40,+1.69,2395.264円,933回
7550,2019-09-10,2413,2421,10:35,2389,09:05,2396,494400株,1189百万円,-13,-0.54,2405.674円,1237回
7550,2019-09-11,2385,2418,13:09,2376,09:00,2403,700000株,1680百万円,+7,+0.29,2399.526円,1736回
7550,2019-09-12,2429,2467,10:01,2426,09:00,2443,624800株,1528百万円,+40,+1.66,2445.728円,1528回
7550,2019-09-13,2443,2451,13:22,2413,09:07,2447,657800株,1605百万円,+4,+0.16,2440.228円,1245回
7550,2019-09-17,2450,2458,10:04,2432,09:32,2443,760700株,1861百万円,-4,-0.16,2446.582円,1227回
7550,2019-09-17,2445,2471,10:25,2433,09:16,2455,623400株,1528百万円,+12,+0.49,2450.575円,1219回,3731.36億円
7550,2019-09-19,2461,2509,09:30,2457,09:00,2501,789800株,1961百万円,+46,+1.87,2482.677円,1160回,3801.28億円
7550,2019-09-20,2501,2512,09:04,2473,15:00,2473,1141500株,2848百万円,-28,-1.12,2495.014円,1046回,3758.72億円
7550,2019-09-24,2477,2515,10:02,2464,09:03,2477,2045900株,5075百万円,+4,+0.16,2480.651円,1795回,3764.80億円
7550,2019-09-25,2475,2490,09:05,2443,12:35,2451,1838600株,4531百万円,-26,-1.05,2464.518円,2012回,3725.28億円
7550,2019-09-26,2463,2466,09:01,2395,14:59,2399,3129900株,7640百万円,-52,-2.12,2441.051円,3158回,3646.25億円
7550,2019-09-27,2380,2399,09:06,2345,13:56,2371,1262400株,3001百万円,-28,-1.17,2377.017円,2123回,3603.69億円
7550,2019-09-30,2350,2368,09:01,2326,14:40,2330,481800株,1129百万円,-41,-1.73,2342.43円,1310回,3541.38億円
7550,2019-10-01,2344,2386,09:50,2342,09:01,2370,381200株,903百万円,+40,+1.72,2367.594円,1208回,3602.17億円
7550,2019-10-02,2366,2453,14:30,2366,09:00,2450,898100株,2179百万円,+80,+3.38,2426.621円,2113回,3723.76億円
7550,2019-10-03,2422,2466,14:59,2410,09:00,2460,542500株,1327百万円,+10,+0.41,2446.482円,1445回,3738.96億円
7550,2019-10-04,2444,2470,13:45,2436,09:00,2467,280200株,688百万円,+7,+0.28,2456.801円,718回,3749.60億円
7550,2019-10-07,2474,2509,09:18,2473,09:08,2509,523100株,1306百万円,+42,+1.70,2496.134円,1217回,3813.44億円
7550,2019-10-08,2498,2515,09:28,2482,09:00,2493,287300株,717百万円,-16,-0.64,2495.071円,874回,3789.12億円
7550,2019-10-09,2481,2493,09:09,2461,11:08,2474,308200株,763百万円,-19,-0.76,2475.442円,1023回,3760.24億円
7550,2019-10-10,2474,2477,09:00,2391,14:55,2392,499200株,1205百万円,-82,-3.31,2414.28円,1605回,3635.61億円
7550,2019-10-11,2390,2398,09:00,2334,09:45,2355,556900株,1311百万円,-37,-1.55,2353.695円,1739回,3579.37億円
7550,2019-10-15,2391,2409,10:21,2362,09:34,2370,411300株,979百万円,+15,+0.64,2380.267円,1196回,3602.17億円
7550,2019-10-16,2379,2396,09:09,2361,14:44,2368,284900株,676百万円,-2,-0.08,2373.146円,940回,3599.13億円
7550,2019-10-17,2370,2389,09:03,2332,15:00,2332,394400株,926百万円,-36,-1.52,2348.223円,993回,3544.42億円
7550,2019-10-18,2333,2340,09:00,2284,13:28,2287,599000株,1377百万円,-45,-1.93,2299.153円,1468回,3476.02億円
7550,2019-10-21,2293,2305,09:24,2283,14:43,2283,328600株,752百万円,-4,-0.17,2289.569円,828回,3469.94億円
7550,2019-10-23,2280,2291,14:47,2254,09:17,2289,422200株,960百万円,+6,+0.26,2273.113円,1122回,3479.06億円
7550,2019-10-24,2305,2322,09:00,2285,14:24,2285,388200株,893百万円,-4,-0.17,2300.497円,1330回,3472.98億円
7550,2019-10-25,2311,2311,09:00,2287,13:08,2292,233400株,536百万円,+7,+0.31,2294.967円,839回,3483.62億円
7550,2019-10-28,2300,2300,09:00,2287,10:12,2298,179100株,411百万円,+6,+0.26,2294.005円,571回,3492.74億円
7550,2019-10-29,2293,2318,09:07,2288,14:39,2293,306500株,705百万円,-5,-0.22,2299.644円,963回,3485.14億円
7550,2019-10-30,2290,2302,09:02,2271,13:41,2287,409900株,935百万円,-6,-0.26,2281.447円,1054回,3476.02億円
7550,2019-10-31,2297,2316,09:09,2290,11:08,2293,268400株,618百万円,+6,+0.26,2301.041円,862回,3485.14億円
7550,2019-11-01,2287,2303,09:28,2273,11:11,2295,258800株,592百万円,+2,+0.09,2287.437円,912回,3488.18億円
7550,2019-11-05,2304,2315,13:12,2287,10:05,2309,413100株,952百万円,+14,+0.61,2304.475円,1257回,3509.46億円
7550,2019-11-07,2345,2426,13:41,2345,09:00,2420,1474300株,3524百万円,+124,+5.40,2390.4円,4551回,3678.17億円
7550,2019-11-08,2410,2454,09:53,2379,12:38,2426,959900株,2322百万円,+6,+0.25,2418.846円,3082回,3687.29億円
7550,2019-11-11,2420,2470,15:00,2415,09:00,2470,546400株,1340百万円,+44,+1.81,2453.263円,1559回,3754.16億円
7550,2019-11-12,2479,2546,14:19,2472,09:00,2539,707800株,1784百万円,+69,+2.79,2520.051円,1870回,3859.04億円
7550,2019-11-13,2520,2552,12:58,2500,09:03,2549,482300株,1222百万円,+10,+0.39,2534.274円,1581回,3874.24億円
7550,2019-11-14,2526,2555,09:33,2511,13:05,2518,381300株,964百万円,-31,-1.22,2528.601円,1255回,3827.12億円
7550,2019-11-15,2528,2584,10:58,2527,09:00,2561,462300株,1185百万円,+43,+1.71,2564.267円,1654回,3892.47億円
7550,2019-11-18,2550,2552,09:02,2519,12:31,2528,298800株,757百万円,-33,-1.29,2533.437円,1101回,3842.32億円
7550,2019-11-19,2526,2550,09:06,2525,09:00,2531,199500株,506百万円,+3,+0.12,2534.835円,697回,3846.88億円
7550,2019-11-20,2539,2540,09:00,2518,11:04,2529,213300株,539百万円,-2,-0.08,2526.597円,769回,3843.84億円
7550,2019-11-21,2533,2548,09:07,2512,10:03,2548,214100株,543百万円,+19,+0.75,2534.469円,824回,3872.72億円
7550,2019-11-22,2544,2553,10:21,2531,09:22,2534,171800株,437百万円,-14,-0.55,2541.278円,647回,3851.44億円
7550,2019-11-25,2545,2549,09:04,2519,11:04,2522,209800株,530百万円,-12,-0.47,2528.557円,755回,3833.20億円
7550,2019-11-26,2526,2532,10:47,2504,14:59,2504,335800株,844百万円,-18,-0.71,2514.164円,962回,3805.84億円
7550,2019-11-27,2518,2549,11:25,2517,09:00,2534,272100株,690百万円,+30,+1.20,2536.161円,836回,3851.44億円
7550,2019-11-28,2537,2541,09:00,2511,09:33,2520,179200株,452百万円,-14,-0.55,2521.224円,664回,3830.16億円
7550,2019-11-29,2517,2528,09:00,2497,14:25,2498,214600株,539百万円,-22,-0.87,2509.617円,736回,3796.72億円
7550,2019-12-02,2502,2527,09:24,2502,09:00,2514,220600株,555百万円,+16,+0.64,2515.893円,722回,3821.04億円
7550,2019-12-03,2499,2516,12:40,2485,09:03,2499,345000株,863百万円,-15,-0.60,2500.682円,1359回,3798.24億円
7550,2019-12-05,2492,2492,09:00,2448,12:31,2471,475700株,1176百万円,-24,-0.96,2471.412円,1556回,3755.68億円
7550,2019-12-06,2455,2461,09:06,2423,13:41,2435,482000株,1175百万円,-36,-1.46,2438.402円,1671回,3700.97億円
7550,2019-12-09,2443,2458,09:04,2438,09:00,2452,270000株,661百万円,+17,+0.70,2449.052円,933回,3726.80億円
7550,2019-12-10,2439,2472,13:34,2433,09:00,2459,297300株,730百万円,+7,+0.29,2455.446円,1017回,3737.44億円
7550,2019-12-13,2478,2479,09:00,2436,14:10,2442,520000株,1276百万円,-22,-0.89,2453.775円,1565回,3711.61億円
7550,2019-12-16,2443,2474,09:18,2440,11:13,2440,281100株,689百万円,-2,-0.08,2449.687円,1129回,3708.57億円
7550,2019-12-17,2441,2444,15:00,2421,09:41,2444,220500株,537百万円,+4,+0.16,2435.713円,715回,3714.65億円
7550,2019-12-18,2445,2452,09:08,2426,10:53,2440,233000株,568百万円,-4,-0.16,2435.998円,783回,3708.57億円
7550,2019-12-19,2438,2446,09:02,2415,12:33,2420,166500株,404百万円,-20,-0.82,2426.155円,644回,3678.17億円
7550,2019-12-20,2424,2453,14:59,2417,09:52,2453,316500株,772百万円,+33,+1.36,2439.894円,1117回,3728.32億円
7550,2019-12-23,2443,2454,09:01,2434,12:42,2447,157800株,386百万円,-6,-0.24,2443.363円,574回,3719.21億円
7550,2019-12-24,2451,2465,13:49,2446,10:45,2462,198100株,486百万円,+15,+0.61,2455.758円,642回,3742.00億円
7550,2019-12-25,2463,2467,09:15,2453,09:51,2460,146000株,359百万円,-2,-0.08,2460.848円,442回,3738.96億円
7550,2019-12-26,2469,2485,15:00,2466,09:00,2485,290300株,719百万円,+25,+1.02,2475.81円,764回,3776.96億円
7550,2019-12-27,2485,2498,09:03,2482,09:00,2494,178500株,445百万円,+9,+0.36,2491.576円,576回,3790.64億円
7550,2019-12-30,2486,2486,09:00,2462,09:09,2469,273800株,677百万円,-25,-1.00,2472.894円,615回,3752.64億円
7550,2020-01-06,2433,2453,09:33,2417,09:05,2444,371100株,905百万円,-25,-1.01,2439.641円,1278回,3714.65億円
7550,2020-01-07,2456,2495,14:28,2451,09:00,2489,344800株,856百万円,+45,+1.84,2482.374円,1040回,3783.04億円
7550,2020-01-08,2472,2498,13:04,2444,09:42,2475,368600株,911百万円,-14,-0.56,2472.355円,1231回,3761.76億円
7550,2020-01-09,2500,2516,13:34,2487,09:00,2513,337700株,846百万円,+38,+1.54,2504.369円,1021回,3819.52億円
7550,2020-01-10,2514,2535,09:22,2509,09:00,2526,245700株,621百万円,+13,+0.52,2526.005円,775回,3839.28億円
7550,2020-01-14,2521,2525,09:02,2495,14:08,2503,299200株,750百万円,-23,-0.91,2506.75円,1046回,3804.32億円
7550,2020-01-15,2498,2505,10:28,2468,14:03,2478,328500株,816百万円,-25,-1.00,2484.645円,1040回,3766.32億円
7550,2020-01-16,2483,2487,09:02,2455,14:20,2455,264100株,651百万円,-23,-0.93,2464.407円,926回,3731.36億円
7550,2020-01-17,2450,2454,14:54,2422,09:08,2454,471200株,1150百万円,-1,-0.04,2439.824円,1593回,3729.84億円
7550,2020-01-20,2450,2462,12:56,2442,09:00,2459,274600株,674百万円,+5,+0.20,2455.241円,933回,3808.08億円
7550,2020-01-21,2457,2465,09:10,2447,14:10,2451,243400株,598百万円,-8,-0.33,2455.878円,1006回,3795.69億円
7550,2020-01-22,2431,2438,09:09,2418,09:00,2427,417000株,1012百万円,-24,-0.98,2427.084円,1161回,3758.52億円
7550,2020-01-23,2421,2467,13:59,2405,09:00,2459,503000株,1230百万円,+32,+1.32,2444.848円,1648回,3808.08億円
7550,2020-01-24,2460,2460,09:00,2434,13:56,2439,248500株,608百万円,-20,-0.81,2445.438円,878回,3777.10億円
7550,2020-01-27,2405,2429,13:56,2388,09:02,2423,355900株,858百万円,-16,-0.66,2410.436円,1038回,3752.33億円
7550,2020-01-28,2391,2391,09:00,2364,13:34,2370,510800株,1213百万円,-53,-2.19,2375.132円,1271回,3670.25億円
7550,2020-01-29,2376,2376,09:00,2345,10:08,2362,451800株,1067百万円,-8,-0.34,2362.487円,1243回,3658億円
7550,2020-01-30,2362,2377,09:14,2321,13:04,2327,342400株,802百万円,-35,-1.48,2340.896円,1037回,3604億円
7550,2020-01-31,2320,2337,10:13,2314,13:38,2323,300900株,699百万円,-4,-0.17,2324.327円,918回,3597億円
7550,2020-02-03,2280,2288,10:42,2264,10:16,2272,558400株,1271百万円,-51,-2.20,2276.729円,1308回,3518億円
7550,2020-02-04,2289,2349,14:59,2284,09:00,2347,357800株,833百万円,+75,+3.30,2328.33円,1184回,3635億円
7550,2020-02-05,2385,2393,09:00,2367,09:09,2378,298900株,711百万円,+31,+1.32,2378.604円,916回,3683億円
7550,2020-02-06,2382,2403,13:31,2374,09:00,2390,426100株,1018百万円,+12,+0.50,2389.058円,1146回,3701億円
7550,2020-02-07,2413,2444,09:02,2386,09:52,2412,544000株,1312百万円,+22,+0.92,2412.679円,1864回,3735億円
7550,2020-02-10,2404,2439,09:50,2397,09:00,2411,347100株,840百万円,-1,-0.04,2418.838円,1196回,3734億円
7550,2020-02-10,2400,2408,09:03,2378,10:24,2393,338800株,810百万円,-18,-0.75,2391.533円,1039回,3706億円
7550,2020-02-13,2471,2508,13:04,2463,09:09,2495,966300株,2403百万円,+102,+4.26,2486.47円,2201回,3864億円
7550,2020-02-14,2488,2507,09:07,2472,13:53,2479,382600株,951百万円,-16,-0.64,2486.889円,1106回,3839億円
7550,2020-02-17,2461,2475,11:24,2430,10:07,2438,598100株,1462百万円,-41,-1.65,2443.78円,1377回,3776億円
7550,2020-02-17,2461,2474,09:00,2437,12:48,2458,467100株,1147百万円,+20,+0.82,2455.297円,1694回,3807億円
7550,2020-02-18,2467,2516,12:30,2457,09:05,2501,374900株,934百万円,+43,+1.75,2491.584円,1219回,3873億円
7550,2020-02-20,2500,2507,09:00,2459,14:50,2462,301000株,746百万円,-39,-1.56,2479.824円,1053回,3813億円
7550,2020-02-21,2467,2474,09:00,2423,14:54,2424,366700株,896百万円,-38,-1.54,2442.437円,1227回,3754億円
7550,2020-02-25,2300,2347,10:48,2298,09:06,2300,790900株,1830百万円,-124,-5.12,2314.041円,2175回,3562億円
7550,2020-02-26,2280,2280,09:00,2209,11:01,2254,678000株,1525百万円,-46,-2.00,2248.896円,1956回,3491億円
7550,2020-02-27,2220,2230,09:01,2094,14:00,2109,871400株,1869百万円,-145,-6.43,2144.949円,2468回,3266億円
7550,2020-02-28,1992,2009,10:00,1940,09:20,1971,1375200株,2718百万円,-138,-6.54,1976.547円,3270回,3052億円
