7564,2019-08-06,5220,5250,09:00,5080,12:47,5240,348100株,1802百万円,+30,+0.58,5177.383円,1199回
7564,2019-08-06,5150,5340,13:05,5130,09:02,5300,440500株,2319百万円,+60,+1.15,5264.195円,1460回
7564,2019-08-07,5450,5530,09:05,5150,14:46,5150,1024800株,5489百万円,-150,-2.83,5356.231円,3121回
7564,2019-08-08,5120,5320,09:44,5070,09:01,5300,515000株,2703百万円,+150,+2.91,5249.322円,1771回
7564,2019-08-09,5300,5410,13:59,5300,09:00,5410,303500株,1631百万円,+110,+2.08,5372.389円,1042回
7564,2019-08-13,5310,5420,12:33,5310,09:00,5400,173600株,935百万円,-10,-0.18,5383.813円,662回
7564,2019-08-14,5420,5490,14:22,5330,09:18,5490,271700株,1472百万円,+90,+1.67,5417.155円,1023回
7564,2019-08-15,5360,5380,09:03,5290,09:32,5330,266700株,1421百万円,-160,-2.91,5326.266円,875回
7564,2019-08-16,5310,5360,09:55,5260,14:03,5270,183100株,971百万円,-60,-1.13,5301.174円,791回
7564,2019-08-19,5310,5310,09:00,5190,12:30,5240,135500株,710百万円,-30,-0.57,5239.328円,598回
7564,2019-08-20,5210,5340,13:05,5210,09:00,5280,129900株,688百万円,+40,+0.76,5293.78円,600回
7564,2019-08-21,5250,5380,14:56,5230,09:06,5380,156200株,833百万円,+100,+1.89,5335.96円,680回
7564,2019-08-22,5420,5500,09:28,5280,14:34,5280,273600株,1478百万円,-100,-1.86,5400.402円,894回
7564,2019-08-23,5340,5440,14:16,5300,09:00,5420,178100株,961百万円,+140,+2.65,5394.711円,652回
7564,2019-08-26,5320,5460,13:17,5320,09:00,5450,175000株,945百万円,+30,+0.55,5402.446円,601回
7564,2019-08-26,5470,5480,09:02,5420,09:13,5420,117000株,637百万円,-30,-0.55,5448.367円,432回
7564,2019-08-28,5420,5590,14:59,5410,09:00,5590,472700株,2616百万円,+170,+3.14,5534.743円,1395回
7564,2019-08-29,5630,5840,11:25,5630,09:00,5670,968800株,5557百万円,+80,+1.43,5735.543円,1971回
7564,2019-08-30,5690,5800,09:22,5660,09:03,5770,406700株,2337百万円,+100,+1.76,5746.757円,1234回
7564,2019-09-02,5830,6000,10:19,5830,09:00,5930,605500株,3590百万円,+160,+2.77,5928.324円,1871回
7564,2019-09-03,6150,6210,09:07,5970,09:23,6050,923700株,5602百万円,+120,+2.02,6064.652円,2487回
7564,2019-09-03,6100,6550,14:25,6090,09:00,6500,1352200株,8645百万円,+450,+7.44,6393.386円,3962回
7564,2019-09-05,6480,6570,09:02,6350,09:18,6560,761700株,4923百万円,+60,+0.92,6462.947円,2579回
7564,2019-09-05,6640,6710,12:36,6520,09:37,6650,674300株,4473百万円,+90,+1.37,6633.859円,1929回
7564,2019-09-07,6690,7000,12:40,6630,09:01,6920,940400株,6464百万円,+270,+4.06,6873.281円,2815回
7564,2019-09-10,6980,7080,09:04,6460,14:44,6590,1337600株,8971百万円,-330,-4.77,6706.921円,4375回
7564,2019-09-11,6420,6840,11:11,6270,09:06,6710,1050600株,6962百万円,+120,+1.82,6626.754円,3455回
7564,2019-09-12,6750,6950,10:21,6740,09:00,6880,589900株,4048百万円,+170,+2.53,6862.787円,1865回
7564,2019-09-13,6930,6950,09:23,6720,11:03,6910,447500株,3075百万円,+30,+0.44,6871.339円,1650回
7564,2019-09-17,6860,6960,09:26,6840,09:00,6920,256600株,1773百万円,+10,+0.14,6909.373円,893回
7564,2019-09-17,6930,7210,09:52,6900,09:01,7100,766400株,5439百万円,+180,+2.60,7096.263円,2217回,5811.12億円
7564,2019-09-19,7270,7320,09:14,7110,09:39,7280,685700株,4968百万円,+180,+2.54,7244.686円,2173回,5958.45億円
7564,2019-09-20,7390,7590,10:44,7360,09:00,7560,860800株,6459百万円,+280,+3.85,7503.764円,2547回,6187.62億円
7564,2019-09-24,7590,7630,09:00,7320,09:21,7460,837700株,6226百万円,-100,-1.32,7432.259円,2842回,6105.77億円
7564,2019-09-25,7470,7680,10:15,7440,09:00,7600,594300株,4505百万円,+140,+1.88,7580.449円,2103回,6220.36億円
7564,2019-09-26,7650,7830,13:54,7570,09:18,7780,721700株,5573百万円,+180,+2.37,7722.11円,1975回,6367.68億円
7564,2019-09-27,7810,7880,09:03,7530,09:48,7690,853400株,6555百万円,-90,-1.16,7681.464円,3176回,6294.02億円
7564,2019-09-30,7730,7860,09:15,7670,09:01,7840,548900株,4285百万円,+150,+1.95,7806.01円,1673回,6416.79億円
7564,2019-10-01,7900,7900,09:00,7530,09:22,7720,809900株,6226百万円,-120,-1.53,7687.363円,2968回,6318.57億円
7564,2019-10-02,7400,7580,09:12,7330,09:06,7490,1024100株,7638百万円,-230,-2.98,7458.258円,3172回,6130.33億円
7564,2019-10-03,7350,7770,10:21,7350,09:00,7720,810400株,6179百万円,+230,+3.07,7624.701円,2735回,6318.57億円
7564,2019-10-04,7760,7770,09:00,7600,09:23,7700,388800株,2990百万円,-20,-0.26,7690.586円,1376回,6302.20億円
7564,2019-10-07,7790,8050,14:00,7750,09:01,8020,947600株,7535百万円,+320,+4.16,7951.788円,2656回,6564.11億円
7564,2019-10-08,8090,8400,14:55,8040,09:00,8390,1022100株,8410百万円,+370,+4.61,8228.563円,3139回,6866.95億円
7564,2019-10-09,8310,8390,09:08,8210,11:24,8350,773200株,6428百万円,-40,-0.48,8314.002円,2354回,6834.21億円
7564,2019-10-10,8450,8570,10:26,8360,14:25,8420,950300株,8056百万円,+70,+0.84,8477.122円,3036回,6891.50億円
7564,2019-10-11,8530,8910,13:28,8500,09:00,8820,1266100株,11044百万円,+400,+4.75,8722.793円,3702回,7218.89億円
7564,2019-10-15,9010,9280,13:48,8820,09:09,9240,1811800株,16440百万円,+420,+4.76,9074.097円,5039回,7562.65億円
7564,2019-10-16,9440,9650,09:12,8000,14:48,8050,4183700株,36633百万円,-1190,-12.88,8756.215円,16020回,6588.67億円
7564,2019-10-17,7970,8470,09:48,7920,09:00,8390,2060900株,17064百万円,+340,+4.22,8279.817円,7629回,6866.95億円
7564,2019-10-18,8500,8540,09:00,7510,12:54,7550,2838000株,22335百万円,-840,-10.01,7869.865円,10041回,6179.43億円
7564,2019-10-21,7360,7670,09:43,7180,09:13,7440,1900900株,14120百万円,-110,-1.46,7427.821円,6213回,6089.40億円
7564,2019-10-23,7560,7860,12:39,7370,09:07,7700,1556700株,11991百万円,+260,+3.49,7702.564円,5119回,6302.20億円
7564,2019-10-24,7790,7900,09:02,7510,14:20,7560,1247900株,9559百万円,-140,-1.82,7659.692円,4144回,6187.62億円
7564,2019-10-25,7550,7720,12:31,7510,09:00,7640,598100株,4566百万円,+80,+1.06,7634.919円,2221回,6253.10億円
7564,2019-10-28,7780,7880,09:04,7630,10:12,7720,1050800株,8150百万円,+80,+1.05,7755.611円,3000回,6318.57億円
7564,2019-10-29,7780,7940,13:10,7740,09:04,7900,892700株,7015百万円,+180,+2.33,7858.305円,2281回,6465.90億円
7564,2019-10-30,8000,8050,09:00,7720,09:35,7840,1095900株,8615百万円,-60,-0.76,7861.301円,3368回,6416.79億円
7564,2019-10-31,7890,7900,09:01,7670,12:40,7700,555700株,4306百万円,-140,-1.79,7748.467円,1968回,6302.20億円
7564,2019-11-01,7640,7940,10:41,7550,09:01,7880,711300株,5563百万円,+180,+2.34,7821.531円,2343回,6449.53億円
7564,2019-11-05,7930,8220,12:33,7920,09:01,8140,1221800株,9907百万円,+260,+3.30,8108.937円,3450回,6662.33億円
7564,2019-11-07,7880,7880,09:00,7700,09:20,7720,597700株,4630百万円,-130,-1.66,7746.605円,1870回,6318.57億円
7564,2019-11-08,7800,7930,12:34,7690,09:14,7870,833000株,6515百万円,+150,+1.94,7820.939円,2452回,6441.34億円
7564,2019-11-11,7880,8110,09:38,7810,09:02,8050,765200株,6147百万円,+180,+2.29,8032.875円,2242回,6588.67億円
7564,2019-11-12,8120,8120,09:00,7920,09:28,7970,541900株,4325百万円,-80,-0.99,7981.067円,1903回,6523.19億円
7564,2019-11-13,7970,8060,09:09,7870,10:48,7990,398000株,3167百万円,+20,+0.25,7956.623円,1583回,6539.56億円
7564,2019-11-14,7970,8000,09:00,7830,13:09,7850,389200株,3072百万円,-140,-1.75,7892.613円,1392回,6424.98億円
7564,2019-11-15,7850,7930,09:54,7800,09:21,7860,267000株,2099百万円,+10,+0.13,7862.412円,922回,6433.16億円
7564,2019-11-18,7870,8030,10:07,7850,09:00,7960,449900株,3584百万円,+100,+1.27,7966.746円,1254回,6515.01億円
7564,2019-11-19,8000,8140,10:52,8000,09:00,8090,587800株,4750百万円,+130,+1.63,8080.327円,1791回,6621.41億円
7564,2019-11-20,8090,8540,09:46,8070,09:00,8270,1427000株,11879百万円,+180,+2.22,8324.234円,4289回,6768.73億円
7564,2019-11-21,8400,8480,09:03,8110,10:50,8250,1135700株,9395百万円,-20,-0.24,8272.501円,3649回,6752.36億円
7564,2019-11-22,8320,8340,09:00,8100,09:10,8220,477200株,3912百万円,-30,-0.36,8197.412円,1709回,6727.81億円
7564,2019-11-25,8330,8730,14:07,8250,09:10,8700,1887200株,16155百万円,+480,+5.84,8560.487円,4785回,7120.67億円
7564,2019-11-26,8790,8800,09:00,8550,09:21,8670,1299600株,11261百万円,-30,-0.34,8665.245円,4102回,7096.12億円
7564,2019-11-27,8710,8950,14:59,8680,09:03,8950,1132600株,10031百万円,+280,+3.23,8856.852円,3126回,7325.29億円
7564,2019-11-28,8900,9070,09:18,8800,09:00,8940,1001400株,8955百万円,-10,-0.11,8942.389円,2964回,7317.11億円
7564,2019-11-29,9000,9240,09:52,8940,10:57,9060,1680700株,15277百万円,+120,+1.34,9089.819円,4654回,7415.32億円
7564,2019-12-02,9240,9450,12:30,9120,09:08,9360,1691100株,15792百万円,+300,+3.31,9338.413円,4650回,7660.86億円
7564,2019-12-03,9250,9530,14:22,9140,09:06,9530,1884100株,17685百万円,+170,+1.82,9386.678円,5268回,7800.00億円
7564,2019-12-05,9610,9630,09:01,9360,09:44,9420,1166000株,11042百万円,-100,-1.05,9469.842円,3396回,7709.97億円
7564,2019-12-06,9330,9470,14:15,9010,09:12,9470,1447200株,13403百万円,+50,+0.53,9261.193円,5049回,7750.89億円
7564,2019-12-09,9550,9610,09:04,9390,10:48,9480,809800株,7689百万円,+10,+0.11,9494.375円,2199回,7759.08億円
7564,2019-12-10,9440,9910,13:09,9400,09:02,9900,1711100株,16660百万円,+420,+4.43,9736.269円,4200回,8102.83億円
7564,2019-12-13,9850,9860,09:00,9720,10:56,9760,669400株,6550百万円,-30,-0.31,9785.046円,1806回,7988.25億円
7564,2019-12-16,9800,10180,09:55,9770,09:01,10090,1504200株,15085百万円,+330,+3.38,10028.837円,3730回,8258.34億円
7564,2019-12-17,10200,10570,12:44,10050,09:02,10530,1785700株,18520百万円,+440,+4.36,10371.353円,4981回,8618.47億円
7564,2019-12-18,10500,10520,09:24,9880,10:04,10200,1950100株,19958百万円,-330,-3.13,10234.114円,6688回,8348.38億円
7564,2019-12-19,10150,10390,09:26,10030,09:00,10120,1046200株,10668百万円,-80,-0.78,10196.839円,3530回,8282.90億円
7564,2019-12-20,10130,10290,09:35,10050,09:02,10280,703900株,7200百万円,+160,+1.58,10228.528円,2210回,8413.85億円
7564,2019-12-23,10370,10430,09:16,10120,12:35,10160,741100株,7595百万円,-120,-1.17,10248.514円,2276回,8315.64億円
7564,2019-12-24,10170,10230,12:47,9980,09:42,10200,623500株,6311百万円,+40,+0.39,10122.034円,2041回,8348.38億円
7564,2019-12-25,10150,10240,09:07,10090,09:49,10170,370100株,3763百万円,-30,-0.29,10166.455円,1209回,8323.82億円
7564,2019-12-26,10120,10220,09:02,10060,13:31,10060,457600株,4626百万円,-110,-1.08,10109.563円,1456回,8233.79億円
7564,2019-12-27,10140,10440,12:31,10140,09:00,10350,988200株,10198百万円,+290,+2.88,10319.309円,2497回,8471.15億円
7564,2019-12-30,10300,10350,09:00,10100,09:09,10190,486900株,4965百万円,-160,-1.55,10197.069円,1610回,8340.19億円
7564,2020-01-06,10100,10300,10:30,10090,09:00,10220,453500株,4627百万円,+30,+0.29,10202.337円,1559回,8364.74億円
7564,2020-01-07,10290,10410,09:01,10060,09:36,10110,979800株,9958百万円,-110,-1.08,10163.168円,3001回,8274.71億円
7564,2020-01-08,10090,10150,09:02,9910,09:21,10090,813800株,8167百万円,-20,-0.20,10035.075円,2931回,8258.34億円
7564,2020-01-09,10170,10180,09:00,10020,09:45,10060,551000株,5556百万円,-30,-0.30,10084.172円,1657回,8233.79億円
7564,2020-01-10,10050,10050,09:00,9480,12:34,9780,1300200株,12779百万円,-280,-2.78,9828.567円,4159回,8004.62億円
7564,2020-01-14,9610,9980,12:53,9580,09:03,9970,704800株,6932百万円,+190,+1.94,9835.731円,2183回,8160.13億円
7564,2020-01-15,9970,9970,09:00,9670,12:35,9740,645400株,6300百万円,-230,-2.31,9761.839円,2225回,7971.88億円
7564,2020-01-16,9790,9820,09:09,9530,14:17,9620,530700株,5120百万円,-120,-1.23,9647.079円,1809回,7873.66億円
7564,2020-01-17,9540,9590,09:07,9270,10:53,9480,965000株,9095百万円,-140,-1.46,9424.838円,3433回,7759.08億円
7564,2020-01-20,9300,9470,09:35,9260,09:03,9390,493100株,4627百万円,-90,-0.95,9384.188円,1924回,7685.42億円
7564,2020-01-21,9310,9470,09:07,9300,10:20,9470,414200株,3896百万円,+80,+0.85,9405.579円,1469回,7750.89億円
7564,2020-01-22,9520,9730,09:14,9520,09:00,9690,648800株,6259百万円,+220,+2.32,9647.007円,2206回,7930.96億円
7564,2020-01-23,9620,9710,10:55,9510,09:17,9630,439200株,4226百万円,-60,-0.62,9622.067円,1500回,7881.85億円
7564,2020-01-24,9680,9710,09:03,9430,14:43,9490,426900株,4067百万円,-140,-1.45,9527.632円,1376回,7767.26億円
7564,2020-01-27,9230,9490,09:15,9190,09:03,9370,363400株,3406百万円,-120,-1.26,9373.407円,1322回,7669.05億円
7564,2020-01-28,9200,9450,09:12,9200,09:03,9310,344300株,3202百万円,-60,-0.64,9299.123円,1202回,7619.94億円
7564,2020-01-29,9370,9370,09:00,9110,14:22,9120,351400株,3236百万円,-190,-2.04,9209.143円,1179回,7464億円
7564,2020-01-30,9010,9170,09:06,8570,12:33,8860,749000株,6640百万円,-260,-2.85,8865.499円,2668回,7252億円
7564,2020-01-31,8860,9010,12:42,8820,09:24,8900,327800株,2924百万円,+40,+0.45,8918.652円,1234回,7284億円
7564,2020-02-03,8650,9000,14:41,8550,09:23,8960,697300株,6131百万円,+60,+0.67,8792.864円,2597回,7333億円
7564,2020-02-04,8970,8970,09:00,8660,09:24,8720,687100株,6000百万円,-240,-2.68,8732.068円,2428回,7137億円
7564,2020-02-05,9190,9290,09:14,8750,14:55,8780,1116900株,10060百万円,+60,+0.69,9006.972円,4318回,7186億円
7564,2020-02-06,8850,9030,12:30,8660,09:05,9000,642300株,5705百万円,+220,+2.51,8882.673円,2245回,7366億円
7564,2020-02-07,8940,9000,09:00,8630,14:20,8690,575300株,5046百万円,-310,-3.44,8770.617円,2342回,7112億円
7564,2020-02-10,8660,8930,09:44,8660,09:00,8840,572100株,5052百万円,+150,+1.73,8829.794円,1848回,7235億円
7564,2020-02-10,8890,8960,09:01,8720,14:28,8730,381300株,3363百万円,-110,-1.24,8819.077円,1186回,7145億円
7564,2020-02-13,8750,8800,09:01,8640,12:36,8800,402600株,3516百万円,+70,+0.80,8732.931円,1352回,7203億円
7564,2020-02-14,8750,8820,09:02,8500,14:34,8510,447300株,3846百万円,-290,-3.30,8598.849円,1634回,6965億円
7564,2020-02-17,8210,8460,11:04,8200,09:03,8330,470300株,3918百万円,-180,-2.12,8329.975円,1892回,6818億円
7564,2020-02-17,8250,8340,09:19,8040,12:34,8160,516700株,4223百万円,-170,-2.04,8173.205円,2074回,6679億円
7564,2020-02-18,8160,8300,09:10,8120,09:00,8250,378100株,3107百万円,+90,+1.10,8216.567円,1691回,6752億円
7564,2020-02-20,8340,8360,09:01,8120,13:00,8160,314800株,2585百万円,-90,-1.09,8213.119円,1396回,6679億円
7564,2020-02-21,8120,8230,09:21,8100,09:07,8170,234700株,1915百万円,+10,+0.12,8159.974円,990回,6687億円
7564,2020-02-25,7670,7880,10:44,7650,09:09,7820,638600株,4972百万円,-350,-4.28,7785.518円,2234回,6400億円
7564,2020-02-26,7700,7730,09:19,7450,11:03,7580,668000株,5064百万円,-240,-3.07,7580.147円,2558回,6204億円
7564,2020-02-27,7520,7650,09:40,7230,14:45,7240,683500株,5051百万円,-340,-4.49,7390.569円,2697回,5926億円
7564,2020-02-28,6800,6950,09:35,6550,14:43,6630,1193200株,8051百万円,-610,-8.43,6747.616円,4346回,5426億円
7564,2020-03-02,6590,7120,12:39,6570,09:00,7030,1137100株,7890百万円,+400,+6.03,6938.788円,4390回,5754億円
7564,2020-03-03,7800,7810,09:15,7130,14:53,7170,1200400株,8885百万円,+140,+1.99,7401.36円,4396回,5868億円
7564,2020-03-04,7090,7240,13:36,6950,09:04,7160,622000株,4423百万円,-10,-0.14,7110.299円,2483回,5860億円
7564,2020-03-05,7350,7390,10:03,7200,09:10,7290,587200株,4288百万円,+130,+1.82,7303.217円,2276回,5967億円
7564,2020-03-06,7140,7190,09:18,6960,12:34,6980,542600株,3825百万円,-310,-4.25,7050.055円,1919回,5713億円
7564,2020-03-06,6680,6770,09:09,6330,11:30,6460,733800株,4764百万円,-520,-7.45,6492.659円,2907回,5287億円
7564,2020-03-10,6160,6730,14:41,6000,09:41,6690,1046900株,6673百万円,+230,+3.56,6373.988円,4221回,5476億円
7564,2020-03-11,6790,6960,09:14,6450,14:49,6470,721400株,4826百万円,-220,-3.29,6690.273円,3063回,5295億円
7564,2020-03-12,6210,6390,10:03,6000,12:36,6090,906800株,5594百万円,-380,-5.87,6168.545円,3595回,4984億円
7564,2020-03-13,5590,5920,14:20,5410,10:39,5750,983000株,5540百万円,-340,-5.58,5635.699円,4182回,4706億円
7564,2020-03-16,5900,6000,10:07,5600,14:48,5610,611900株,3575百万円,-140,-2.43,5842.115円,2753回,4592億円
7564,2020-03-17,5470,5850,10:34,5400,09:21,5780,1181600株,6698百万円,+170,+3.03,5668.263円,5408回,4731億円
7564,2020-03-18,5930,6060,09:13,5560,14:58,5560,889000株,5193百万円,-220,-3.81,5840.844円,3389回,4551億円
7564,2020-03-19,5830,5830,09:06,5420,10:45,5540,687500株,3810百万円,-20,-0.36,5541.325円,2834回,4534億円
