7722,2019-08-30,677,678,09:25,672,10:47,675,8000株,5百万円,+2,+0.30,673.7円,52回
7722,2019-09-02,672,679,13:01,672,09:00,676,11600株,8百万円,+1,+0.15,674.767円,49回
7722,2019-09-03,675,676,12:30,666,09:25,667,24400株,16百万円,-9,-1.33,670.127円,111回
7722,2019-09-03,670,679,11:30,667,14:59,669,19300株,13百万円,+2,+0.30,671.057円,56回
7722,2019-09-05,672,688,11:23,670,09:09,675,22500株,15百万円,+6,+0.90,676.036円,123回
7722,2019-09-05,676,680,11:10,675,09:24,676,15600株,11百万円,+1,+0.15,676.346円,82回
7722,2019-09-07,686,694,14:51,681,09:01,692,8400株,6百万円,+16,+2.37,688.321円,36回
7722,2019-09-10,694,695,09:15,681,12:33,690,16000株,11百万円,-2,-0.29,689.144円,62回
7722,2019-09-11,690,693,11:08,690,09:00,692,6200株,4百万円,+2,+0.29,691.548円,34回
7722,2019-09-12,697,702,10:30,695,09:39,702,11700株,8百万円,+10,+1.45,699.427円,58回
7722,2019-09-13,702,702,09:00,681,12:48,693,24400株,17百万円,-9,-1.28,693.029円,93回
7722,2019-09-17,691,693,09:19,688,12:58,691,10900株,8百万円,-2,-0.29,691.018円,52回
7722,2019-09-17,688,694,12:30,683,09:07,694,13300株,9百万円,+3,+0.43,690.008円,51回,98.55億円
7722,2019-09-19,695,698,11:25,694,09:00,698,14100株,10百万円,+4,+0.58,695.773円,75回,99.12億円
7722,2019-09-20,698,698,09:00,694,14:51,698,17600株,12百万円,0,0,696.551円,81回,99.12億円
7722,2019-09-24,700,710,09:54,697,09:11,700,40800株,29百万円,+2,+0.29,703.478円,187回,99.40億円
7722,2019-09-25,700,720,11:03,697,10:04,701,58800株,41百万円,+1,+0.14,703.167円,253回,99.54億円
7722,2019-09-26,702,704,09:49,693,15:00,693,60500株,42百万円,-8,-1.14,697.002円,178回,98.41億円
7722,2019-09-27,680,687,14:41,675,09:03,686,37400株,25百万円,-7,-1.01,681.465円,189回,97.41億円
7722,2019-09-30,687,694,09:11,675,10:18,685,27700株,19百万円,-1,-0.15,684円,179回,97.27億円
7722,2019-10-01,692,700,09:27,681,09:12,699,42500株,30百万円,+14,+2.04,694.226円,224回,99.26億円
7722,2019-10-02,681,689,13:34,681,09:03,686,22100株,15百万円,-13,-1.86,684.299円,123回,97.41億円
7722,2019-10-03,684,684,09:00,680,13:20,681,25600株,17百万円,-5,-0.73,681.359円,96回,96.70億円
7722,2019-10-04,682,683,14:44,680,10:00,681,16500株,11百万円,0,0,680.776円,76回,96.70億円
7722,2019-10-07,686,686,09:00,680,09:28,684,7700株,5百万円,+3,+0.44,681.688円,32回,97.13億円
7722,2019-10-08,683,687,10:32,683,09:00,685,15900株,11百万円,+1,+0.15,685.315円,98回,97.27億円
7722,2019-10-09,687,692,14:48,686,10:43,688,3500株,2百万円,+3,+0.44,687.6円,18回,97.70億円
7722,2019-10-10,687,699,09:15,681,12:32,685,27500株,19百万円,-3,-0.44,687.026円,159回,97.27億円
7722,2019-10-11,682,687,10:40,677,14:57,677,59500株,41百万円,-8,-1.17,681.876円,364回,96.13億円
7722,2019-10-15,687,695,15:00,679,09:16,695,15500株,11百万円,+18,+2.66,687.858円,46回,98.69億円
7722,2019-10-16,694,706,15:00,693,09:05,706,24200株,17百万円,+11,+1.58,700.054円,68回,100.25億円
7722,2019-10-17,701,710,10:07,699,14:33,699,18700株,13百万円,-7,-0.99,704.214円,66回,99.26億円
7722,2019-10-18,706,706,09:00,697,10:51,704,7800株,5百万円,+5,+0.72,700.449円,29回,99.97億円
7722,2019-10-21,700,710,09:33,699,09:07,709,31500株,22百万円,+5,+0.71,704.924円,74回,100.68億円
7722,2019-10-23,713,715,10:04,708,12:38,714,13700株,10百万円,+5,+0.71,711.737円,66回,101.39億円
7722,2019-10-24,712,720,10:03,705,10:39,709,24600株,18百万円,-5,-0.70,713.045円,82回,100.68億円
7722,2019-10-25,713,713,09:04,707,11:03,712,6600株,5百万円,+3,+0.42,710.697円,40回,101.10億円
7722,2019-10-28,723,723,09:00,712,13:01,714,11700株,8百万円,+2,+0.28,717.342円,57回,101.39億円
7722,2019-10-29,717,719,09:13,707,11:15,712,19800株,14百万円,-2,-0.28,711.808円,68回,101.10億円
7722,2019-10-30,709,714,14:44,704,09:27,710,16500株,12百万円,-2,-0.28,708.412円,85回,100.82億円
7722,2019-10-31,713,716,14:57,709,10:20,715,5700株,4百万円,+5,+0.70,712.684円,38回,101.53億円
7722,2019-11-01,714,719,13:38,709,09:00,715,8700株,6百万円,0,0,714.598円,55回,101.53億円
7722,2019-11-05,722,726,09:08,711,10:18,718,27800株,20百万円,+3,+0.42,717.676円,123回,101.96億円
7722,2019-11-07,718,751,14:59,716,09:00,751,54900株,40百万円,+36,+5.03,734.286円,247回,106.64億円
7722,2019-11-08,757,758,09:00,736,09:36,741,53000株,40百万円,-10,-1.33,750.462円,144回,105.22億円
7722,2019-11-11,745,745,09:00,701,10:22,712,128200株,92百万円,-29,-3.91,715.559円,524回,101.10億円
7722,2019-11-12,717,718,10:40,706,13:23,716,92300株,66百万円,+4,+0.56,712.526円,331回,101.67億円
7722,2019-11-13,719,719,09:00,704,10:55,712,80200株,57百万円,-4,-0.56,711.505円,158回,101.10億円
7722,2019-11-14,713,716,12:30,710,14:55,712,42800株,31百万円,0,0,713.028円,88回,101.10億円
7722,2019-11-15,713,719,13:35,708,11:16,714,51300株,37百万円,+2,+0.28,713.257円,203回,101.39億円
7722,2019-11-18,722,738,13:28,718,09:15,735,52500株,38百万円,+21,+2.94,728.227円,138回,104.37億円
7722,2019-11-19,738,738,09:00,727,09:49,732,14900株,11百万円,-3,-0.41,733.101円,57回,103.94億円
7722,2019-11-20,730,750,12:49,730,09:00,744,33400株,25百万円,+12,+1.64,743.82円,130回,105.65億円
7722,2019-11-21,746,755,12:45,727,10:46,752,48400株,36百万円,+8,+1.08,744.277円,139回,106.78億円
7722,2019-11-22,754,754,09:00,737,13:46,739,37400株,28百万円,-13,-1.73,745.219円,142回,104.94億円
7722,2019-11-25,741,751,09:15,735,14:24,739,35400株,26百万円,0,0,741.537円,104回,104.94億円
7722,2019-11-26,741,747,10:59,736,12:35,738,20400株,15百万円,-1,-0.14,741.378円,81回,104.80億円
7722,2019-11-27,743,753,10:09,740,09:16,744,30400株,23百万円,+6,+0.81,748.842円,89回,105.65億円
7722,2019-11-28,749,753,09:25,740,13:02,749,32900株,25百万円,+5,+0.67,746.064円,87回,106.36億円
7722,2019-11-29,749,755,09:45,746,10:29,751,26400株,20百万円,+2,+0.27,752.345円,70回,106.64億円
7722,2019-12-02,751,785,13:26,751,09:00,785,61600株,47百万円,+34,+4.53,770.818円,207回,111.47億円
7722,2019-12-03,782,786,13:33,763,09:27,786,86800株,67百万円,+1,+0.13,776.802円,449回,111.61億円
7722,2019-12-05,785,796,12:41,785,09:00,788,56500株,45百万円,+6,+0.77,790.03円,247回,111.90億円
7722,2019-12-06,787,796,09:50,781,09:16,793,30100株,24百万円,+5,+0.63,789.691円,113回,112.61億円
7722,2019-12-09,800,820,12:41,795,09:38,820,49900株,40百万円,+27,+3.40,807.399円,193回,116.44億円
7722,2019-12-10,816,816,09:00,788,10:16,797,68500株,55百万円,-23,-2.80,799.352円,265回,113.17億円
7722,2019-12-13,793,806,09:00,780,13:06,780,36400株,29百万円,-11,-1.39,787.003円,178回,110.76億円
7722,2019-12-16,780,794,13:17,779,09:02,789,32200株,25百万円,+9,+1.15,787.23円,142回,112.04億円
7722,2019-12-17,788,793,14:29,779,09:53,789,24100株,19百万円,0,0,787.809円,111回,112.04億円
7722,2019-12-18,789,789,09:00,778,15:00,778,27400株,21百万円,-11,-1.39,782.909円,164回,110.48億円
7722,2019-12-19,772,779,09:16,772,09:00,774,33800株,26百万円,-4,-0.51,772.754円,53回,109.91億円
7722,2019-12-20,772,777,12:44,766,10:08,774,22000株,17百万円,0,0,772.627円,119回,109.91億円
7722,2019-12-23,774,774,09:00,756,09:39,764,35700株,27百万円,-10,-1.29,762.835円,206回,108.49億円
7722,2019-12-24,756,768,14:59,754,09:06,764,26700株,20百万円,0,0,761.873円,117回,108.49億円
7722,2019-12-25,769,770,10:49,758,15:00,758,25800株,20百万円,-6,-0.79,764.233円,103回,107.64億円
7722,2019-12-26,750,758,10:59,750,09:00,758,43300株,33百万円,0,0,752.587円,129回,107.64億円
7722,2019-12-27,763,763,09:00,751,09:15,756,20400株,15百万円,-2,-0.26,758.314円,96回,107.35億円
7722,2019-12-30,757,763,14:59,750,09:03,761,35900株,27百万円,+5,+0.66,755.646円,156回,108.06億円
7722,2020-01-06,759,760,14:39,750,09:11,755,27800株,21百万円,-6,-0.79,755.122円,138回,107.21億円
7722,2020-01-07,756,766,14:58,756,09:00,763,11400株,9百万円,+8,+1.06,762.877円,56回,108.35億円
7722,2020-01-08,760,762,13:44,750,09:38,761,44700株,34百万円,-2,-0.26,756.148円,163回,108.06億円
7722,2020-01-09,765,765,09:00,756,10:09,765,23800株,18百万円,+4,+0.53,761.508円,104回,108.63億円
7722,2020-01-10,770,780,14:34,766,10:43,777,30300株,23百万円,+12,+1.57,770.736円,105回,110.33億円
7722,2020-01-14,783,787,13:02,772,09:15,785,49300株,39百万円,+8,+1.03,781.288円,252回,111.47億円
7722,2020-01-15,786,789,14:21,781,09:02,785,30000株,24百万円,0,0,785.05円,163回,111.47億円
7722,2020-01-16,790,794,11:15,784,15:00,784,25000株,20百万円,-1,-0.13,788.552円,116回,111.33億円
7722,2020-01-17,790,792,12:30,784,09:18,784,12100株,10百万円,0,0,787.19円,64回,111.33億円
7722,2020-01-20,785,785,09:00,770,10:49,772,54900株,43百万円,-12,-1.53,775.235円,286回,109.62億円
7722,2020-01-21,775,779,10:06,773,10:21,773,8300株,6百万円,+1,+0.13,776.361円,50回,109.77億円
7722,2020-01-22,776,777,10:29,773,09:06,775,14900株,12百万円,+2,+0.26,775.161円,71回,110.05億円
7722,2020-01-23,774,785,14:51,772,09:28,783,13800株,11百万円,+8,+1.03,777.29円,60回,111.19億円
7722,2020-01-24,779,784,11:23,777,09:28,778,9800株,8百万円,-5,-0.64,780.316円,52回,110.48億円
7722,2020-01-27,776,778,09:00,769,15:00,769,21300株,16百万円,-9,-1.16,772.761円,80回,109.20億円
7722,2020-01-28,761,770,14:59,754,09:24,768,23300株,18百万円,-1,-0.13,760.339円,92回,109.06億円
7722,2020-01-29,767,769,10:49,760,13:51,767,10300株,8百万円,-1,-0.13,765.922円,64回,109億円
7722,2020-01-30,767,768,09:14,735,13:00,747,27700株,21百万円,-20,-2.61,750.466円,98回,106億円
7722,2020-01-31,748,754,10:21,747,09:30,747,10300株,8百万円,0,0,750.544円,51回,106億円
7722,2020-02-03,735,747,12:47,734,10:13,740,34800株,26百万円,-7,-0.94,737.96円,109回,105億円
7722,2020-02-04,726,748,12:30,726,09:00,744,18500株,14百万円,+4,+0.54,734.2円,73回,106億円
7722,2020-02-05,744,749,13:41,744,09:00,745,8000株,6百万円,+1,+0.13,745.912円,47回,106億円
7722,2020-02-06,746,760,13:33,746,09:00,760,14600株,11百万円,+15,+2.01,753.185円,55回,108億円
7722,2020-02-07,759,760,15:00,747,10:13,760,7300株,6百万円,0,0,754.041円,46回,108億円
7722,2020-02-10,835,835,09:13,803,09:56,829,140100株,115百万円,+69,+9.08,824.027円,462回,118億円
7722,2020-02-12,874,887,12:53,843,09:22,881,284300株,247百万円,+52,+6.27,867.071円,908回,125億円
7722,2020-02-13,896,897,09:00,860,14:22,860,119300株,105百万円,-21,-2.38,876.933円,375回,122億円
7722,2020-02-14,852,856,10:56,836,09:24,845,61000株,52百万円,-15,-1.74,844.357円,228回,120億円
7722,2020-02-17,845,845,09:00,814,13:30,825,69500株,58百万円,-20,-2.37,827.692円,250回,117億円
7722,2020-02-17,818,840,14:35,818,09:00,840,39900株,33百万円,+15,+1.82,827.165円,153回,119億円
7722,2020-02-18,841,868,11:20,835,09:10,852,40800株,35百万円,+12,+1.43,854.99円,170回,121億円
7722,2020-02-20,869,872,10:56,855,09:52,861,48400株,42百万円,+9,+1.06,863.74円,162回,122億円
7722,2020-02-21,850,906,10:39,842,09:02,904,192500株,171百万円,+43,+4.99,886.544円,557回,128億円
7722,2020-02-25,869,998,13:07,866,09:09,981,509300株,481百万円,+77,+8.52,944.873円,2009回,139億円
7722,2020-02-26,967,970,09:10,885,11:08,921,284900株,263百万円,-60,-6.12,924.271円,1197回,131億円
7722,2020-02-27,906,909,09:04,841,13:36,852,177200株,155百万円,-69,-7.49,875.488円,698回,121億円
7722,2020-02-28,800,842,10:00,800,09:09,807,137900株,112百万円,-45,-5.28,810.573円,536回,115億円
7722,2020-03-02,818,891,10:44,818,09:00,884,137400株,119百万円,+77,+9.54,867.009円,706回,126億円
7722,2020-03-03,929,929,09:08,858,13:34,866,105500株,94百万円,-18,-2.04,894.023円,456回,123億円
7722,2020-03-04,841,878,14:43,841,09:03,873,52400株,45百万円,+7,+0.81,858.616円,257回,124億円
7722,2020-03-05,894,894,09:03,853,13:59,867,73700株,64百万円,-6,-0.69,873.961円,355回,123億円
7722,2020-03-06,851,861,09:17,816,12:57,832,73900株,61百万円,-35,-4.04,832.011円,398回,118億円
7722,2020-03-06,782,790,09:43,750,10:52,758,145000株,111百万円,-74,-8.89,767.39円,555回,108億円
7722,2020-03-10,728,790,14:24,700,09:09,780,100700株,75百万円,+22,+2.90,745.887円,460回,111億円
7722,2020-03-11,785,785,09:00,739,14:54,742,72100株,55百万円,-38,-4.87,757.592円,389回,105億円
7722,2020-03-12,727,743,09:59,691,10:59,700,74100株,53百万円,-42,-5.66,711.961円,346回,99.4億円
7722,2020-03-13,637,670,14:22,619,10:33,655,80000株,51百万円,-45,-6.43,638.461円,345回,93.0億円
7722,2020-03-16,691,703,10:11,660,14:48,660,64700株,44百万円,+5,+0.76,681.459円,303回,93.7億円
7722,2020-03-17,633,683,10:33,623,09:10,671,48600株,32百万円,+11,+1.67,655.21円,231回,95.3億円
7722,2020-03-18,685,710,09:11,670,14:49,671,48800株,34百万円,0,0,687.154円,320回,95.3億円
7722,2020-03-19,700,700,09:06,625,11:13,660,79200株,51百万円,-11,-1.64,646.03円,398回,93.7億円
7722,2020-03-23,650,673,14:57,636,09:50,673,40700株,27百万円,+13,+1.97,656.447円,253回,95.6億円
7722,2020-03-24,686,696,10:52,666,09:41,682,49300株,33百万円,+9,+1.34,679.308円,280回,96.8億円
7722,2020-03-25,731,733,14:45,694,09:38,728,48200株,35百万円,+46,+6.74,716.512円,245回,103億円
7722,2020-03-26,698,717,14:45,684,10:15,700,39800株,28百万円,-28,-3.85,699.118円,205回,99.4億円
7722,2020-03-27,715,716,09:12,686,14:21,700,41200株,29百万円,0,0,702.43円,180回,99.4億円
7722,2020-03-30,671,674,09:04,651,10:00,668,27400株,18百万円,-32,-4.57,662.088円,144回,94.9億円
7722,2020-03-31,669,676,09:42,658,14:00,659,25300株,17百万円,-9,-1.35,667.055円,137回,93.6億円
7722,2020-04-01,660,676,09:01,644,09:53,664,35500株,23百万円,+5,+0.76,657.175円,172回,94.3億円
7722,2020-04-02,646,656,09:34,637,14:45,650,29900株,19百万円,-14,-2.11,646.047円,160回,92.3億円
7722,2020-04-03,650,650,09:00,618,14:35,628,32900株,21百万円,-22,-3.38,629.413円,147回,89.2億円
7722,2020-04-06,621,641,14:53,617,09:09,631,47200株,30百万円,+3,+0.48,626.534円,180回,89.6億円
7722,2020-04-07,649,659,15:00,640,09:36,659,19300株,13百万円,+28,+4.44,650.135円,112回,93.6億円
7722,2020-04-08,657,662,14:59,644,09:30,662,18600株,12百万円,+3,+0.46,656.914円,86回,94.0億円
7722,2020-04-09,665,665,09:00,652,13:24,657,14400株,9百万円,-5,-0.76,658.736円,84回,93.3億円
7722,2020-04-10,657,662,09:32,652,09:57,659,10900株,7百万円,+2,+0.30,658.45円,60回,93.6億円
7722,2020-04-13,666,666,09:00,650,13:57,654,18500株,12百万円,-5,-0.76,655.816円,74回,92.9億円
7722,2020-04-14,659,661,14:47,653,09:07,657,12700株,8百万円,+3,+0.46,656.74円,75回,93.3億円
7722,2020-04-15,660,661,10:55,646,15:00,646,37800株,25百万円,-11,-1.67,652.257円,179回,91.7億円
7722,2020-04-16,650,650,09:00,635,09:47,637,17700株,11百万円,-9,-1.39,642.271円,71回,90.5億円
7722,2020-04-17,650,651,10:00,637,10:47,641,29800株,19百万円,+4,+0.63,640.054円,120回,91.0億円
7722,2020-04-20,645,647,09:07,638,10:00,640,13800株,9百万円,-1,-0.16,642.007円,71回,90.9億円
7722,2020-04-21,639,639,09:00,632,09:26,635,20100株,13百万円,-5,-0.78,634.886円,100回,90.2億円
7722,2020-04-22,630,630,09:00,620,09:09,630,21900株,14百万円,-5,-0.79,625.237円,87回,89.5億円
7722,2020-04-23,629,632,09:01,625,09:42,627,31000株,19百万円,-3,-0.48,628.687円,99回,89.0億円
7722,2020-04-24,626,629,12:46,622,09:09,627,15700株,10百万円,0,0,625.873円,87回,89.0億円
7722,2020-04-27,630,632,14:52,623,10:42,630,16700株,10百万円,+3,+0.48,627.09円,66回,89.5億円
7722,2020-04-28,643,643,09:03,632,09:37,638,6700株,4百万円,+8,+1.27,637.702円,39回,90.6億円
7722,2020-04-30,646,650,09:28,643,09:05,645,25700株,17百万円,+7,+1.10,647.187円,105回,91.6億円
7722,2020-05-01,645,648,09:00,640,14:56,640,11600株,7百万円,-5,-0.78,642.457円,47回,90.9億円
7722,2020-05-07,642,647,10:40,639,09:52,639,16700株,11百万円,-1,-0.16,641.713円,83回,90.7億円
7722,2020-05-08,645,665,14:04,641,12:33,665,27000株,18百万円,+26,+4.07,651.444円,130回,94.4億円
7722,2020-05-11,685,700,13:07,677,09:08,699,38800株,27百万円,+34,+5.11,688.65円,164回,99.3億円,04/24,0.0,82.7,－
7722,2020-05-12,700,710,12:36,694,09:02,701,22700株,16百万円,+2,+0.29,701.273円,98回,99.5億円,05/01,0.0,81.2,－
7722,2020-05-13,686,695,10:09,683,09:38,692,20400株,14百万円,-9,-1.28,688.971円,116回,98.3億円,05/01,0.0,81.2,－
7722,2020-05-14,683,691,09:04,666,15:00,666,31100株,21百万円,-26,-3.76,678.032円,105回,94.6億円,05/01,0.0,81.2,－
7722,2020-05-15,676,676,09:00,648,11:16,668,17100株,11百万円,+2,+0.30,659.216円,95回,94.9億円,05/01,0.0,81.2,－
7722,2020-05-18,668,676,14:45,656,09:58,676,18500株,12百万円,+8,+1.20,667.276円,87回,96.0億円,05/01,0.0,81.2,－
