7735,2019-08-06,5610,5710,10:07,5550,12:43,5660,1057600株,5947百万円,-50,-0.88,5622.67円,2536回
7735,2019-08-06,5380,5760,13:09,5320,09:06,5710,1113800株,6222百万円,+50,+0.88,5586.41円,2665回
7735,2019-08-07,5650,5800,13:32,5530,09:08,5750,967600株,5512百万円,+40,+0.70,5696.867円,2055回
7735,2019-08-08,5820,5880,09:00,5720,09:29,5760,743500株,4298百万円,+10,+0.17,5780.378円,1775回
7735,2019-08-09,5830,5830,09:00,5620,09:52,5640,649900株,3684百万円,-120,-2.08,5668.577円,1472回
7735,2019-08-13,5500,5530,14:32,5360,09:48,5520,1134400株,6190百万円,-120,-2.13,5457.025円,2750回
7735,2019-08-14,5720,5950,10:54,5700,09:05,5850,1252800株,7315百万円,+330,+5.98,5838.56円,2666回
7735,2019-08-15,5720,5780,10:22,5660,13:27,5710,857900株,4907百万円,-140,-2.39,5720.316円,1864回
7735,2019-08-16,5850,6000,12:48,5750,09:05,5950,1013500株,6009百万円,+240,+4.20,5929.082円,2534回
7735,2019-08-19,6030,6050,09:00,5780,14:51,5790,713500株,4206百万円,-160,-2.69,5894.938円,1883回
7735,2019-08-20,5890,6100,14:45,5820,09:05,6100,858300株,5153百万円,+310,+5.35,6003.219円,2734回
7735,2019-08-21,6020,6110,14:09,5940,09:26,6100,662600株,4009百万円,0,0,6049.667円,1912回
7735,2019-08-22,6170,6370,10:15,6150,09:01,6300,1213900株,7646百万円,+200,+3.28,6298.579円,2671回
7735,2019-08-23,6240,6350,14:43,6210,09:45,6340,642400株,4037百万円,+40,+0.63,6283.479円,1624回
7735,2019-08-26,6110,6190,12:33,6040,10:03,6140,801800株,4917百万円,-200,-3.15,6133.032円,2222回
7735,2019-08-26,6240,6280,09:00,6130,14:50,6130,428500株,2651百万円,-10,-0.16,6186.133円,1046回
7735,2019-08-28,6200,6210,09:00,6040,09:42,6100,420100株,2561百万円,-30,-0.49,6095.887円,1197回
7735,2019-08-29,6100,6170,13:48,6070,10:23,6130,479000株,2934百万円,+30,+0.49,6124.651円,1184回
7735,2019-08-30,6300,6320,09:03,6100,14:52,6100,654300株,4043百万円,-30,-0.49,6179.213円,1463回
7735,2019-09-02,6050,6310,14:03,6050,09:00,6250,610500株,3789百万円,+150,+2.46,6205.843円,1718回
7735,2019-09-03,6250,6270,09:36,6140,14:08,6160,435400株,2694百万円,-90,-1.44,6186.996円,1091回
7735,2019-09-03,6100,6180,12:56,5970,09:04,6160,880900株,5355百万円,0,0,6079.427円,2006回
7735,2019-09-05,6230,6470,14:08,6230,09:00,6440,1127900株,7178百万円,+280,+4.55,6363.624円,2633回
7735,2019-09-05,6470,6530,09:01,6270,09:46,6360,835900株,5321百万円,-80,-1.24,6366.062円,1927回
7735,2019-09-07,6360,6460,10:13,6280,13:30,6330,556800株,3542百万円,-30,-0.47,6360.957円,1412回
7735,2019-09-10,6430,6520,10:00,6280,13:28,6310,784400株,5010百万円,-20,-0.32,6386.606円,2026回
7735,2019-09-11,6230,6320,13:52,6090,09:53,6270,965200株,6007百万円,-40,-0.63,6223.443円,2465回
7735,2019-09-12,6420,6670,10:47,6420,09:03,6610,1120900株,7384百万円,+340,+5.42,6587.478円,2520回
7735,2019-09-13,6620,6620,09:00,6420,12:49,6520,1044800株,6822百万円,-90,-1.36,6529.556円,1977回
7735,2019-09-17,6430,6640,13:35,6410,09:00,6580,685100株,4494百万円,+60,+0.92,6559.588円,1766回
7735,2019-09-17,6650,6660,09:00,6560,09:08,6600,594300株,3924百万円,+20,+0.30,6602.44円,1485回,3352.46億円
7735,2019-09-19,6650,6840,09:41,6520,12:46,6540,827300株,5500百万円,-60,-0.91,6648.34円,2191回,3321.98億円
7735,2019-09-20,6600,6720,14:31,6520,09:04,6690,656800株,4380百万円,+150,+2.29,6668.545円,1773回,3398.18億円
7735,2019-09-24,6720,6870,09:19,6660,13:08,6740,542400株,3663百万円,+50,+0.75,6752.616円,1640回,3423.57億円
7735,2019-09-25,6650,6720,09:26,6590,09:01,6650,435200株,2899百万円,-90,-1.34,6660.391円,1274回,3377.86億円
7735,2019-09-26,6750,6810,09:24,6630,14:51,6650,488000株,3272百万円,0,0,6704.602円,1352回,3377.86億円
7735,2019-09-27,6380,6600,14:59,6360,09:06,6580,998000株,6483百万円,-70,-1.05,6495.76円,2637回,3342.30億円
7735,2019-09-30,6480,6490,09:03,6290,14:30,6370,1023000株,6543百万円,-210,-3.19,6396.118円,2113回,3235.63億円
7735,2019-10-01,6450,6640,12:36,6390,09:03,6610,767100株,5015百万円,+240,+3.77,6537.84円,1906回,3357.54億円
7735,2019-10-02,6500,6580,12:30,6480,09:24,6550,581800株,3798百万円,-60,-0.91,6528.544円,1387回,3327.06億円
7735,2019-10-03,6410,6600,12:30,6400,09:03,6510,721400株,4686百万円,-40,-0.61,6495.865円,2293回,3306.75億円
7735,2019-10-04,6600,6630,09:21,6450,10:40,6530,535300株,3497百万円,+20,+0.31,6532.124円,1372回,3316.90億円
7735,2019-10-07,6580,6600,09:10,6420,10:33,6480,455300株,2952百万円,-50,-0.77,6482.583円,1262回,3291.51億円
7735,2019-10-08,6550,6740,13:10,6500,09:18,6720,828700株,5514百万円,+240,+3.70,6653.648円,2149回,3413.41億円
7735,2019-10-09,6580,6680,12:38,6510,09:23,6630,540000株,3565百万円,-90,-1.34,6602.631円,1457回,3367.70億円
7735,2019-10-10,6640,6660,09:02,6530,09:30,6590,475800株,3140百万円,-40,-0.60,6598.876円,1537回,3347.38億円
7735,2019-10-11,6680,6830,14:48,6610,09:00,6830,604000株,4077百万円,+240,+3.64,6749.371円,1680回,3469.29億円
7735,2019-10-15,6980,7070,09:39,6890,09:12,7000,683200株,4786百万円,+170,+2.49,7004.818円,1853回,3555.64億円
7735,2019-10-16,7130,7350,09:35,7080,13:15,7200,1048700株,7554百万円,+200,+2.86,7203.134円,2777回,3657.23億円
7735,2019-10-17,7090,7130,14:49,6970,09:05,7100,819900株,5796百万円,-100,-1.39,7069.133円,2213回,3606.44億円
7735,2019-10-18,7250,7730,11:07,7230,09:00,7660,2114700株,16011百万円,+560,+7.89,7571.382円,5054回,3890.89億円
7735,2019-10-21,7710,7790,10:10,7560,09:04,7640,910000株,6973百万円,-20,-0.26,7662.929円,2361回,3880.73億円
7735,2019-10-23,7530,7570,09:00,7400,09:15,7500,911200株,6814百万円,-140,-1.83,7478.429円,2396回,3809.61億円
7735,2019-10-24,7560,7690,09:38,7550,09:09,7600,685500株,5221百万円,+100,+1.33,7616.902円,1879回,3860.41億円
7735,2019-10-25,7730,7940,09:31,7730,09:00,7800,1302100株,10190百万円,+200,+2.63,7826.08円,3146回,3962.00億円
7735,2019-10-28,7950,8180,12:37,7950,09:00,8040,1119200株,9043百万円,+240,+3.08,8079.456円,2834回,4083.91億円
7735,2019-10-29,8100,8120,09:00,7840,09:15,8000,880100株,7000百万円,-40,-0.50,7953.192円,2349回,4063.59億円
7735,2019-10-30,7860,7970,09:03,7730,12:33,7840,1177600株,9206百万円,-160,-2.00,7817.972円,3232回,3982.32億円
7735,2019-10-31,8000,8060,09:04,7480,10:10,7590,1793600株,13758百万円,-250,-3.19,7670.731円,4597回,3855.33億円
7735,2019-11-01,7480,7770,11:00,7370,09:02,7700,1055300株,8015百万円,+110,+1.45,7594.793円,3114回,3911.20億円
7735,2019-11-05,7940,7940,09:03,7510,14:45,7570,1223200株,9398百万円,-130,-1.69,7683.482円,2960回,3845.17億円
7735,2019-11-06,7570,7640,09:47,7440,12:33,7610,681700株,5146百万円,+40,+0.53,7549.35円,1743回,3865.49億円
7735,2019-11-07,7510,7540,09:00,7400,09:37,7530,557800株,4174百万円,-80,-1.05,7483.512円,1597回,3824.85億円
7735,2019-11-08,7620,7620,09:00,7340,13:31,7430,845800株,6293百万円,-100,-1.33,7440.249円,1986回,3774.06億円
7735,2019-11-11,7380,7450,10:35,7290,09:01,7400,504500株,3730百万円,-30,-0.40,7393.072円,1707回,3758.82億円
7735,2019-11-12,7400,7470,14:59,7340,09:48,7470,408800株,3028百万円,+70,+0.95,7406.086円,1253回,3794.38億円
7735,2019-11-13,7490,7620,09:11,7410,14:01,7460,639200株,4801百万円,-10,-0.13,7511.134円,1931回,3789.30億円
7735,2019-11-14,7470,7490,09:00,7320,14:59,7340,473300株,3492百万円,-120,-1.61,7377.868円,1495回,3728.34億円
7735,2019-11-15,7250,7610,12:30,7190,09:00,7520,752700株,5636百万円,+180,+2.45,7487.866円,2439回,3819.77億円
7735,2019-11-18,7570,7650,09:12,7490,10:49,7640,862700株,6547百万円,+120,+1.60,7588.645円,2435回,3880.73億円
7735,2019-11-19,7630,7630,09:00,7450,09:36,7470,806800株,6061百万円,-170,-2.23,7512.282円,2256回,3794.38億円
7735,2019-11-20,7370,7520,09:21,7340,09:00,7430,560800株,4172百万円,-40,-0.54,7439.474円,1746回,3774.06億円
7735,2019-11-21,7280,7280,09:00,6960,10:54,7100,1462800株,10357百万円,-330,-4.44,7080.269円,4042回,3606.44億円
7735,2019-11-22,6850,7070,09:40,6810,09:05,7030,1413000株,9833百万円,-70,-0.99,6959.248円,3191回,3570.88億円
7735,2019-11-25,7180,7260,09:00,7010,09:23,7150,779100株,5559百万円,+120,+1.71,7135.438円,2102回,3631.83億円
7735,2019-11-26,7320,7490,09:13,7180,13:15,7240,904900株,6620百万円,+90,+1.26,7315.29円,2187回,3677.55億円
7735,2019-11-27,7330,7610,12:43,7320,09:08,7570,1215200株,9114百万円,+330,+4.56,7500.146円,2748回,3845.17億円
7735,2019-11-28,7500,7650,10:58,7500,09:00,7550,690100株,5230百万円,-20,-0.26,7578.618円,1897回,3835.01億円
7735,2019-11-29,7640,7750,09:07,7590,10:52,7630,648200株,4961百万円,+80,+1.06,7653.086円,1613回,3875.65億円
7735,2019-12-02,7560,7680,09:06,7550,10:39,7600,511100株,3880百万円,-30,-0.39,7591.221円,1498回,3860.41億円
7735,2019-12-03,7450,7620,10:20,7350,09:01,7540,470100株,3534百万円,-60,-0.79,7518.409円,1270回,3829.93億円
7735,2019-12-05,7510,7530,09:00,7370,09:34,7390,422800株,3135百万円,-10,-0.14,7414.569円,1359回,3753.74億円
7735,2019-12-06,7420,7650,09:37,7410,09:00,7490,612900株,4622百万円,+100,+1.35,7541.336円,1557回,3804.54億円
7735,2019-12-09,7620,7620,09:00,7460,10:08,7470,301500株,2264百万円,-20,-0.27,7507.695円,925回,3794.38億円
7735,2019-12-10,7380,7410,12:31,7230,09:23,7360,623600株,4575百万円,-110,-1.47,7336.65円,1628回,3738.50億円
7735,2019-12-13,7810,8000,12:39,7790,09:09,7960,1272600株,10054百万円,+380,+5.01,7899.992円,2732回,4043.27億円
7735,2019-12-16,7940,8050,09:18,7880,09:03,7960,574100株,4579百万円,0,0,7976.523円,1525回,4043.27億円
7735,2019-12-17,8000,8030,09:00,7780,14:03,7780,643200株,5067百万円,-180,-2.26,7878.035円,1661回,3951.84億円
7735,2019-12-18,7820,7840,09:09,7620,12:44,7670,496000株,3824百万円,-110,-1.41,7710.216円,1486回,3895.97億円
7735,2019-12-19,7660,7670,09:45,7520,14:55,7530,524300株,3972百万円,-140,-1.83,7576.464円,1525回,3824.85億円
7735,2019-12-20,7600,7610,09:00,7470,10:47,7530,555700株,4189百万円,0,0,7537.941円,1402回,3824.85億円
7735,2019-12-23,7620,7640,09:00,7430,14:13,7450,407700株,3053百万円,-80,-1.06,7489.176円,1104回,3784.22億円
7735,2019-12-24,7430,7440,09:00,7360,09:10,7420,362500株,2685百万円,-30,-0.40,7405.788円,956回,3768.98億円
7735,2019-12-25,7440,7480,12:30,7370,09:14,7440,234700株,1744百万円,+20,+0.27,7429.936円,572回,3779.14億円
7735,2019-12-26,7430,7570,09:19,7410,09:01,7510,400100株,3010百万円,+70,+0.94,7523.532円,994回,3814.69億円
7735,2019-12-27,7550,7560,09:00,7470,09:12,7480,271600株,2036百万円,-30,-0.40,7495.328円,686回,3799.46億円
7735,2019-12-30,7450,7500,14:58,7320,09:09,7490,328600株,2444百万円,+10,+0.13,7437.468円,898回,3804.54億円
7735,2020-01-06,7280,7360,09:34,7250,11:00,7290,412500株,3011百万円,-200,-2.67,7298.211円,1059回,3702.95億円
7735,2020-01-07,7310,7340,09:00,7220,14:33,7230,479100株,3479百万円,-60,-0.82,7261.05円,1278回,3672.47億円
7735,2020-01-08,7180,7260,12:32,7020,09:48,7210,806100株,5764百万円,-20,-0.28,7150.483円,2022回,3662.31億円
7735,2020-01-09,7590,7730,09:32,7570,09:06,7650,1536000株,11768百万円,+440,+6.10,7661.154円,3016回,3885.81億円
7735,2020-01-10,7690,7960,15:00,7650,09:04,7960,990700株,7784百万円,+310,+4.05,7857.229円,2337回,4043.27億円
7735,2020-01-14,8060,8150,14:52,8010,09:45,8150,793400株,6428百万円,+190,+2.39,8101.226円,2001回,4139.78億円
7735,2020-01-15,8050,8050,09:00,7880,10:22,7910,704900株,5594百万円,-240,-2.94,7935.836円,1659回,4017.87億円
7735,2020-01-16,7820,8000,14:58,7740,10:05,7900,963100株,7568百万円,-10,-0.13,7857.93円,1807回,4012.79億円
7735,2020-01-17,8200,8360,09:04,7840,14:30,7910,1562300株,12601百万円,+10,+0.13,8065.903円,3034回,4017.87億円
7735,2020-01-20,7880,8010,10:42,7880,09:00,7940,442100株,3513百万円,+30,+0.38,7945.51円,1067回,4033.11億円
7735,2020-01-21,7910,7920,09:00,7680,10:54,7710,579200株,4489百万円,-230,-2.90,7749.608円,1464回,3916.28億円
7735,2020-01-22,7780,7870,09:28,7740,09:03,7870,621900株,4874百万円,+160,+2.08,7837.157円,1651回,3997.56億円
7735,2020-01-23,7820,8140,11:03,7820,09:00,7890,831300株,6631百万円,+20,+0.25,7977.201円,2022回,4007.71億円
7735,2020-01-24,7880,7990,09:05,7740,09:49,7920,864800株,6807百万円,+30,+0.38,7871.651円,1983回,4022.95億円
7735,2020-01-27,7740,7820,09:45,7690,09:03,7700,481400株,3724百万円,-220,-2.78,7736.512円,1344回,3911.20億円
7735,2020-01-28,7550,7650,14:53,7490,09:59,7650,473300株,3588百万円,-50,-0.65,7581.551円,1307回,3885.81億円
7735,2020-01-29,7800,7870,13:52,7660,10:02,7790,981200株,7644百万円,+140,+1.83,7790.6円,2146回,3957億円
7735,2020-01-30,6290,6320,09:33,6290,09:33,6290,755800株,4755百万円,-1500,-19.26,6290.843円,70回,3195億円
7735,2020-01-31,6090,6090,09:05,5290,09:32,5880,5021400株,28780百万円,-410,-6.52,5731.544円,8796回,2987億円
7735,2020-02-03,5890,6030,10:56,5780,09:00,5960,1730600株,10265百万円,+80,+1.36,5931.237円,3579回,3027億円
7735,2020-02-04,6100,6310,12:40,6040,10:09,6220,1894400株,11704百万円,+260,+4.36,6178.072円,3995回,3159億円
7735,2020-02-05,6420,6510,09:13,6370,09:03,6410,1395000株,8987百万円,+190,+3.05,6442.021円,3174回,3256億円
7735,2020-02-06,6570,6740,09:23,6510,11:19,6510,1239300株,8149百万円,+100,+1.56,6575.739円,2597回,3307億円
7735,2020-02-07,6580,6710,09:23,6490,09:03,6560,970600株,6420百万円,+50,+0.77,6614.495円,2147回,3332億円
7735,2020-02-10,6450,6560,09:08,6380,13:55,6400,820900株,5288百万円,-160,-2.44,6441.107円,1981回,3251億円
7735,2020-02-10,6550,6760,12:38,6530,09:03,6720,1285800株,8582百万円,+320,+5.00,6674.243円,2415回,3413億円
7735,2020-02-13,6730,6910,11:29,6720,09:26,6800,765800株,5216百万円,+80,+1.19,6811.45円,1868回,3454億円
7735,2020-02-14,6770,6910,09:15,6740,14:25,6750,798300株,5452百万円,-50,-0.74,6829.767円,1779回,3429億円
7735,2020-02-17,6690,6700,09:00,6440,13:22,6490,990500株,6480百万円,-260,-3.85,6542.579円,2363回,3297億円
7735,2020-02-17,6350,6350,09:03,6090,13:00,6130,1215600株,7496百万円,-360,-5.55,6166.687円,2730回,3114億円
7735,2020-02-18,6260,6320,09:04,6030,10:09,6210,1241700株,7658百万円,+80,+1.31,6166.986円,2853回,3154億円
7735,2020-02-20,6390,6420,09:07,6160,12:57,6210,892200株,5603百万円,0,0,6280.111円,2196回,3154億円
7735,2020-02-21,6160,6250,09:03,5980,12:37,6040,1028100株,6260百万円,-170,-2.74,6089.02円,2525回,3068億円
7735,2020-02-25,5640,5910,10:45,5640,09:09,5860,1278300株,7446百万円,-180,-2.98,5825.021円,3052回,2977億円
7735,2020-02-26,5840,5910,13:31,5710,11:06,5880,1019000株,5943百万円,+20,+0.34,5832.66円,2545回,2987億円
7735,2020-02-27,5870,5890,09:00,5710,13:57,5760,786800株,4547百万円,-120,-2.04,5778.679円,1964回,2926億円
7735,2020-02-28,5500,5570,10:00,5400,09:20,5470,1278000株,6998百万円,-290,-5.03,5475.565円,2889回,2778億円
