7751,2019-08-06,2903.0,2905.5,09:00,2843.5,10:40,2864.0,5108800株,14643百万円,-72.5,-2.47,2866.157円,7199回
7751,2019-08-06,2800.0,2880.0,13:08,2790.0,09:03,2867.5,4392700株,12460百万円,+3.5,+0.12,2836.417円,6382回
7751,2019-08-07,2845.5,2876.0,14:39,2838.5,09:00,2865.5,2857100株,8176百万円,-2.0,-0.07,2861.583円,4863回
7751,2019-08-08,2853.0,2866.5,11:00,2841.0,09:52,2856.0,2404200株,6866百万円,-9.5,-0.33,2855.873円,3505回
7751,2019-08-09,2873.0,2873.5,09:00,2847.5,10:23,2867.0,2375300株,6801百万円,+11.0,+0.39,2863.405円,2717回
7751,2019-08-13,2824.5,2826.0,09:00,2778.0,11:02,2781.0,5025500株,14021百万円,-86.0,-3.00,2790.048円,6718回
7751,2019-08-14,2821.0,2822.5,09:00,2791.5,11:21,2801.0,2767500株,7755百万円,+20.0,+0.72,2802.001円,4674回
7751,2019-08-15,2735.5,2756.5,12:30,2727.0,09:14,2744.5,4252900株,11653百万円,-56.5,-2.02,2740.039円,5961回
7751,2019-08-16,2729.0,2770.0,12:33,2723.0,09:00,2748.0,2640600株,7252百万円,+3.5,+0.13,2746.396円,4060回
7751,2019-08-19,2768.5,2768.5,09:00,2705.0,10:47,2754.5,3273700株,8973百万円,+6.5,+0.24,2741.043円,4102回
7751,2019-08-20,2761.5,2770.0,09:00,2755.5,09:07,2766.5,2020200株,5585百万円,+12.0,+0.44,2764.712円,2832回
7751,2019-08-21,2745.0,2745.0,09:00,2725.5,14:46,2729.5,2532000株,6920百万円,-37.0,-1.34,2732.941円,3783回
7751,2019-08-22,2749.0,2758.5,09:24,2742.5,10:01,2750.0,2366400株,6505百万円,+20.5,+0.75,2749.014円,4067回
7751,2019-08-23,2745.0,2764.5,14:51,2738.0,09:23,2761.0,2574300株,7087百万円,+11.0,+0.40,2752.826円,3900回
7751,2019-08-26,2705.0,2709.5,09:03,2687.5,09:15,2697.0,3947000株,10644百万円,-64.0,-2.32,2696.67円,5502回
7751,2019-08-26,2729.0,2748.0,13:12,2725.0,10:43,2745.5,2489900株,6822百万円,+48.5,+1.80,2739.844円,3534回
7751,2019-08-28,2741.0,2745.5,12:42,2729.0,09:40,2738.5,2187600株,5988百万円,-7.0,-0.25,2737.281円,3528回
7751,2019-08-29,2730.0,2737.5,09:02,2715.0,10:04,2730.0,2216700株,6043百万円,-8.5,-0.31,2725.965円,3699回
7751,2019-08-30,2760.0,2765.5,14:52,2746.0,09:45,2761.0,3505800株,9669百万円,+31.0,+1.14,2758.035円,3730回
7751,2019-09-02,2760.0,2774.0,09:17,2756.5,09:00,2760.5,1500300株,4147百万円,-0.5,-0.02,2764.142円,2746回
7751,2019-09-03,2750.0,2768.5,12:39,2742.5,09:06,2761.0,1840700株,5077百万円,+0.5,+0.02,2758.078円,2747回
7751,2019-09-03,2744.0,2750.0,10:34,2731.0,09:19,2739.5,2336600株,6403百万円,-21.5,-0.78,2740.281円,3302回
7751,2019-09-05,2760.5,2799.0,11:15,2758.0,09:00,2783.0,3907800株,10872百万円,+43.5,+1.59,2782.07円,5004回
7751,2019-09-05,2785.5,2806.0,11:17,2781.5,09:00,2792.0,2684700株,7498百万円,+9.0,+0.32,2792.818円,3243回
7751,2019-09-07,2800.0,2809.0,14:59,2781.0,09:29,2809.0,2710000株,7590百万円,+17.0,+0.61,2800.564円,3365回
7751,2019-09-10,2820.0,2858.0,14:59,2818.5,10:10,2858.0,3240800株,9212百万円,+49.0,+1.74,2842.461円,4653回
7751,2019-09-11,2880.0,2908.5,12:33,2863.5,09:09,2907.0,3780200株,10956百万円,+49.0,+1.71,2898.138円,5288回
7751,2019-09-12,2940.0,2947.5,09:00,2910.5,09:12,2935.0,3767000株,11052百万円,+28.0,+0.96,2933.865円,4301回
7751,2019-09-13,2943.0,2953.0,14:59,2909.0,09:13,2949.0,5836000株,17162百万円,+14.0,+0.48,2940.639円,5312回
7751,2019-09-17,2945.0,2950.0,09:00,2927.0,09:01,2945.0,3251700株,9565百万円,-4.0,-0.14,2941.567円,4704回
7751,2019-09-17,2943.0,2945.5,09:00,2903.0,09:09,2923.0,2976500株,8699百万円,-22.0,-0.75,2922.695円,4645回,38985.91億円
7751,2019-09-19,2938.0,2956.0,10:02,2925.5,12:48,2928.5,2819500株,8277百万円,+5.5,+0.19,2935.503円,4179回,39059.26億円
7751,2019-09-20,2941.5,2951.0,10:33,2919.5,14:59,2934.5,4449900株,13066百万円,+6.0,+0.20,2936.244円,3769回,39139.29億円
7751,2019-09-24,2910.0,2916.0,09:00,2864.0,09:03,2869.0,5574600株,16048百万円,-65.5,-2.23,2878.704円,7988回,38265.67億円
7751,2019-09-25,2821.0,2881.0,14:11,2803.5,09:01,2875.0,3698700株,10554百万円,+6.0,+0.21,2853.342円,6358回,38345.70億円
7751,2019-09-26,2903.5,2906.5,09:03,2874.0,12:36,2887.0,4286400株,12386百万円,+12.0,+0.42,2889.488円,5351回,38505.75億円
7751,2019-09-27,2893.5,2927.5,14:59,2893.5,09:00,2926.0,3334800株,9712百万円,+39.0,+1.35,2912.379円,5452回,39025.92億円
7751,2019-09-30,2894.0,2910.0,09:12,2874.0,14:59,2882.5,4394400株,12692百万円,-43.5,-1.49,2888.115円,5207回,38445.73億円
7751,2019-10-01,2899.5,2945.5,10:02,2896.0,09:00,2926.0,2451700株,7176百万円,+43.5,+1.51,2926.964円,3985回,39025.92億円
7751,2019-10-02,2908.0,2941.0,12:59,2906.5,09:00,2938.0,2415900株,7085百万円,+12.0,+0.41,2932.787円,3542回,39185.97億円
7751,2019-10-03,2870.0,2894.0,09:09,2858.5,13:11,2867.0,3681200株,10570百万円,-71.0,-2.42,2871.267円,5650回,38239.00億円
7751,2019-10-04,2850.0,2870.0,09:18,2833.5,09:00,2865.5,2336400株,6680百万円,-1.5,-0.05,2859.294円,3778回,38218.99億円
7751,2019-10-07,2855.0,2862.5,09:01,2819.0,10:14,2825.5,2551600株,7223百万円,-40.0,-1.40,2830.825円,4513回,37685.49億円
7751,2019-10-08,2832.0,2860.0,11:08,2832.0,09:00,2850.0,2288500株,6521百万円,+24.5,+0.87,2849.621円,3947回,38012.26億円
7751,2019-10-09,2809.5,2831.5,12:30,2808.0,09:00,2827.0,3128900株,8834百万円,-23.0,-0.81,2823.412円,4407回,37705.49億円
7751,2019-10-10,2821.0,2831.0,14:48,2806.0,09:58,2828.0,3105700株,8762百万円,+1.0,+0.04,2821.338円,4741回,37718.83億円
7751,2019-10-11,2853.0,2879.5,09:56,2848.0,09:00,2864.5,3670800株,10520百万円,+36.5,+1.29,2865.793円,4600回,38205.65億円
7751,2019-10-15,2906.0,2924.5,10:21,2895.5,09:36,2908.5,3838300株,11176百万円,+44.0,+1.54,2911.66円,4851回,38792.51億円
7751,2019-10-16,2940.0,2945.0,09:00,2911.5,10:21,2926.5,3906200株,11431百万円,+18.0,+0.62,2926.47円,5299回,39032.59億円
7751,2019-10-17,2913.0,2920.5,09:00,2902.0,10:17,2904.5,2894700株,8421百万円,-22.0,-0.75,2909.267円,5243回,38739.16億円
7751,2019-10-18,2909.5,2916.0,09:01,2858.5,13:09,2859.0,4512500株,12968百万円,-45.5,-1.57,2873.773円,6713回,38132.30億円
7751,2019-10-21,2893.0,2919.0,13:03,2882.0,09:01,2914.0,3109200株,9049百万円,+55.0,+1.92,2910.273円,4771回,38865.87億円
7751,2019-10-23,2948.5,2961.5,09:00,2929.5,13:16,2947.0,4216900株,12428百万円,+33.0,+1.13,2947.245円,6120回,39306.01億円
7751,2019-10-24,2964.5,2975.0,10:52,2956.5,09:08,2971.0,2930100株,8699百万円,+24.0,+0.81,2968.777円,4363回,39626.11億円
7751,2019-10-25,2957.0,2969.0,09:00,2942.0,13:13,2950.0,2947400株,8695百万円,-21.0,-0.71,2950.164円,3796回,39346.02億円
7751,2019-10-28,2960.0,2961.5,09:00,2932.5,14:40,2934.5,3593300株,10572百万円,-15.5,-0.53,2942.104円,5401回,39139.29億円
7751,2019-10-29,2816.5,2911.5,09:57,2815.0,09:06,2911.0,9066700株,26138百万円,-23.5,-0.80,2882.832円,14256回,38825.85億円
7751,2019-10-30,2890.0,2976.5,14:59,2887.5,09:00,2972.5,6553400株,19364百万円,+61.5,+2.11,2954.81円,9116回,39646.12億円
7751,2019-10-31,2980.0,2991.0,09:01,2952.0,09:30,2962.0,4414500株,13099百万円,-10.5,-0.35,2967.154円,5408回,39506.07億円
7751,2019-11-01,2958.0,2971.0,09:17,2949.5,09:00,2961.0,2518700株,7461百万円,-1.0,-0.03,2962.079円,4083回,39492.74億円
7751,2019-11-05,2998.0,3007.0,09:19,2985.0,09:52,2997.5,5297800株,15881百万円,+36.5,+1.23,2997.683円,6398回,39979.56億円
7751,2019-11-06,3010.0,3029.0,09:26,2963.5,13:04,2980.5,4421000株,13232百万円,-17.0,-0.57,2992.888円,5171回,39752.82億円
7751,2019-11-07,2994.5,3004.0,09:43,2975.0,14:43,2978.5,3166600株,9458百万円,-2.0,-0.07,2986.753円,4447回,39726.14億円
7751,2019-11-08,3006.0,3011.0,09:24,2987.0,11:21,3004.0,3661800株,10986百万円,+25.5,+0.86,3000.165円,4298回,40066.25億円
7751,2019-11-11,3015.0,3026.0,09:02,3003.0,12:41,3007.0,2316500株,6975百万円,+3.0,+0.10,3011.021円,3129回,40106.27億円
7751,2019-11-12,3025.0,3033.0,14:58,3014.0,09:08,3032.0,2775000株,8395百万円,+25.0,+0.83,3025.124円,2908回,40439.71億円
7751,2019-11-13,3021.0,3026.0,09:00,3011.0,13:20,3019.0,1646000株,4968百万円,-13.0,-0.43,3018.147円,2203回,40266.32億円
7751,2019-11-14,3005.0,3016.0,09:01,2990.0,13:05,2998.5,2676700株,8035百万円,-20.5,-0.68,3001.665円,2726回,39992.90億円
7751,2019-11-15,3014.0,3022.0,10:08,2998.5,09:35,3016.0,2905200株,8756百万円,+17.5,+0.58,3013.998円,3344回,40226.31億円
7751,2019-11-18,3023.0,3036.0,11:01,3017.0,09:01,3031.0,2176000株,6585百万円,+15.0,+0.50,3025.984円,2492回,40426.37億円
7751,2019-11-19,3022.0,3029.0,12:50,3014.0,09:00,3023.0,2055000株,6211百万円,-8.0,-0.26,3022.338円,2670回,40319.67億円
7751,2019-11-20,3001.0,3014.0,10:13,2979.0,12:36,2982.5,4389000株,13121百万円,-40.5,-1.34,2989.619円,5382回,39779.50億円
7751,2019-11-21,2970.0,2991.0,14:47,2944.0,09:59,2986.5,3457600株,10268百万円,+4.0,+0.13,2969.797円,5254回,39832.85億円
7751,2019-11-22,2985.0,3003.0,09:09,2978.0,09:00,2987.0,2399800株,7181百万円,+0.5,+0.02,2992.257円,3010回,39839.51億円
7751,2019-11-25,3007.0,3009.0,09:06,2996.0,10:10,3000.0,1694600株,5086百万円,+13.0,+0.44,3001.593円,2387回,40012.90億円
7751,2019-11-26,3020.0,3024.0,14:59,3001.0,12:30,3023.0,5618500株,16958百万円,+23.0,+0.77,3018.173円,3503回,40319.67億円
7751,2019-11-27,3015.0,3035.0,13:26,3007.0,09:05,3035.0,2538400株,7681百万円,+12.0,+0.40,3026.064円,3138回,40479.72億円
7751,2019-11-28,3057.0,3065.0,09:00,3033.0,14:53,3036.0,2260300株,6879百万円,+1.0,+0.03,3043.27円,2589回,40493.06億円
7751,2019-11-29,3036.0,3047.0,09:38,3030.0,14:31,3030.0,2529600株,7681百万円,-6.0,-0.20,3036.387円,2591回,40413.03億円
7751,2019-12-02,3038.0,3058.0,10:25,3032.0,09:01,3046.0,2345700株,7148百万円,+16.0,+0.53,3047.073円,2799回,40626.44億円
7751,2019-12-03,3025.0,3054.0,13:25,3011.0,09:01,3047.0,2617000株,7953百万円,+1.0,+0.03,3039.047円,2945回,40639.77億円
7751,2019-12-05,3058.0,3065.0,09:08,3045.0,12:34,3051.0,2585100株,7891百万円,+1.0,+0.03,3052.516円,2918回,40693.12億円
7751,2019-12-06,3067.0,3074.0,09:56,3057.0,09:22,3070.0,2986000株,9161百万円,+19.0,+0.62,3068.049円,3579回,40946.54億円
7751,2019-12-09,3080.0,3086.0,09:01,3061.0,10:08,3066.0,3178900株,9768百万円,-4.0,-0.13,3072.688円,3229回,40893.19億円
7751,2019-12-10,3065.0,3071.0,09:01,3053.0,09:13,3059.0,3281600株,10045百万円,-7.0,-0.23,3061.076円,2636回,40799.82億円
7751,2019-12-13,3084.0,3092.0,12:30,3066.0,09:05,3081.0,5616000株,17311百万円,+31.0,+1.02,3082.447円,4292回,41093.25億円
7751,2019-12-16,3088.0,3092.0,09:05,3078.0,10:11,3080.0,2252700株,6948百万円,-1.0,-0.03,3084.46円,2323回,41079.91億円
7751,2019-12-17,3095.0,3097.0,09:00,3080.0,11:10,3095.0,3092300株,9554百万円,+15.0,+0.49,3089.583円,2757回,41279.98億円
7751,2019-12-18,3089.0,3117.0,13:20,3084.0,09:00,3114.0,3696600株,11480百万円,+19.0,+0.61,3105.593円,3472回,41533.39億円
7751,2019-12-19,3102.0,3114.0,09:49,3092.0,12:40,3101.0,3147100株,9762百万円,-13.0,-0.42,3101.886円,3154回,41360.01億円
7751,2019-12-20,3106.0,3108.0,09:00,3086.0,15:00,3086.0,4382400株,13550百万円,-15.0,-0.48,3091.961円,3436回,41159.94億円
7751,2019-12-23,3093.0,3095.0,09:00,3071.0,12:40,3074.0,3368500株,10373百万円,-12.0,-0.39,3079.418円,3173回,40999.89億円
7751,2019-12-24,3075.0,3082.0,09:53,3068.0,13:25,3072.0,3068300株,9432百万円,-2.0,-0.07,3073.875円,2978回,40973.21億円
7751,2019-12-25,3074.0,3079.0,09:00,3062.0,12:32,3068.0,2937400株,9018百万円,-4.0,-0.13,3070.198円,2867回,40919.86億円
7751,2019-12-26,3065.0,3080.0,09:19,3061.0,09:00,3079.0,5147600株,15825百万円,+11.0,+0.36,3074.286円,4678回,41066.58億円
7751,2019-12-27,2993.0,3017.0,12:38,2993.0,09:00,3003.0,3991800株,11991百万円,-76.0,-2.47,3003.855円,3800回,40052.92億円
7751,2019-12-30,3000.0,3003.0,09:00,2985.0,09:10,2986.5,3033300株,9072百万円,-16.5,-0.55,2990.76円,3396回,39832.85億円
7751,2020-01-06,2975.0,2998.0,14:53,2953.0,09:53,2995.5,6354000株,18906百万円,+9.0,+0.30,2975.443円,7742回,39952.88億円
7751,2020-01-07,3003.0,3052.0,09:46,3001.0,09:00,3048.0,4376700株,13300百万円,+52.5,+1.75,3038.757円,4394回,40653.11億円
7751,2020-01-08,3010.0,3043.0,12:33,3001.0,09:33,3030.0,3631400株,10972百万円,-18.0,-0.59,3021.348円,4042回,40413.03億円
7751,2020-01-09,3054.0,3070.0,15:00,3045.0,09:22,3070.0,3747600株,11472百万円,+40.0,+1.32,3061.068円,3528回,40946.54億円
7751,2020-01-10,3075.0,3077.0,09:00,3049.0,12:57,3060.0,2391600株,7322百万円,-10.0,-0.33,3061.734円,2341回,40813.16億円
7751,2020-01-14,3060.0,3079.0,15:00,3053.0,09:00,3079.0,3221800株,9893百万円,+19.0,+0.62,3070.673円,2482回,41066.58億円
7751,2020-01-15,3080.0,3087.0,09:01,3064.0,12:30,3072.0,2853200株,8767百万円,-7.0,-0.23,3072.714円,2527回,40973.21億円
7751,2020-01-16,3088.0,3091.0,09:00,3061.0,09:29,3064.0,2199200株,6751百万円,-8.0,-0.26,3069.703円,2263回,40866.51億円
7751,2020-01-17,3076.0,3084.0,09:00,3061.0,09:30,3078.0,2927400株,8998百万円,+14.0,+0.46,3073.619円,2302回,41053.24億円
7751,2020-01-20,3084.0,3099.0,12:31,3082.0,09:05,3095.0,2534400株,7838百万円,+17.0,+0.55,3092.711円,2248回,41279.98億円
7751,2020-01-21,3094.0,3097.0,09:11,3071.0,10:41,3079.0,1810300株,5579百万円,-16.0,-0.52,3081.835円,1993回,41066.58億円
7751,2020-01-22,3077.0,3082.0,09:06,3064.0,09:39,3071.0,2180500株,6697百万円,-8.0,-0.26,3071.149円,2122回,40959.88億円
7751,2020-01-23,3071.0,3075.0,09:02,3048.0,13:23,3055.0,2195000株,6712百万円,-16.0,-0.52,3057.845円,2281回,40746.47億円
7751,2020-01-24,3064.0,3064.0,09:00,3035.0,09:06,3054.0,2020900株,6160百万円,-1.0,-0.03,3048.134円,2258回,40733.14億円
7751,2020-01-27,3022.0,3039.0,10:00,3014.0,09:06,3028.0,2183300株,6609百万円,-26.0,-0.85,3027.169円,2640回,40386.36億円
7751,2020-01-28,3010.0,3031.0,14:47,2994.0,09:14,3022.0,3093200株,9320百万円,-6.0,-0.20,3013.1円,3104回,40306.33億円
7751,2020-01-29,3018.0,3037.0,14:01,3008.0,09:33,3036.0,2282600株,6911百万円,+14.0,+0.46,3027.825円,2612回,40493億円
7751,2020-01-30,2983.0,2985.0,09:00,2875.0,14:35,2875.0,10657400株,30945百万円,-161.0,-5.30,2903.608円,14312回,38346億円
7751,2020-01-31,2879.5,2927.5,10:04,2878.0,09:00,2886.5,5205100株,15097百万円,+11.5,+0.40,2900.505円,7067回,38499億円
7751,2020-02-03,2851.0,2884.5,09:25,2841.0,09:01,2872.0,3968200株,11384百万円,-14.5,-0.50,2868.82円,5766回,38306億円
7751,2020-02-04,2850.0,2868.0,13:29,2835.0,09:14,2858.0,4380300株,12503百万円,-14.0,-0.49,2854.36円,5631回,38119億円
7751,2020-02-05,2890.0,2895.0,09:16,2869.5,10:35,2875.5,4181000株,12052百万円,+17.5,+0.61,2882.602円,5478回,38352億円
7751,2020-02-06,2937.0,2964.5,13:53,2921.0,09:13,2952.5,4740400株,13970百万円,+77.0,+2.68,2946.907円,5785回,39379億円
7751,2020-02-07,2963.0,2978.0,09:02,2936.5,12:31,2958.0,2651500株,7835百万円,+5.5,+0.19,2954.858円,3998回,39453億円
7751,2020-02-10,2912.0,2927.5,11:24,2907.5,09:01,2912.0,2322500株,6771百万円,-46.0,-1.56,2915.425円,3504回,38839億円
7751,2020-02-10,2876.5,2881.5,09:03,2840.5,14:38,2841.0,5292800株,15093百万円,-71.0,-2.44,2851.667円,6267回,37892億円
7751,2020-02-13,2859.5,2863.5,09:09,2842.5,10:00,2854.5,2341000株,6679百万円,+13.5,+0.48,2852.996円,2990回,38072億円
7751,2020-02-14,2841.0,2844.5,09:00,2816.0,11:14,2830.0,3762500株,10636百万円,-24.5,-0.86,2826.972円,4778回,37746億円
7751,2020-02-17,2803.5,2813.0,12:59,2787.0,09:11,2807.5,2794800株,7834百万円,-22.5,-0.80,2803.039円,4022回,37445億円
7751,2020-02-17,2802.0,2814.0,09:33,2784.0,13:08,2792.5,2617300株,7318百万円,-15.0,-0.53,2796.102円,3734回,37245億円
7751,2020-02-18,2795.0,2814.0,09:02,2786.5,10:24,2790.5,2571000株,7183百万円,-2.0,-0.07,2793.971円,4125回,37219億円
7751,2020-02-20,2800.5,2821.5,09:01,2785.5,12:59,2787.5,2478900株,6937百万円,-3.0,-0.11,2798.473円,3751回,37179億円
7751,2020-02-21,2780.0,2797.0,09:04,2775.0,14:50,2776.0,2987600株,8314百万円,-11.5,-0.41,2782.707円,4506回,37025億円
7751,2020-02-25,2676.0,2736.5,14:40,2656.0,09:06,2724.0,6045300株,16378百万円,-52.0,-1.87,2709.25円,7837回,36332億円
7751,2020-02-26,2755.0,2839.5,12:44,2752.0,09:00,2821.5,14837900株,41631百万円,+97.5,+3.58,2805.733円,14240回,37632億円
7751,2020-02-27,2821.5,2823.0,09:00,2791.0,10:57,2793.5,10672300株,29919百万円,-28.0,-0.99,2803.459円,10356回,37259億円
7751,2020-02-28,2719.5,2745.5,11:12,2706.5,09:03,2733.5,15369700株,41939百万円,-60.0,-2.15,2728.687円,12851回,36458億円
