7781,2019-08-30,1211,1231,09:06,1130,10:23,1184,36100株,42百万円,-96,-7.50,1173.485円,203回
7781,2019-09-02,1163,1195,09:54,1150,09:22,1194,8000株,9百万円,+10,+0.84,1167.875円,44回
7781,2019-09-03,1174,1203,14:56,1163,12:50,1195,7400株,9百万円,+1,+0.08,1185.459円,53回
7781,2019-09-03,1185,1278,10:25,1170,14:42,1178,13000株,16百万円,-17,-1.42,1234.646円,73回
7781,2019-09-05,1158,1175,14:01,1158,09:00,1165,4000株,5百万円,-13,-1.10,1167.15円,25回
7781,2019-09-05,1174,1270,12:41,1161,11:05,1238,11100株,14百万円,+73,+6.27,1231.595円,59回
7781,2019-09-07,1238,1289,13:53,1220,12:30,1260,7800株,10百万円,+22,+1.78,1247.705円,34回
7781,2019-09-10,1170,1171,09:06,1101,09:29,1134,35300株,40百万円,-126,-10.00,1140.81円,172回
7781,2019-09-11,1160,1166,09:00,1137,12:49,1145,3800株,4百万円,+11,+0.97,1144.605円,21回
7781,2019-09-12,1157,1157,09:00,1125,09:27,1128,5500株,6百万円,-17,-1.48,1137.327円,25回
7781,2019-09-13,1130,1130,10:17,1128,13:58,1128,900株,1百万円,0,0,1129円,5回
7781,2019-09-17,1127,1137,11:05,1100,09:00,1123,1000株,1百万円,-5,-0.44,1120.8円,7回
7781,2019-09-17,1123,1153,09:45,1114,14:55,1114,6300株,7百万円,-9,-0.80,1137.254円,20回,39.97億円
7781,2019-09-19,1112,1125,09:03,1104,13:13,1117,2000株,2百万円,+3,+0.27,1112.4円,7回,40.07億円
7781,2019-09-20,1131,1131,10:09,1104,14:41,1119,2500株,3百万円,+2,+0.18,1116.08円,13回,40.15億円
7781,2019-09-24,1119,1119,09:00,1108,10:37,1111,2100株,2百万円,-8,-0.71,1112.952円,13回,39.86億円
7781,2019-09-25,1132,1132,09:00,1105,10:50,1120,2900株,3百万円,+9,+0.81,1112.448円,18回,40.18億円
7781,2019-09-26,1129,1143,09:59,1123,13:29,1138,1700株,2百万円,+18,+1.61,1132.118円,11回,40.83億円
7781,2019-09-27,1156,1156,09:00,1128,09:38,1131,2300株,3百万円,-7,-0.62,1133.609円,13回,40.58億円
7781,2019-09-30,1140,1140,09:00,1122,09:00,1134,1300株,1百万円,+3,+0.27,1137.308円,4回,40.68億円
7781,2019-10-01,1149,1179,14:58,1139,12:36,1179,3300株,4百万円,+45,+3.97,1152.636円,23回,42.30億円
7781,2019-10-02,1239,1279,15:00,1221,09:51,1279,23100株,29百万円,+100,+8.48,1245.771円,128回,45.89億円
7781,2019-10-03,1295,1325,11:03,1240,09:37,1276,19000株,25百万円,-3,-0.23,1290.163円,73回,45.78億円
7781,2019-10-04,1303,1303,09:16,1261,14:11,1263,2200株,3百万円,-13,-1.02,1277.091円,15回,45.31億円
7781,2019-10-07,1271,1271,09:00,1250,11:15,1253,3000株,4百万円,-10,-0.79,1257.6円,12回,44.95億円
7781,2019-10-08,1290,1290,09:29,1200,13:20,1219,8100株,10百万円,-34,-2.71,1220.914円,44回,43.73億円
7781,2019-10-09,1203,1206,09:54,1160,10:24,1163,6300株,7百万円,-56,-4.59,1187.524円,29回,41.72億円
7781,2019-10-10,1163,1163,09:25,1110,10:05,1146,3200株,4百万円,-17,-1.46,1141.156円,22回,41.11億円
7781,2019-10-11,1146,1169,10:51,1132,10:19,1155,1600株,2百万円,+9,+0.79,1156.312円,15回,41.44億円
7781,2019-10-15,1134,1170,13:57,1134,09:00,1170,3000株,3百万円,+15,+1.30,1157.8円,22回,41.97億円
7781,2019-10-16,1170,1180,15:00,1170,09:00,1180,1300株,2百万円,+10,+0.85,1173.846円,7回,42.33億円
7781,2019-10-17,1180,1195,13:27,1161,09:29,1181,2400株,3百万円,+1,+0.08,1185.125円,18回,42.37億円
7781,2019-10-18,1182,1194,14:33,1182,09:00,1194,2100株,2百万円,+13,+1.10,1188.857円,10回,42.84億円
7781,2019-10-21,1196,1204,14:59,1160,09:57,1204,2900株,3百万円,+10,+0.84,1185.379円,23回,43.19億円
7781,2019-10-23,1204,1204,09:02,1196,09:06,1201,900株,1百万円,-3,-0.25,1201.111円,7回,43.09億円
7781,2019-10-24,1201,1210,14:49,1197,09:30,1210,2100株,3百万円,+9,+0.75,1201.667円,10回,43.41億円
7781,2019-10-25,1210,1238,14:59,1210,09:00,1238,2300株,3百万円,+28,+2.31,1225.478円,19回,44.41億円
7781,2019-10-28,1238,1249,09:17,1208,14:59,1208,2900株,4百万円,-30,-2.42,1230.828円,19回,43.34億円
7781,2019-10-29,1209,1225,13:25,1209,09:24,1216,3100株,4百万円,+8,+0.66,1220.29円,22回,43.63億円
7781,2019-10-30,1225,1227,10:28,1213,11:19,1219,2100株,3百万円,+3,+0.25,1221円,12回,43.73億円
7781,2019-10-31,1249,1249,09:00,1167,14:45,1167,4400株,5百万円,-52,-4.27,1231.818円,17回,41.87億円
7781,2019-11-01,1176,1195,14:44,1176,09:18,1195,700株,1百万円,+28,+2.40,1184.714円,5回,42.87億円
7781,2019-11-05,1230,1240,09:03,1209,10:07,1215,2900株,4百万円,+20,+1.67,1230.517円,14回,43.59億円
7781,2019-11-07,1269,1269,09:00,1203,09:20,1207,2500株,3百万円,-33,-2.66,1229.64円,18回,43.30億円
7781,2019-11-08,1208,1210,09:00,1180,11:25,1181,7000株,8百万円,-26,-2.15,1193.414円,35回,42.37億円
7781,2019-11-11,1181,1186,09:16,1151,13:10,1167,8800株,10百万円,-14,-1.19,1168.534円,39回,41.87億円
7781,2019-11-12,1167,1167,09:00,1150,14:59,1150,2900株,3百万円,-17,-1.46,1157.517円,18回,41.26億円
7781,2019-11-13,1150,1166,11:15,1150,09:00,1160,12400株,14百万円,+10,+0.87,1153.669円,15回,41.62億円
7781,2019-11-14,1164,1239,11:22,1164,09:00,1179,11500株,14百万円,+19,+1.64,1193.443円,53回,42.30億円
7781,2019-11-15,1269,1269,09:08,1196,09:34,1238,12300株,15百万円,+59,+5.00,1229.976円,53回,44.41億円
7781,2019-11-18,1226,1229,09:05,1201,13:54,1215,10900株,13百万円,-23,-1.86,1214.349円,47回,43.59億円
7781,2019-11-19,1215,1220,14:47,1213,09:14,1220,4300株,5百万円,+5,+0.41,1215.465円,24回,43.77億円
7781,2019-11-20,1220,1220,09:00,1205,12:56,1209,2500株,3百万円,-11,-0.90,1211.64円,14回,43.37億円
7781,2019-11-21,1201,1201,09:00,1194,13:28,1194,4000株,5百万円,-15,-1.24,1197.925円,20回,42.84億円
7781,2019-11-22,1175,1187,10:03,1168,09:00,1180,9000株,11百万円,-14,-1.17,1177.578円,38回,42.33億円
7781,2019-11-25,1171,1176,14:54,1169,10:54,1170,5400株,6百万円,-10,-0.85,1171.611円,25回,41.97億円
7781,2019-11-26,1170,1173,09:01,1168,11:15,1168,1000株,1百万円,-2,-0.17,1170.2円,7回,41.90億円
7781,2019-11-27,1165,1185,09:58,1165,09:00,1178,7200株,8百万円,+10,+0.86,1176.667円,40回,42.26億円
7781,2019-11-28,1178,1186,11:27,1174,09:45,1182,3600株,4百万円,+4,+0.34,1180.639円,24回,42.41億円
7781,2019-11-29,1198,1198,09:00,1185,09:19,1193,4100株,5百万円,+11,+0.93,1194.61円,22回,42.80億円
7781,2019-12-02,1200,1208,10:51,1194,14:09,1200,5600株,7百万円,+7,+0.59,1199.25円,23回,43.05億円
7781,2019-12-03,1215,1215,09:00,1193,15:00,1193,3200株,4百万円,-7,-0.58,1205.062円,18回,42.80億円
7781,2019-12-05,1225,1236,10:50,1180,09:18,1228,9500株,12百万円,+21,+1.74,1213.495円,37回,44.06億円
7781,2019-12-06,1228,1263,14:17,1218,09:27,1255,6700株,8百万円,+27,+2.20,1246.194円,31回,45.02億円
7781,2019-12-09,1268,1320,14:57,1268,09:00,1317,14400株,19百万円,+62,+4.94,1302.069円,64回,47.25億円
7781,2019-12-10,1317,1317,09:00,1283,11:13,1305,9200株,12百万円,-12,-0.91,1299.837円,36回,46.82億円
7781,2019-12-13,1318,1318,10:15,1302,11:29,1309,2500株,3百万円,-3,-0.23,1307.52円,15回,46.96億円
7781,2019-12-16,1310,1315,09:01,1296,11:16,1298,4200株,5百万円,-11,-0.84,1302.976円,19回,46.57億円
7781,2019-12-17,1314,1314,09:15,1301,14:38,1301,2600株,3百万円,+3,+0.23,1308円,8回,46.67億円
7781,2019-12-18,1310,1310,09:00,1300,12:30,1301,2300株,3百万円,0,0,1302.391円,12回,46.67億円
7781,2019-12-19,1300,1314,12:30,1300,09:00,1313,1700株,2百万円,+12,+0.92,1305.235円,10回,47.11億円
7781,2019-12-20,1302,1303,12:58,1292,14:01,1300,4200株,5百万円,-13,-0.99,1296.714円,13回,46.64億円
7781,2019-12-23,1305,1350,09:03,1305,09:00,1325,5500株,7百万円,+25,+1.92,1332.327円,27回,47.54億円
7781,2019-12-24,1325,1388,09:44,1325,09:10,1370,14000株,19百万円,+45,+3.40,1358.429円,49回,49.15億円
7781,2019-12-25,1398,1442,12:30,1371,14:29,1375,9200株,13百万円,+5,+0.36,1414.283円,55回,49.33億円
7781,2019-12-26,1381,1381,09:13,1342,14:44,1349,6000株,8百万円,-26,-1.89,1362.5円,26回,48.40億円
7781,2019-12-27,1350,1350,09:00,1311,11:29,1333,5100株,7百万円,-16,-1.19,1329.333円,29回,47.82億円
7781,2019-12-30,1363,1398,14:34,1333,09:05,1395,8500株,12百万円,+62,+4.65,1362.588円,34回,50.05億円
7781,2020-01-06,1400,1428,10:17,1369,15:00,1369,2900株,4百万円,-26,-1.86,1401.414円,20回,49.11億円
7781,2020-01-07,1379,1389,12:30,1378,10:09,1387,1600株,2百万円,+18,+1.31,1382.437円,8回,49.76億円
7781,2020-01-08,1358,1367,13:12,1349,12:41,1367,3700株,5百万円,-20,-1.44,1356.487円,19回,49.04億円
7781,2020-01-09,1382,1428,10:27,1382,09:28,1397,7900株,11百万円,+30,+2.19,1405.481円,21回,50.12億円
7781,2020-01-10,1379,1398,14:18,1378,12:56,1398,3300株,5百万円,+1,+0.07,1383.788円,15回,50.15億円
7781,2020-01-14,1419,1419,09:00,1395,14:48,1395,2800株,4百万円,-3,-0.21,1404.5円,15回,50.05億円
7781,2020-01-15,1389,1417,09:47,1389,09:00,1415,2500株,4百万円,+20,+1.43,1408.96円,14回,50.76億円
7781,2020-01-16,1430,1450,13:42,1401,11:00,1435,7700株,11百万円,+20,+1.41,1425.13円,27回,51.48億円
7781,2020-01-17,1459,1480,14:56,1441,09:15,1480,5100株,7百万円,+45,+3.14,1456.431円,23回,53.10億円
7781,2020-01-20,1498,1560,11:21,1496,09:50,1534,13900株,21百万円,+54,+3.65,1527.05円,60回,55.03億円
7781,2020-01-21,1548,1548,09:00,1485,10:46,1527,6000株,9百万円,-7,-0.46,1517円,21回,54.78億円
7781,2020-01-22,1527,1528,09:01,1484,14:04,1499,6200株,9百万円,-28,-1.83,1508.726円,20回,53.78億円
7781,2020-01-23,1476,1483,10:04,1419,15:00,1419,7000株,10百万円,-80,-5.34,1453.743円,29回,50.91億円
7781,2020-01-24,1435,1435,09:00,1335,14:26,1338,9000株,12百万円,-81,-5.71,1380.178円,47回,48.00億円
7781,2020-01-27,1300,1315,10:54,1298,09:05,1305,5000株,7百万円,-33,-2.47,1302.12円,22回,46.82億円
7781,2020-01-28,1317,1361,12:45,1308,14:56,1309,2200株,3百万円,+4,+0.31,1321.318円,14回,46.96億円
7781,2020-01-29,1363,1363,09:03,1314,14:59,1314,2400株,3百万円,+5,+0.38,1334.25円,19回,47.1億円
7781,2020-01-30,1316,1316,09:15,1201,11:15,1281,15200株,19百万円,-33,-2.51,1261.934円,78回,46.0億円
7781,2020-01-31,1313,1329,11:02,1312,09:13,1329,2200株,3百万円,+48,+3.75,1317.409円,13回,47.7億円
7781,2020-02-03,1300,1333,09:45,1292,09:05,1327,3200株,4百万円,-2,-0.15,1307.906円,17回,47.6億円
7781,2020-02-04,1320,1358,14:55,1320,09:00,1351,7200株,10百万円,+24,+1.81,1338.458円,21回,48.5億円
7781,2020-02-05,1352,1382,09:34,1350,14:49,1353,5500株,8百万円,+2,+0.15,1363.764円,24回,48.5億円
7781,2020-02-06,1372,1375,14:04,1353,09:53,1375,3200株,4百万円,+22,+1.63,1369.969円,10回,49.3億円
7781,2020-02-07,1366,1369,13:21,1356,10:29,1369,1600株,2百万円,-6,-0.44,1358.625円,9回,49.1億円
7781,2020-02-10,1383,1383,09:16,1355,14:11,1355,800株,1百万円,-14,-1.02,1369.5円,6回,48.6億円
7781,2020-02-12,1375,1375,09:00,1346,09:49,1358,1200株,2百万円,+3,+0.22,1355.083円,5回,48.7億円
7781,2020-02-13,1353,1400,10:05,1352,09:41,1375,5100株,7百万円,+17,+1.25,1374.157円,27回,49.3億円
7781,2020-02-14,1375,1375,09:00,1336,14:13,1345,3700株,5百万円,-30,-2.18,1350.297円,23回,48.3億円
7781,2020-02-17,1351,1384,09:47,1288,09:36,1340,22400株,30百万円,-5,-0.37,1332.183円,96回,48.1億円
7781,2020-02-17,1357,1357,09:00,1241,12:38,1246,14300株,18百万円,-94,-7.01,1289.532円,70回,44.7億円
7781,2020-02-18,1300,1331,09:08,1282,10:57,1315,4400株,6百万円,+69,+5.54,1304.955円,28回,47.2億円
7781,2020-02-20,1333,1333,09:00,1310,14:58,1310,2800株,4百万円,-5,-0.38,1324.464円,14回,47.0億円
7781,2020-02-21,1337,1337,09:00,1300,12:35,1300,2900株,4百万円,-10,-0.76,1323.724円,8回,46.6億円
7781,2020-02-25,1275,1285,09:01,1230,10:13,1263,12100株,15百万円,-37,-2.85,1253.694円,61回,45.3億円
7781,2020-02-26,1275,1275,09:00,1230,13:56,1243,7900株,10百万円,-20,-1.58,1254.506円,31回,44.6億円
7781,2020-02-27,1227,1269,09:28,1132,13:38,1160,9600株,12百万円,-83,-6.68,1204円,52回,41.6億円
7781,2020-02-28,1079,1109,09:44,946,14:15,990,24400株,25百万円,-170,-14.66,1026.91円,99回,35.5億円
7781,2020-03-02,1052,1139,10:37,1047,09:08,1138,10500株,12百万円,+148,+14.95,1112.143円,50回,40.8億円
7781,2020-03-03,1258,1340,09:16,1189,14:58,1200,18300株,23百万円,+62,+5.45,1269.486円,90回,43.1億円
7781,2020-03-04,1110,1168,12:30,1110,09:06,1132,8400株,10百万円,-68,-5.67,1140.441円,35回,40.6億円
7781,2020-03-05,1198,1198,09:06,1148,14:58,1148,6400株,7百万円,+16,+1.41,1161.344円,27回,41.2億円
7781,2020-03-06,1120,1155,14:13,1118,09:39,1120,9100株,10百万円,-28,-2.44,1129.648円,28回,40.2億円
7781,2020-03-06,1000,1040,09:49,968,14:33,989,22700株,23百万円,-131,-11.70,998.22円,64回,35.5億円
7781,2020-03-10,970,994,14:58,923,09:13,979,7500株,7百万円,-10,-1.01,963.533円,37回,35.1億円
7781,2020-03-11,1033,1042,13:24,990,12:31,1036,9800株,10百万円,+57,+5.82,1015.194円,32回,37.2億円
7781,2020-03-12,981,990,10:18,944,12:58,963,6200株,6百万円,-73,-7.05,968.694円,30回,34.6億円
7781,2020-03-13,857,867,09:23,813,10:04,821,7300株,6百万円,-142,-14.75,830.685円,38回,29.5億円
7781,2020-03-16,841,890,13:52,841,09:03,890,2500株,2百万円,+69,+8.40,869円,15回,31.9億円
7781,2020-03-17,870,998,14:55,870,09:02,988,3400株,3百万円,+98,+11.01,910.735円,14回,35.5億円
7781,2020-03-18,958,1009,12:42,958,09:04,968,7100株,7百万円,-20,-2.02,970.38円,24回,34.7億円
7781,2020-03-19,966,966,09:26,818,14:12,826,4400株,4百万円,-142,-14.67,859.659円,24回,29.6億円
