7832,2019-08-06,5700,5830,14:57,5680,09:00,5820,1391400株,8039百万円,+50,+0.87,5777.921円,1915回
7832,2019-08-06,5720,5880,13:07,5710,09:00,5850,1331000株,7732百万円,+30,+0.52,5809.233円,1663回
7832,2019-08-07,5800,5980,10:57,5790,09:00,5960,1401400株,8287百万円,+110,+1.88,5913.105円,2062回
7832,2019-08-08,5900,6030,09:19,5850,14:59,5860,1238800株,7321百万円,-100,-1.68,5909.868円,1856回
7832,2019-08-09,6150,6230,10:46,6030,09:21,6040,2419400株,14792百万円,+180,+3.07,6113.808円,3160回
7832,2019-08-13,6100,6190,12:54,5990,09:01,6160,1417000株,8698百万円,+120,+1.99,6137.99円,2233回
7832,2019-08-14,6190,6210,09:23,6090,11:10,6120,929900株,5710百万円,-40,-0.65,6140.398円,1457回
7832,2019-08-15,6030,6070,11:24,5980,13:26,6020,921500株,5545百万円,-100,-1.63,6017.882円,1399回
7832,2019-08-16,5940,6080,12:55,5920,09:00,6040,706600株,4257百万円,+20,+0.33,6024.414円,1231回
7832,2019-08-19,6100,6170,14:12,6050,09:01,6140,731500株,4479百万円,+100,+1.66,6123.367円,1257回
7832,2019-08-20,6200,6290,09:19,6180,09:00,6260,990800株,6191百万円,+120,+1.95,6248.687円,1539回
7832,2019-08-21,6220,6300,09:44,6210,09:01,6290,786300株,4925百万円,+30,+0.48,6263.864円,1240回
7832,2019-08-22,6300,6350,09:05,6240,14:35,6280,866000株,5446百万円,-10,-0.16,6288.97円,1431回
7832,2019-08-23,6200,6320,14:41,6200,09:00,6310,839200株,5256百万円,+30,+0.48,6263.624円,1556回
7832,2019-08-26,6150,6220,09:26,6120,09:03,6200,947000株,5852百万円,-110,-1.74,6179.888円,1435回
7832,2019-08-26,6270,6320,14:54,6230,09:11,6320,734000株,4623百万円,+120,+1.94,6298.121円,1109回
7832,2019-08-28,6400,6420,09:00,6330,13:19,6360,669600株,4263百万円,+40,+0.63,6365.75円,1354回
7832,2019-08-29,6310,6360,09:00,6280,13:34,6320,568000株,3588百万円,-40,-0.63,6317.224円,1069回
7832,2019-08-30,6320,6330,09:00,6230,14:28,6250,905200株,5667百万円,-70,-1.11,6260.69円,2036回
7832,2019-09-02,6240,6290,09:52,6200,13:30,6210,472300株,2942百万円,-40,-0.64,6228.126円,899回
7832,2019-09-03,6190,6240,09:24,6170,09:00,6200,505700株,3138百万円,-10,-0.16,6205.416円,879回
7832,2019-09-03,6240,6260,09:00,6180,09:04,6250,488700株,3048百万円,+50,+0.81,6235.991円,953回
7832,2019-09-05,6310,6470,14:56,6260,09:05,6440,988900株,6336百万円,+190,+3.04,6407.589円,1654回
7832,2019-09-05,6430,6440,11:07,6360,09:00,6400,1001900株,6409百万円,-40,-0.62,6396.648円,1350回
7832,2019-09-07,6380,6430,09:17,6340,10:16,6400,739200株,4720百万円,0,0,6385.797円,1355回
7832,2019-09-10,6340,6350,09:00,6130,14:17,6190,1340900株,8342百万円,-210,-3.28,6221.5円,2000回
7832,2019-09-11,6020,6260,12:38,5950,09:15,6200,1633000株,10038百万円,+10,+0.16,6146.826円,2694回
7832,2019-09-12,6270,6430,10:07,6260,09:00,6370,1270300株,8086百万円,+170,+2.74,6365.453円,1840回
7832,2019-09-13,6490,6710,14:59,6430,09:03,6700,2597500株,17071百万円,+330,+5.18,6572.163円,2399回
7832,2019-09-17,6640,6680,09:00,6400,14:59,6400,1523100株,9866百万円,-300,-4.48,6477.854円,2513回
7832,2019-09-17,6440,6520,09:06,6390,09:26,6420,873900株,5620百万円,+20,+0.31,6430.987円,1493回,14252.40億円
7832,2019-09-19,6510,6520,09:22,6330,12:37,6380,1072700株,6887百万円,-40,-0.62,6420.02円,1727回,14163.60億円
7832,2019-09-20,6480,6520,09:15,6390,14:53,6400,1029800株,6619百万円,+20,+0.31,6427.623円,1342回,14208.00億円
7832,2019-09-24,6410,6540,12:35,6400,09:00,6510,701600株,4551百万円,+110,+1.72,6486.318円,1324回,14452.20億円
7832,2019-09-25,6510,6580,10:45,6490,09:09,6560,837600株,5481百万円,+50,+0.77,6544.186円,1387回,14563.20億円
7832,2019-09-26,6660,6680,09:03,6480,14:59,6520,1048800株,6871百万円,-40,-0.61,6550.887円,1592回,14474.40億円
7832,2019-09-27,6520,6550,10:14,6440,13:37,6540,812400株,5293百万円,+20,+0.31,6515.225円,1444回,14518.80億円
7832,2019-09-30,6560,6730,15:00,6510,09:01,6730,1251600株,8365百万円,+190,+2.91,6683.222円,1423回,14940.60億円
7832,2019-10-01,6720,6780,09:05,6540,10:24,6570,1182500株,7817百万円,-160,-2.38,6610.206円,2044回,14585.40億円
7832,2019-10-02,6660,6720,09:03,6580,10:52,6650,839700株,5579百万円,+80,+1.22,6644.127円,1133回,14763.00億円
7832,2019-10-03,6510,6650,14:17,6510,09:03,6640,709400株,4683百万円,-10,-0.15,6601.758円,1075回,14740.80億円
7832,2019-10-04,6570,6680,14:37,6570,09:00,6660,727200株,4828百万円,+20,+0.30,6638.908円,1003回,14785.20億円
7832,2019-10-07,6600,6630,09:39,6550,09:02,6580,706100株,4650百万円,-80,-1.20,6585.965円,1303回,14607.60億円
7832,2019-10-08,6650,6680,09:43,6600,09:01,6620,748100株,4967百万円,+40,+0.61,6639.214円,1355回,14696.40億円
7832,2019-10-09,6610,6760,13:53,6600,09:00,6730,775500株,5209百万円,+110,+1.66,6717.117円,1325回,14940.60億円
7832,2019-10-10,6710,6740,09:02,6590,12:35,6600,789900株,5236百万円,-130,-1.93,6628.156円,1392回,14652.00億円
7832,2019-10-11,6700,6750,14:12,6610,09:06,6740,1000600株,6716百万円,+140,+2.12,6712.132円,1235回,14962.80億円
7832,2019-10-15,6780,6840,12:30,6700,09:04,6830,959500株,6532百万円,+90,+1.34,6807.305円,1493回,15162.60億円
7832,2019-10-16,6870,6880,09:00,6690,10:32,6760,970200株,6561百万円,-70,-1.02,6762.903円,1731回,15007.20億円
7832,2019-10-17,6680,6840,13:20,6670,09:00,6810,745400株,5064百万円,+50,+0.74,6793.913円,1240回,15118.20億円
7832,2019-10-18,6830,6960,11:05,6810,09:00,6870,952600株,6559百万円,+60,+0.88,6885.209円,1448回,15251.40億円
7832,2019-10-21,6860,6980,09:53,6850,09:16,6950,548100株,3806百万円,+80,+1.16,6943.939円,1089回,15429.00億円
7832,2019-10-23,6900,7040,14:52,6860,09:14,7000,1042600株,7266百万円,+50,+0.72,6969.092円,1642回,15540.00億円
7832,2019-10-24,7030,7090,12:48,7000,09:00,7040,864400株,6093百万円,+40,+0.57,7048.732円,1428回,15628.80億円
7832,2019-10-25,7030,7060,09:07,6980,09:00,7010,932500株,6546百万円,-30,-0.43,7020.164円,1458回,15562.20億円
7832,2019-10-28,6940,7000,10:50,6910,09:08,6950,597800株,4162百万円,-60,-0.86,6961.587円,1141回,15429.00億円
7832,2019-10-29,6850,6910,09:41,6720,14:51,6740,1186800株,8060百万円,-210,-3.02,6791.288円,1933回,14962.80億円
7832,2019-10-30,6800,6820,09:06,6670,13:30,6720,1301800株,8775百万円,-20,-0.30,6740.495円,1808回,14918.40億円
7832,2019-10-31,6770,6776,09:01,6649,11:25,6668,1188300株,7942百万円,-52,-0.77,6683.259円,3467回,14802.96億円
7832,2019-11-01,6668,6746,09:17,6635,11:11,6664,1077600株,7190百万円,-4,-0.06,6672.412円,3751回,14794.08億円
7832,2019-11-05,6754,6853,10:17,6707,09:00,6758,1076800株,7303百万円,+94,+1.41,6782.559円,3678回,15002.76億円
7832,2019-11-06,6850,6857,09:07,6727,14:12,6753,1070700株,7268百万円,-5,-0.07,6788.078円,3654回,14991.66億円
7832,2019-11-07,6835,6872,09:11,6682,14:59,6711,1155800株,7805百万円,-42,-0.62,6752.943円,4643回,14898.42億円
7832,2019-11-08,6611,6670,09:01,6187,10:17,6389,2697600株,17354百万円,-322,-4.80,6433.028円,7586回,14183.58億円
7832,2019-11-11,6387,6568,12:39,6376,09:00,6549,1310600株,8549百万円,+160,+2.50,6522.923円,4163回,14538.78億円
7832,2019-11-12,6569,6734,10:58,6557,13:58,6575,1275600株,8456百万円,+26,+0.40,6628.834円,3976回,14596.50億円
7832,2019-11-13,6660,6692,09:06,6549,14:27,6567,574000株,3790百万円,-8,-0.12,6602.623円,2456回,14578.74億円
7832,2019-11-14,6515,6573,10:35,6424,13:07,6429,953400株,6169百万円,-124,-1.89,6470.392円,2913回,14272.38億円
7832,2019-11-15,6470,6546,14:59,6443,09:42,6532,895000株,5824百万円,+103,+1.60,6507.759円,2424回,14501.04億円
7832,2019-11-18,6579,6611,12:39,6528,09:00,6594,642800株,4233百万円,+62,+0.95,6585.633円,2008回,14638.68億円
7832,2019-11-19,6566,6640,13:48,6547,10:01,6604,607400株,4009百万円,+10,+0.15,6600.113円,2017回,14660.88億円
7832,2019-11-20,6594,6692,15:00,6582,10:57,6692,625900株,4159百万円,+88,+1.33,6644.214円,2275回,14856.24億円
7832,2019-11-21,6740,6793,14:46,6632,09:58,6778,1061400株,7142百万円,+86,+1.29,6729.136円,3685回,15047.16億円
7832,2019-11-22,6802,6834,11:30,6733,09:34,6811,778500株,5293百万円,+33,+0.49,6799.4円,2343回,15120.42億円
7832,2019-11-25,6831,6865,09:07,6677,12:58,6719,631200株,4254百万円,-92,-1.35,6739.645円,2468回,14916.18億円
7832,2019-11-26,6752,6806,14:14,6722,09:05,6778,950400株,6438百万円,+59,+0.88,6774.399円,2652回,15047.16億円
7832,2019-11-27,6776,6839,12:50,6749,09:10,6803,661400株,4502百万円,+25,+0.37,6807.157円,2156回,15102.66億円
7832,2019-11-28,6816,6820,09:00,6737,09:32,6784,486500株,3301百万円,-19,-0.28,6784.844円,1905回,15060.48億円
7832,2019-11-29,6749,6749,09:00,6628,14:14,6637,772200株,5146百万円,-147,-2.17,6664.48円,2441回,14734.14億円
7832,2019-12-02,6696,6745,09:08,6670,09:49,6688,525700株,3522百万円,+51,+0.77,6698.896円,1762回,14847.36億円
7832,2019-12-03,6640,6742,10:02,6634,09:08,6689,645000株,4318百万円,+1,+0.01,6694.69円,2364回,14849.58億円
7832,2019-12-05,6680,6710,09:07,6616,12:33,6653,738200株,4915百万円,-60,-0.89,6658.764円,2335回,14769.66億円
7832,2019-12-06,6653,6681,10:33,6602,13:16,6620,776500株,5155百万円,-33,-0.50,6639.383円,2031回,14696.40億円
7832,2019-12-09,6650,6674,09:05,6602,10:52,6666,516600株,3434百万円,+46,+0.69,6646.76円,1710回,14798.52億円
7832,2019-12-10,6643,6704,14:05,6614,09:48,6682,604900株,4036百万円,+16,+0.24,6672.196円,1817回,14834.04億円
7832,2019-12-13,6722,6768,09:26,6638,13:17,6679,1439100株,9649百万円,+67,+1.01,6704.992円,2995回,14827.38億円
7832,2019-12-16,6683,6719,14:26,6657,09:02,6700,518500株,3472百万円,+21,+0.31,6696.439円,1736回,14874.00億円
7832,2019-12-17,6661,6664,09:03,6540,15:00,6540,925800株,6089百万円,-160,-2.39,6577.119円,2841回,14518.80億円
7832,2019-12-18,6515,6578,14:55,6414,09:15,6560,797400株,5204百万円,+20,+0.31,6525.764円,2815回,14563.20億円
7832,2019-12-19,6597,6694,09:09,6521,15:00,6521,1002500株,6594百万円,-39,-0.59,6577.831円,3799回,14476.62億円
7832,2019-12-20,6500,6549,13:58,6457,09:12,6530,778100株,5073百万円,+9,+0.14,6519.63円,2101回,14496.60億円
7832,2019-12-23,6558,6615,14:56,6543,09:06,6602,462900株,3052百万円,+72,+1.10,6593.821円,1559回,14656.44億円
7832,2019-12-24,6588,6659,09:02,6532,14:28,6540,446200株,2932百万円,-62,-0.94,6570.56円,1888回,14518.80億円
7832,2019-12-25,6531,6562,10:56,6508,09:00,6518,263600株,1722百万円,-22,-0.34,6532.047円,903回,14469.96億円
7832,2019-12-26,6494,6522,09:07,6472,09:01,6510,414000株,2691百万円,-8,-0.12,6499.603円,1472回,14452.20億円
7832,2019-12-27,6530,6574,12:37,6520,09:00,6534,427100株,2795百万円,+24,+0.37,6544.667円,1437回,14505.48億円
7832,2019-12-30,6575,6647,14:20,6565,09:00,6631,797500株,5287百万円,+97,+1.48,6629.048円,2430回,14720.82億円
7832,2020-01-06,6482,6548,09:12,6393,14:58,6401,1152600株,7423百万円,-230,-3.47,6440.548円,3256回,14210.22億円
7832,2020-01-07,6353,6500,10:13,6328,09:00,6451,917700株,5907百万円,+50,+0.78,6436.8円,3210回,14321.22億円
7832,2020-01-08,6379,6441,09:00,6258,10:14,6287,954400株,6023百万円,-164,-2.54,6310.693円,3485回,13957.14億円
7832,2020-01-09,6351,6468,14:29,6331,09:00,6436,834800株,5353百万円,+149,+2.37,6411.771円,2936回,14287.92億円
7832,2020-01-10,6494,6575,14:17,6418,09:00,6569,863800株,5636百万円,+133,+2.07,6525.055円,2394回,14583.18億円
7832,2020-01-14,6592,6713,10:45,6585,09:01,6695,811900株,5413百万円,+126,+1.92,6666.63円,2985回,14862.90億円
7832,2020-01-15,6645,6648,09:00,6517,14:28,6545,600700株,3942百万円,-150,-2.24,6562.633円,2131回,14529.90億円
7832,2020-01-16,6545,6549,09:00,6416,14:12,6426,849500株,5481百万円,-119,-1.82,6451.508円,2567回,14265.72億円
7832,2020-01-17,6520,6540,09:00,6428,14:14,6447,792600株,5126百万円,+21,+0.33,6467.56円,2645回,14312.34億円
7832,2020-01-20,6468,6495,14:15,6442,09:01,6471,315700株,2043百万円,+24,+0.37,6470.729円,1310回,14365.62億円
7832,2020-01-21,6446,6521,13:51,6443,10:33,6517,543400株,3531百万円,+46,+0.71,6497.914円,1751回,14467.74億円
7832,2020-01-22,6553,6647,14:43,6547,09:00,6639,614400株,4064百万円,+122,+1.87,6615.235円,2236回,14738.58億円
7832,2020-01-23,6618,6661,11:04,6602,09:00,6636,552000株,3663百万円,-3,-0.05,6634.998円,1928回,14731.92億円
7832,2020-01-24,6659,6694,09:19,6604,12:41,6629,609300株,4045百万円,-7,-0.11,6638.87円,2177回,14716.38億円
7832,2020-01-27,6471,6498,09:03,6399,14:59,6409,720200株,4630百万円,-220,-3.32,6428.72円,2705回,14227.98億円
7832,2020-01-28,6391,6448,14:47,6341,09:06,6436,531200株,3403百万円,+27,+0.42,6406.67円,1900回,14287.92億円
7832,2020-01-29,6384,6440,10:43,6356,09:02,6436,578100株,3712百万円,0,0,6420.388円,2055回,14288億円
7832,2020-01-30,6388,6403,09:00,6218,12:49,6249,794900株,4987百万円,-187,-2.91,6274.131円,2524回,13873億円
7832,2020-01-31,6290,6480,10:04,6280,09:00,6378,842700株,5386百万円,+129,+2.06,6390.865円,3096回,14159億円
7832,2020-02-03,6316,6406,09:47,6264,09:01,6332,685500株,4348百万円,-46,-0.72,6343.483円,2727回,14057億円
7832,2020-02-04,6307,6446,13:10,6298,09:48,6419,908200株,5800百万円,+87,+1.37,6386.348円,2953回,14250億円
7832,2020-02-05,6448,6599,13:59,6448,09:00,6584,814000株,5333百万円,+165,+2.57,6552.051円,2944回,14616億円
7832,2020-02-06,6584,6747,13:44,6522,09:03,6703,1249800株,8341百万円,+119,+1.81,6674.242円,4299回,14881億円
7832,2020-02-07,6667,6684,09:00,6262,14:12,6295,2068000株,13269百万円,-408,-6.09,6416.328円,7847回,13975億円
7832,2020-02-10,6150,6197,09:03,5961,10:02,6023,1870200株,11312百万円,-272,-4.32,6048.562円,6853回,13371億円
7832,2020-02-10,6023,6075,09:09,5916,09:55,5972,1743600株,10438百万円,-51,-0.85,5986.722円,6313回,13258億円
7832,2020-02-13,5965,6022,10:45,5903,09:10,5985,1256500株,7516百万円,+13,+0.22,5981.852円,4532回,13287億円
7832,2020-02-14,5934,6140,12:36,5920,09:00,6078,1301200株,7891百万円,+93,+1.55,6064.332円,4218回,13493億円
7832,2020-02-17,6044,6125,09:02,6030,09:00,6080,673300株,4097百万円,+2,+0.03,6085.314円,2449回,13498億円
7832,2020-02-17,6030,6041,09:01,5814,13:36,5851,1340600株,7890百万円,-229,-3.77,5885.118円,5290回,12989億円
7832,2020-02-18,5803,5992,14:09,5803,09:00,5960,1118500株,6621百万円,+109,+1.86,5919.261円,3186回,13231億円
7832,2020-02-20,6001,6030,09:01,5882,12:57,5910,833000株,4948百万円,-50,-0.84,5939.676円,3077回,13120億円
7832,2020-02-21,5901,5956,10:40,5870,09:06,5920,677200株,4014百万円,+10,+0.17,5927.625円,2397回,13142億円
7832,2020-02-25,5620,5775,14:42,5588,09:08,5765,1419500株,8129百万円,-155,-2.62,5726.448円,4742回,12798億円
7832,2020-02-26,5724,5776,12:47,5651,10:49,5721,1253700株,7166百万円,-44,-0.76,5715.808円,3990回,12701億円
7832,2020-02-27,5621,5708,09:32,5579,09:07,5650,1247900株,7042百万円,-71,-1.24,5643.162円,4737回,12543億円
7832,2020-02-28,5510,5574,09:05,5322,14:55,5370,1822700株,9848百万円,-280,-4.96,5402.709円,5284回,11921億円
7832,2020-03-02,5352,5722,12:30,5338,09:00,5636,1645500株,9200百万円,+266,+4.95,5590.974円,6601回,12512億円
7832,2020-03-03,5690,5710,10:00,5515,15:00,5515,1464100株,8184百万円,-121,-2.15,5589.603円,5093回,12243億円
7832,2020-03-04,5503,5867,12:32,5454,09:00,5716,1993200株,11425百万円,+201,+3.64,5732.026円,7710回,12690億円
7832,2020-03-05,5903,5950,09:48,5817,09:16,5883,1740800株,10253百万円,+167,+2.92,5889.605円,5456回,13060億円
7832,2020-03-06,5880,5956,09:49,5807,09:05,5860,1708600株,10031百万円,-23,-0.39,5870.612円,5419回,13009億円
7832,2020-03-06,5700,5741,09:03,5545,14:33,5622,1449100株,8148百万円,-238,-4.06,5622.827円,5294回,12481億円
7832,2020-03-10,5581,5768,14:32,5350,09:11,5708,1748800株,9853百万円,+86,+1.53,5634.408円,7422回,12672億円
7832,2020-03-11,5611,5669,09:00,5480,14:57,5495,1717000株,9530百万円,-213,-3.73,5550.216円,6665回,12199億円
7832,2020-03-12,5361,5416,10:02,5180,12:30,5283,1495700株,7909百万円,-212,-3.86,5287.758円,5944回,1兆1728億円
7832,2020-03-13,4810,5119,14:19,4699,12:31,4945,2351200株,11452百万円,-338,-6.40,4870.882円,5791回,1兆978億円
7832,2020-03-16,4920,5000,14:10,4723,14:59,4753,1322700株,6415百万円,-192,-3.88,4849.873円,5286回,1兆552億円
7832,2020-03-17,4613,4938,14:23,4570,09:08,4894,2008600株,9667百万円,+141,+2.97,4812.781円,6859回,1兆865億円
7832,2020-03-18,4897,5033,13:12,4682,15:00,4682,2169700株,10479百万円,-212,-4.33,4829.603円,7525回,1兆394億円
7832,2020-03-19,4612,4855,09:04,4612,09:00,4790,2845400株,13458百万円,+108,+2.31,4729.575円,9669回,1兆634億円
7832,2020-03-23,4860,5067,09:03,4789,10:19,4917,1625700株,7989百万円,+127,+2.65,4914.009円,6460回,1兆916億円
7832,2020-03-24,5057,5440,11:26,5008,09:11,5157,2435700株,12571百万円,+240,+4.88,5161.321円,9856回,1兆1449億円
7832,2020-03-25,5305,5392,11:04,5177,13:02,5369,1869400株,9928百万円,+212,+4.11,5310.858円,6862回,1兆1919億円
7832,2020-03-26,5227,5446,13:12,5157,09:07,5347,1187900株,6314百万円,-22,-0.41,5315.468円,4195回,1兆1870億円
7832,2020-03-27,5442,5610,14:33,5360,10:14,5592,1779600株,9837百万円,+245,+4.58,5527.672円,5973回,1兆2414億円
7832,2020-03-30,5411,5500,09:01,5240,10:30,5385,1327100株,7104百万円,-207,-3.70,5353.169円,4646回,1兆1955億円
7832,2020-03-31,5478,5582,10:08,5229,14:08,5255,915100株,4940百万円,-130,-2.41,5398.249円,4485回,1兆1666億円
7832,2020-04-01,5240,5413,11:10,5113,14:52,5149,1146700株,6034百万円,-92,-1.76,5262.185円,3862回,1兆1431億円
7832,2020-04-02,5087,5238,09:01,5034,10:13,5081,1121900株,5721百万円,-68,-1.32,5099.226円,3823回,1兆1280億円
7832,2020-04-03,5080,5187,09:42,5030,13:37,5139,1210200株,6208百万円,+58,+1.14,5129.884円,4502回,1兆1409億円
7832,2020-04-06,5239,5353,14:54,5142,12:59,5333,1097700株,5783百万円,+194,+3.78,5268.605円,4046回,1兆1839億円
