7951,2019-08-06,4840,4880,09:54,4760,09:18,4835,838700株,4040百万円,+15,+0.31,4817.471円,1343回
7951,2019-08-06,4670,4715,13:13,4545,11:28,4705,1094800株,5109百万円,-130,-2.69,4666.379円,2013回
7951,2019-08-07,4650,4675,10:59,4560,09:38,4650,630400株,2924百万円,-55,-1.17,4637.854円,1242回
7951,2019-08-08,4660,4815,10:59,4645,09:00,4765,593200株,2827百万円,+115,+2.47,4765.563円,1096回
7951,2019-08-09,4845,4930,09:14,4820,09:33,4835,868800株,4221百万円,+70,+1.47,4857.945円,1392回
7951,2019-08-13,4765,4825,12:33,4760,09:00,4810,500000株,2398百万円,-25,-0.52,4795.212円,1007回
7951,2019-08-14,4900,4920,09:08,4845,14:59,4860,474100株,2311百万円,+50,+1.04,4873.983円,896回
7951,2019-08-15,4760,4890,12:40,4760,09:03,4850,522100株,2527百万円,-10,-0.21,4839.565円,1085回
7951,2019-08-16,4830,4830,09:00,4765,14:26,4785,320800株,1538百万円,-65,-1.34,4793.248円,826回
7951,2019-08-19,4835,4835,09:00,4700,09:36,4750,357000株,1695百万円,-35,-0.73,4748.577円,925回
7951,2019-08-20,4740,4795,14:32,4705,09:01,4785,414700株,1977百万円,+35,+0.74,4766.833円,843回
7951,2019-08-21,4715,4760,14:12,4650,09:58,4745,384000株,1812百万円,-40,-0.84,4719.355円,890回
7951,2019-08-22,4775,4775,09:00,4680,14:34,4705,398800株,1877百万円,-40,-0.84,4706.022円,783回
7951,2019-08-23,4635,4700,09:51,4635,09:00,4670,389500株,1815百万円,-35,-0.74,4660.947円,819回
7951,2019-08-26,4500,4550,09:34,4465,14:09,4490,706900株,3181百万円,-180,-3.85,4500.052円,1205回
7951,2019-08-26,4550,4605,13:59,4540,09:00,4575,475800株,2176百万円,+85,+1.89,4573.874円,735回
7951,2019-08-28,4510,4555,09:03,4485,14:09,4500,435500株,1963百万円,-75,-1.64,4507.999円,1031回
7951,2019-08-29,4530,4580,09:03,4500,13:09,4510,397800株,1799百万円,+10,+0.22,4521.866円,886回
7951,2019-08-30,4580,4635,12:39,4560,09:01,4585,519800株,2389百万円,+75,+1.66,4595.859円,1074回
7951,2019-09-02,4545,4565,09:00,4495,14:53,4495,280300株,1265百万円,-90,-1.96,4511.63円,538回
7951,2019-09-03,4490,4525,11:06,4470,09:40,4485,399200株,1792百万円,-10,-0.22,4488.513円,595回
7951,2019-09-03,4470,4480,09:02,4380,14:34,4405,300700株,1327百万円,-80,-1.78,4411.658円,598回
7951,2019-09-05,4420,4565,12:30,4420,09:00,4535,871400株,3945百万円,+130,+2.95,4526.795円,1251回
7951,2019-09-05,4600,4630,12:35,4555,09:15,4615,697300株,3214百万円,+80,+1.76,4609.436円,910回
7951,2019-09-07,4645,4675,09:00,4585,10:48,4615,396900株,1834百万円,0,0,4620.38円,617回
7951,2019-09-10,4620,4655,14:59,4585,09:00,4645,357600株,1658百万円,+30,+0.65,4637.383円,548回
7951,2019-09-11,4680,4680,09:00,4640,09:59,4660,492600株,2294百万円,+15,+0.32,4657.034円,716回
7951,2019-09-12,4755,4755,09:03,4685,12:30,4685,762100株,3587百万円,+25,+0.54,4706.365円,1003回
7951,2019-09-13,4755,4815,14:59,4655,09:04,4795,1452200株,6909百万円,+110,+2.35,4757.374円,1198回
7951,2019-09-17,4810,4815,09:00,4710,14:25,4735,536800株,2550百万円,-60,-1.25,4750.735円,761回
7951,2019-09-17,4750,4765,09:00,4710,09:51,4735,400900株,1899百万円,0,0,4736.989円,584回,9070.13億円
7951,2019-09-19,4770,4855,09:43,4755,09:00,4810,468000株,2252百万円,+75,+1.58,4811.344円,723回,9213.80億円
7951,2019-09-20,4850,4895,10:32,4820,09:00,4850,495600株,2405百万円,+40,+0.83,4851.958円,807回,9290.42億円
7951,2019-09-24,4785,4820,10:11,4755,09:01,4805,346300株,1661百万円,-45,-0.93,4797.804円,851回,9204.22億円
7951,2019-09-25,4760,4800,12:34,4715,09:50,4785,454200株,2167百万円,-20,-0.42,4771.848円,782回,9165.91億円
7951,2019-09-26,4860,4865,09:03,4780,14:58,4800,442700株,2129百万円,+15,+0.31,4810.226円,847回,9194.64億円
7951,2019-09-27,4740,4815,10:28,4740,09:00,4810,492700株,2361百万円,+10,+0.21,4791.387円,810回,9213.80億円
7951,2019-09-30,4820,4870,10:15,4755,09:06,4850,729300株,3529百万円,+40,+0.83,4838.545円,884回,9290.42億円
7951,2019-10-01,4835,4865,09:01,4795,14:07,4815,396900株,1912百万円,-35,-0.72,4817.736円,665回,9223.37億円
7951,2019-10-02,4840,4875,12:30,4810,14:59,4825,446600株,2160百万円,+10,+0.21,4835.599円,741回,9242.53億円
7951,2019-10-03,4700,4715,09:09,4625,10:54,4665,441700株,2060百万円,-160,-3.32,4663.732円,781回,8936.04億円
7951,2019-10-04,4670,4690,15:00,4590,09:38,4690,460800株,2153百万円,+25,+0.54,4671.617円,738回,8983.93億円
7951,2019-10-07,4685,4755,14:01,4670,09:00,4755,328600株,1554百万円,+65,+1.39,4729.913円,759回,9108.44億円
7951,2019-10-08,4780,4865,11:04,4775,09:01,4830,448400株,2168百万円,+75,+1.58,4834.944円,878回,9252.11億円
7951,2019-10-09,4795,4810,09:26,4735,11:03,4750,364500株,1735百万円,-80,-1.66,4759.32円,823回,9098.86億円
7951,2019-10-10,4775,4785,09:00,4680,09:59,4735,406500株,1922百万円,-15,-0.32,4728.957円,1033回,9070.13億円
7951,2019-10-11,4805,4805,09:00,4735,12:33,4755,602300株,2875百万円,+20,+0.42,4773.808円,805回,9108.44億円
7951,2019-10-15,4810,4930,14:33,4805,09:00,4910,494500株,2424百万円,+155,+3.26,4901.862円,769回,9405.35億円
7951,2019-10-16,4975,5070,09:18,4955,14:56,4960,654600株,3261百万円,+50,+1.02,4982.263円,1115回,9501.13億円
7951,2019-10-17,4995,5030,09:25,4960,09:00,4990,361700株,1807百万円,+30,+0.60,4995.485円,616回,9558.60億円
7951,2019-10-18,5030,5080,09:03,5010,12:45,5030,439300株,2213百万円,+40,+0.80,5036.586円,643回,9635.22億円
7951,2019-10-21,5030,5060,09:20,5020,10:17,5040,317200株,1598百万円,+10,+0.20,5037.405円,352回,9654.37億円
7951,2019-10-23,5080,5080,09:00,4950,12:31,4975,450600株,2251百万円,-65,-1.29,4994.479円,1005回,9529.86億円
7951,2019-10-24,4990,5010,09:00,4940,09:28,4955,406700株,2018百万円,-20,-0.40,4962.059円,871回,9491.55億円
7951,2019-10-25,4950,5020,13:58,4945,10:10,5010,423500株,2114百万円,+55,+1.11,4992.042円,614回,9596.91億円
7951,2019-10-28,5050,5050,09:00,4995,10:01,5000,293200株,1468百万円,-10,-0.20,5007.147円,548回,9577.75億円
7951,2019-10-29,5040,5060,10:48,5020,09:13,5050,466500株,2354百万円,+50,+1.00,5045.318円,634回,9673.53億円
7951,2019-10-30,5080,5100,09:02,5030,09:39,5080,608600株,3087百万円,+30,+0.59,5071.64円,954回,9731.00億円
7951,2019-10-31,5080,5100,12:39,5050,09:02,5070,419700株,2130百万円,-10,-0.20,5075.101円,570回,9711.84億円
7951,2019-11-01,5020,5050,10:28,4930,13:07,5020,484200株,2422百万円,-50,-0.99,5002.955円,970回,9616.06億円
7951,2019-11-05,5620,5730,09:26,5470,09:17,5620,1520100株,8517百万円,+600,+11.95,5602.706円,3227回,10765.39億円
7951,2019-11-06,5720,5830,14:59,5710,09:04,5800,828100株,4786百万円,+180,+3.20,5779.85円,1409回,11110.19億円
7951,2019-11-07,5800,5830,14:57,5780,09:24,5830,428400株,2490百万円,+30,+0.52,5813.165円,730回,11167.66億円
7951,2019-11-08,6000,6010,09:03,5870,11:21,5930,899600株,5360百万円,+100,+1.72,5958.309円,940回,11359.21億円
7951,2019-11-11,5890,5900,09:00,5790,12:37,5890,449200株,2633百万円,-40,-0.67,5861.02円,834回,11282.59億円
7951,2019-11-12,5820,5970,14:56,5800,10:47,5940,549900株,3240百万円,+50,+0.85,5892.791円,1171回,11378.37億円
7951,2019-11-13,5930,5930,09:00,5830,11:21,5920,201800株,1189百万円,-20,-0.34,5891.338円,551回,11340.06億円
7951,2019-11-14,5980,6030,09:20,5910,13:09,5940,483900株,2882百万円,+20,+0.34,5956.351円,953回,11378.37億円
7951,2019-11-15,5890,5990,14:38,5890,09:00,5970,408700株,2433百万円,+30,+0.51,5954.16円,755回,11435.83億円
7951,2019-11-18,5950,6030,14:59,5930,09:01,6020,315700株,1894百万円,+50,+0.84,5998.92円,511回,11531.61億円
7951,2019-11-19,6030,6070,09:03,5960,10:03,6030,336900株,2031百万円,+10,+0.17,6029.109円,532回,11550.77億円
7951,2019-11-20,6000,6070,14:59,6000,09:00,6060,411900株,2488百万円,+30,+0.50,6040.672円,752回,11608.23億円
7951,2019-11-21,6060,6080,09:08,5910,09:59,6040,480800株,2896百万円,-20,-0.33,6023.831円,987回,11569.92億円
7951,2019-11-22,6020,6080,10:43,5990,09:10,6060,305200株,1846百万円,+20,+0.33,6047.539円,574回,11608.23億円
7951,2019-11-25,6110,6130,10:17,6040,14:40,6040,301900株,1834百万円,-20,-0.33,6075.409円,633回,11569.92億円
7951,2019-11-26,6100,6100,09:00,5990,14:59,6020,634500株,3831百万円,-20,-0.33,6037.568円,702回,11531.61億円
7951,2019-11-27,6100,6250,12:44,6090,09:00,6170,691700株,4281百万円,+150,+2.49,6189.735円,1217回,11818.95億円
7951,2019-11-28,6180,6240,10:32,6130,13:49,6130,452700株,2794百万円,-40,-0.65,6172.16円,738回,11742.32億円
7951,2019-11-29,6080,6100,09:23,6030,14:14,6030,536500株,3247百万円,-100,-1.63,6052.086円,834回,11550.77億円
7951,2019-12-02,6070,6200,12:34,6050,09:00,6130,399600株,2456百万円,+100,+1.66,6145.766円,737回,11742.32億円
7951,2019-12-03,6050,6110,09:31,6040,09:04,6080,393300株,2392百万円,-50,-0.82,6080.618円,681回,11646.55億円
7951,2019-12-05,6100,6210,09:39,6090,09:00,6140,311500株,1915百万円,+70,+1.15,6148.376円,553回,11761.48億円
7951,2019-12-06,6130,6170,10:15,6100,09:03,6120,272100株,1668百万円,-20,-0.33,6130.974円,466回,11723.17億円
7951,2019-12-09,6200,6220,09:04,6150,10:08,6160,361900株,2233百万円,+40,+0.65,6171.332円,626回,11799.79億円
7951,2019-12-10,6090,6160,09:36,6060,09:00,6090,403000株,2459百万円,-70,-1.14,6101.275円,639回,11665.70億円
7951,2019-12-13,6140,6270,14:55,6140,09:03,6230,1603900株,9926百万円,+240,+4.01,6188.697円,1859回,11933.88億円
7951,2019-12-16,6180,6240,11:00,6160,09:02,6180,553300株,3423百万円,-50,-0.80,6187.35円,800回,11838.10億円
7951,2019-12-17,6180,6220,09:04,6120,09:27,6170,487100株,3005百万円,-10,-0.16,6168.442円,799回,11818.95億円
7951,2019-12-18,6110,6180,13:01,6100,09:00,6170,451000株,2773百万円,0,0,6149.486円,698回,11818.95億円
7951,2019-12-19,6210,6230,09:34,6140,12:34,6160,413900株,2558百万円,-10,-0.16,6179.683円,913回,11799.79億円
7951,2019-12-20,6190,6240,09:02,6090,15:00,6090,620300株,3797百万円,-70,-1.14,6121.63円,1051回,11665.70億円
7951,2019-12-23,6140,6180,09:03,6120,09:00,6160,300100株,1847百万円,+70,+1.15,6153.935円,450回,11799.79億円
7951,2019-12-24,6200,6200,09:00,6100,14:48,6120,245000株,1503百万円,-40,-0.65,6133.771円,402回,11723.17億円
7951,2019-12-25,6150,6160,09:01,6110,09:30,6120,201100株,1232百万円,0,0,6128.498円,318回,11723.17億円
7951,2019-12-26,6120,6190,09:38,6120,09:00,6170,240100株,1478百万円,+50,+0.82,6157.718円,497回,11818.95億円
7951,2019-12-27,6150,6200,09:00,6120,14:29,6120,264500株,1624百万円,-50,-0.81,6139.611円,436回,11723.17億円
7951,2019-12-30,6140,6140,09:00,6050,09:09,6080,323900株,1972百万円,-40,-0.65,6088.861円,485回,11646.55億円
7951,2020-01-06,5890,6000,15:00,5870,09:03,6000,590500株,3524百万円,-80,-1.32,5967.069円,973回,11493.30億円
7951,2020-01-07,6010,6140,11:22,6010,09:00,6130,572700株,3498百万円,+130,+2.17,6107.376円,914回,11742.32億円
7951,2020-01-08,5940,6030,12:30,5890,09:40,5980,643900株,3838百万円,-150,-2.45,5961.064円,1254回,11454.99億円
7951,2020-01-09,6080,6140,13:44,6070,09:00,6120,427400株,2613百万円,+140,+2.34,6114.151円,824回,11723.17億円
7951,2020-01-10,6200,6250,14:43,6160,09:00,6230,744400株,4622百万円,+110,+1.80,6209.584円,772回,11933.88億円
7951,2020-01-14,6210,6230,09:02,6130,10:05,6150,460900株,2840百万円,-80,-1.28,6162.224円,712回,11780.63億円
7951,2020-01-15,6120,6170,09:29,6040,13:40,6070,527000株,3207百万円,-80,-1.30,6085.848円,1025回,11627.39億円
7951,2020-01-16,6080,6110,09:00,6060,09:07,6080,428100株,2605百万円,+10,+0.16,6084.875円,1059回,11646.55億円
7951,2020-01-17,6090,6140,09:00,6030,09:53,6070,491000株,2980百万円,-10,-0.16,6069.827円,830回,11627.39億円
7951,2020-01-20,6020,6110,14:16,6020,09:00,6110,282700株,1716百万円,+40,+0.66,6070.552円,654回,11704.01億円
7951,2020-01-21,6080,6110,09:42,6040,13:15,6070,475500株,2886百万円,-40,-0.65,6070.404円,727回,11627.39億円
7951,2020-01-22,6100,6130,14:30,6060,10:56,6130,466200株,2847百万円,+60,+0.99,6106.429円,819回,11742.32億円
7951,2020-01-23,6120,6150,09:02,6100,10:06,6110,455700株,2787百万円,-20,-0.33,6116.669円,877回,11704.01億円
7951,2020-01-24,6120,6130,09:00,6060,09:51,6110,335800株,2049百万円,0,0,6100.89円,655回,11704.01億円
7951,2020-01-27,5990,6020,13:54,5950,09:16,6020,455100株,2730百万円,-90,-1.47,5998.754円,931回,11531.61億円
7951,2020-01-28,5920,5920,09:00,5680,13:51,5710,993500株,5734百万円,-310,-5.15,5771.195円,1609回,10937.79億円
7951,2020-01-29,5650,5700,14:01,5600,10:11,5670,968700株,5483百万円,-40,-0.70,5660.089円,1463回,10861億円
7951,2020-01-30,5670,5680,09:00,5500,13:03,5550,579800株,3223百万円,-120,-2.12,5558.862円,1032回,10631億円
7951,2020-01-31,5610,5740,10:01,5610,09:00,5660,636400株,3605百万円,+110,+1.98,5665.135円,1074回,10842億円
7951,2020-02-03,5470,5560,11:12,5450,10:24,5510,544500株,2998百万円,-150,-2.65,5506.413円,877回,10555億円
7951,2020-02-04,5480,5650,14:40,5470,09:00,5620,730800株,4084百万円,+110,+2.00,5588.647円,1083回,10765億円
7951,2020-02-05,5690,5770,09:29,5690,09:00,5730,580400株,3331百万円,+110,+1.96,5738.823円,1120回,10976億円
7951,2020-02-06,5800,5910,13:57,5740,09:39,5830,720800株,4203百万円,+100,+1.75,5830.366円,1391回,11168億円
7951,2020-02-07,5630,5710,14:28,5480,09:03,5670,1082100株,6085百万円,-160,-2.74,5623.421円,2290回,10861億円
7951,2020-02-10,5670,5780,14:20,5630,09:00,5750,820100株,4698百万円,+80,+1.41,5728.267円,1377回,11014億円
7951,2020-02-10,5770,5860,12:30,5750,09:00,5810,708200株,4115百万円,+60,+1.04,5809.879円,1471回,11129億円
7951,2020-02-13,5830,5830,09:00,5740,12:31,5760,657200株,3792百万円,-50,-0.86,5769.63円,1288回,11034億円
7951,2020-02-14,5710,5790,12:37,5690,09:01,5760,590600株,3395百万円,0,0,5748.347円,1038回,11034億円
