7974,2019-08-06,39790,39850,09:01,38840,12:35,39330,1499700株,58918百万円,-960,-2.38,39286.821円,7207回
7974,2019-08-06,37730,39010,13:18,37660,09:13,38940,1792000株,68763百万円,-390,-0.99,38372.178円,8541回
7974,2019-08-07,39330,39430,09:01,38830,09:30,39180,1231600株,48212百万円,+240,+0.62,39145.884円,5754回
7974,2019-08-08,39400,39690,09:21,39160,14:09,39320,1053300株,41576百万円,+140,+0.36,39472.056円,4892回
7974,2019-08-09,39590,39830,09:37,39390,09:03,39440,1089700株,43175百万円,+120,+0.31,39620.95円,4764回
7974,2019-08-13,38740,38940,09:00,38340,09:08,38410,1114600株,42914百万円,-1030,-2.61,38502.117円,4541回
7974,2019-08-14,39200,40100,13:49,39130,09:03,40070,1736200株,68921百万円,+1660,+4.32,39696.519円,7010回
7974,2019-08-15,39000,39920,14:56,38770,09:06,39900,1714200株,67512百万円,-170,-0.42,39383.795円,7963回
7974,2019-08-16,39700,40110,09:04,39650,09:00,39720,998200株,39760百万円,-180,-0.45,39831.431円,4643回
7974,2019-08-19,40300,40340,09:05,39920,14:04,39960,842700株,33807百万円,+240,+0.60,40116.95円,3776回
7974,2019-08-20,40110,40200,09:12,39850,11:25,40010,648500株,25947百万円,+50,+0.13,40011.476円,2910回
7974,2019-08-21,39800,40280,14:39,39670,09:02,40230,872200株,34925百万円,+220,+0.55,40042.027円,3697回
7974,2019-08-22,40380,40600,09:11,40050,12:58,40180,949000株,38258百万円,-50,-0.12,40313.826円,3971回
7974,2019-08-23,40220,41010,13:09,40140,09:00,40980,1400500株,57106百万円,+800,+1.99,40775.22円,5545回
7974,2019-08-26,40200,40440,09:08,39680,10:15,39820,1494400株,59706百万円,-1160,-2.83,39953.159円,6210回
7974,2019-08-26,40200,40350,12:56,39950,09:09,40250,1106800株,44494百万円,+430,+1.08,40200.455円,3960回
7974,2019-08-28,40550,40850,09:03,40290,12:47,40350,1029700株,41723百万円,+100,+0.25,40519.845円,4346回
7974,2019-08-29,40530,40540,09:02,40100,13:21,40180,702000株,28272百万円,-170,-0.42,40273.835円,2876回
7974,2019-08-30,40460,40580,09:09,40160,13:49,40290,832500株,33576百万円,+110,+0.27,40331.322円,3018回
7974,2019-09-02,40290,40730,09:36,40260,09:00,40380,1009700株,40877百万円,+90,+0.22,40484.221円,3848回
7974,2019-09-03,40400,40640,13:31,40270,09:08,40530,665200株,26940百万円,+150,+0.37,40498.897円,2680回
7974,2019-09-03,40770,41770,11:05,40730,09:00,41580,2065100株,85654百万円,+1050,+2.59,41476.981円,7751回
7974,2019-09-05,41350,41540,09:01,40810,10:04,40960,2173800株,89208百万円,-620,-1.49,41038.003円,8361回
7974,2019-09-05,41400,41960,09:11,41340,09:00,41450,1355200株,56429百万円,+490,+1.20,41638.923円,5387回
7974,2019-09-07,41500,42100,09:28,41500,09:00,41890,1128400株,47234百万円,+440,+1.06,41858.969円,4273回
7974,2019-09-10,42000,42000,09:00,41580,14:25,41660,935400株,39044百万円,-230,-0.55,41740.554円,3888回
7974,2019-09-11,41420,41570,09:03,40750,10:04,41100,1287200株,52913百万円,-560,-1.34,41107.418円,5442回
7974,2019-09-12,41350,41780,13:59,41260,09:00,41580,1130000株,47002百万円,+480,+1.17,41594.342円,4340回
7974,2019-09-13,41690,41730,09:11,41330,09:30,41600,1128900株,46907百万円,+20,+0.05,41551.346円,4078回
7974,2019-09-17,41500,41980,13:58,41380,09:00,41890,1018500株,42565百万円,+290,+0.70,41791.74円,3914回
7974,2019-09-17,42000,42600,09:28,41940,09:00,42390,1193100株,50530百万円,+500,+1.19,42351.811円,4684回,55814.49億円
7974,2019-09-19,42690,42960,09:11,42300,12:35,42460,1162900株,49572百万円,+70,+0.17,42627.983円,4705回,55906.66億円
7974,2019-09-20,42880,42940,10:22,42420,09:06,42830,1504500株,64298百万円,+370,+0.87,42737.242円,5175回,56393.83億円
7974,2019-09-24,42580,42710,09:00,42060,09:23,42350,1331400株,56371百万円,-480,-1.12,42339.293円,5350回,55761.82億円
7974,2019-09-25,41460,41500,09:03,40410,09:55,40520,2753000株,112204百万円,-1830,-4.32,40756.867円,10585回,53352.28億円
7974,2019-09-26,40850,41260,09:47,40530,14:25,40660,1890800株,77238百万円,+140,+0.35,40849.461円,6908回,53536.62億円
7974,2019-09-27,40780,40960,09:28,40200,12:58,40380,1421400株,57560百万円,-280,-0.69,40495.257円,5762回,53167.94億円
7974,2019-09-30,39890,40090,09:05,39750,10:13,40020,997300株,39834百万円,-360,-0.89,39942.282円,4085回,52693.93億円
7974,2019-10-01,40300,41140,09:30,40080,09:02,40920,1556800株,63486百万円,+900,+2.25,40779.971円,6463回,53878.95億円
7974,2019-10-02,40420,41180,15:00,40420,09:00,41180,967800株,39607百万円,+260,+0.64,40924.733円,4028回,54221.29億円
7974,2019-10-03,40690,40730,09:00,40330,13:50,40490,1162000株,47047百万円,-690,-1.68,40488.323円,4628回,53312.78億円
7974,2019-10-04,40800,41100,09:12,40620,09:52,40970,1117500株,45711百万円,+480,+1.19,40904.444円,4368回,53944.79億円
7974,2019-10-07,40910,40910,09:00,40410,13:52,40410,886800株,35945百万円,-560,-1.37,40533.923円,3622回,53207.44億円
7974,2019-10-08,40500,40800,14:53,40190,09:01,40770,1016000株,41203百万円,+360,+0.89,40554.591円,4282回,53681.45億円
7974,2019-10-09,40400,40990,10:06,40400,09:00,40890,994700株,40599百万円,+120,+0.29,40815.636円,3994回,53839.45億円
7974,2019-10-10,40800,40980,09:02,40150,14:42,40300,1200200株,48519百万円,-590,-1.44,40426.134円,5071回,53062.61億円
7974,2019-10-11,40380,40390,09:00,39310,10:05,39870,1556000株,61863百万円,-430,-1.07,39757.718円,6618回,52496.43億円
7974,2019-10-15,40000,40220,10:34,39710,09:02,40150,891700株,35722百万円,+280,+0.70,40060.477円,3789回,52865.10億円
7974,2019-10-16,40240,40630,09:07,40050,12:41,40160,1005500株,40557百万円,+10,+0.02,40335.083円,4162回,52878.27億円
7974,2019-10-17,39580,39620,09:00,39060,15:00,39060,1668600株,65551百万円,-1100,-2.74,39285.138円,6085回,51429.91億円
7974,2019-10-18,38750,39260,09:12,38440,12:48,38610,1416200株,54874百万円,-450,-1.15,38747.214円,6058回,50837.40億円
7974,2019-10-21,38540,38700,13:11,38190,09:06,38550,808000株,31090百万円,-60,-0.16,38477.207円,3293回,50758.40億円
7974,2019-10-23,38400,38490,09:00,38040,09:16,38110,989700株,37803百万円,-440,-1.14,38196.349円,3996回,50179.06億円
7974,2019-10-24,38280,38350,09:11,37870,14:59,37870,943700株,35913百万円,-240,-0.63,38055.57円,3486回,49863.05億円
7974,2019-10-25,37200,37420,09:02,36700,14:36,36730,1890500株,69874百万円,-1140,-3.01,36960.826円,7120回,48362.02億円
7974,2019-10-28,36950,37310,09:11,36810,09:00,37020,1110100株,41150百万円,+290,+0.79,37068.603円,4349回,48743.86億円
7974,2019-10-29,37360,38220,12:30,37350,09:00,37790,1607000株,60730百万円,+770,+2.08,37790.66円,6191回,49757.72億円
7974,2019-10-30,37700,38490,14:59,37290,09:07,38490,2268100株,86490百万円,+700,+1.85,38133.031円,7050回,50679.40億円
7974,2019-10-31,38920,39040,09:02,38130,11:20,38620,1326800株,51246百万円,+130,+0.34,38623.845円,5755回,50850.57億円
7974,2019-11-01,40170,41500,15:00,40170,09:06,41500,4238300株,173318百万円,+2880,+7.46,40893.362円,15335回,54642.63億円
7974,2019-11-05,42750,43070,09:34,42300,09:07,42730,2735900株,117029百万円,+1230,+2.96,42775.196円,9733回,56262.16億円
7974,2019-11-07,41710,42370,09:39,41460,09:02,42000,1243000株,52161百万円,-210,-0.50,41964.068円,5296回,55300.98億円
7974,2019-11-08,42320,42390,09:10,41800,12:31,41960,1021200株,42905百万円,-40,-0.10,42014.038円,4570回,55248.31億円
7974,2019-11-11,42200,42530,09:15,41820,11:29,41960,1046200株,44044百万円,0,0,42098.776円,4582回,55248.31億円
7974,2019-11-12,42100,42470,10:37,42040,09:00,42390,1015200株,42917百万円,+430,+1.02,42274.715円,4385回,55814.49億円
7974,2019-11-13,42330,42500,09:00,41850,13:17,42040,1057300株,44460百万円,-350,-0.83,42050.65円,4340回,55353.65億円
7974,2019-11-14,42280,42320,09:00,41760,13:47,41790,938300株,39394百万円,-250,-0.59,41984.439円,4183回,55024.48億円
7974,2019-11-15,41600,41690,09:03,41250,14:21,41280,983700株,40736百万円,-510,-1.22,41410.744円,4302回,54352.96億円
7974,2019-11-18,41440,42250,09:51,41350,09:00,42070,1272700株,53434百万円,+790,+1.91,41984.518円,5596回,55393.15億円
7974,2019-11-19,42200,42410,09:01,42030,09:02,42330,958300株,40482百万円,+260,+0.62,42243.567円,3799回,55735.49億円
7974,2019-11-20,42440,43300,09:56,42390,09:00,42970,2103200株,90472百万円,+640,+1.51,43016.327円,7800回,56578.17億円
7974,2019-11-21,43240,43300,09:00,42120,09:59,43000,1775100株,75686百万円,+30,+0.07,42637.749円,7604回,56617.67億円
7974,2019-11-22,42330,42530,09:00,41470,14:51,41490,2107500株,88136百万円,-1510,-3.51,41820.193円,7948回,54629.47億円
7974,2019-11-25,41900,42310,14:58,41680,09:12,42290,1378300株,58011百万円,+800,+1.93,42088.827円,5433回,55682.82億円
7974,2019-11-26,42500,42980,09:13,42430,09:00,42580,1264200株,53984百万円,+290,+0.69,42701.895円,5103回,56064.66億円
7974,2019-11-27,42460,42660,13:24,42100,09:04,42530,872500株,37037百万円,-50,-0.12,42448.777円,3672回,55998.83億円
7974,2019-11-28,42750,42870,09:02,42480,12:31,42580,663500株,28295百万円,+50,+0.12,42644.699円,2888回,56064.66億円
7974,2019-11-29,42700,42800,09:02,42330,14:28,42350,538400株,22890百万円,-230,-0.54,42514.265円,2312回,55761.82億円
7974,2019-12-02,42620,43390,13:19,42560,09:00,43240,1613300株,69574百万円,+890,+2.10,43125.531円,5528回,56933.68億円
7974,2019-12-03,43550,44500,13:59,43510,09:01,44390,2285100株,100793百万円,+1150,+2.66,44108.902円,8440回,58447.87億円
7974,2019-12-05,44500,44520,09:27,43460,12:35,43680,1502400株,66088百万円,-150,-0.34,43988.373円,6909回,57513.02億円
7974,2019-12-06,43510,43800,09:45,43230,09:04,43760,1190600株,51836百万円,+80,+0.18,43537.951円,5578回,57618.35億円
7974,2019-12-09,44300,45080,15:00,44240,09:00,45080,2121800株,94979百万円,+1320,+3.02,44763.32円,7656回,59356.39億円
7974,2019-12-10,45100,47000,13:51,45070,09:00,46370,3282100株,151524百万円,+1290,+2.86,46166.674円,13194回,61054.92億円
7974,2019-12-13,45400,45460,09:00,44880,14:09,44930,1764500株,79580百万円,+60,+0.13,45100.524円,7230回,59158.88億円
7974,2019-12-16,44990,45890,10:42,44990,09:00,45460,1592000株,72554百万円,+530,+1.18,45574.171円,7062回,59856.73億円
7974,2019-12-17,45800,45980,09:00,45310,12:33,45520,1082900株,49322百万円,+60,+0.13,45546.405円,4720回,59935.73億円
7974,2019-12-18,44970,45100,09:00,44250,13:33,44500,1399700株,62433百万円,-1020,-2.24,44604.617円,5783回,58592.70億円
7974,2019-12-19,44260,44500,09:11,43670,14:57,43720,1308700株,57568百万円,-780,-1.75,43988.359円,5379回,57565.69億円
7974,2019-12-20,43020,43660,09:27,42950,09:02,43200,1532400株,66188百万円,-520,-1.19,43192.232円,6788回,56881.01億円
7974,2019-12-23,43360,43700,09:19,43030,13:02,43260,795500株,34451百万円,+60,+0.14,43307.38円,3684回,56960.01億円
7974,2019-12-24,43480,43550,09:00,43060,09:17,43260,638000株,27626百万円,0,0,43300.293円,3011回,56960.01億円
7974,2019-12-25,43430,43530,10:30,43270,09:11,43370,475300株,20628百万円,+110,+0.25,43400.631円,1933回,57104.85億円
7974,2019-12-26,43470,43700,10:18,43340,09:01,43550,647000株,28185百万円,+180,+0.42,43562.896円,2585回,57341.85億円
7974,2019-12-27,43730,44020,09:11,43570,09:03,43810,638000株,27979百万円,+260,+0.60,43854.061円,2677回,57684.19億円
7974,2019-12-30,43810,44020,14:52,43500,09:08,43970,621300株,27229百万円,+160,+0.37,43826.448円,2583回,57894.86億円
7974,2020-01-06,43010,43090,09:03,42510,11:04,42740,1154600株,49418百万円,-1230,-2.80,42801.157円,4345回,56275.33億円
7974,2020-01-07,43040,43500,09:30,42890,14:56,42940,1167600株,50334百万円,+200,+0.47,43109.17円,4435回,56538.67億円
7974,2020-01-08,42500,42840,13:03,41610,09:33,42640,1484400株,62781百万円,-300,-0.70,42293.668円,6741回,56143.66億円
7974,2020-01-09,43550,43600,09:03,43160,09:50,43380,1030800株,44723百万円,+740,+1.74,43386.376円,4088回,57118.01億円
7974,2020-01-10,43220,43780,09:22,43140,09:01,43440,826300株,35908百万円,+60,+0.14,43456.16円,3636回,57197.01億円
7974,2020-01-14,43850,43940,09:01,42940,10:54,43200,1203500株,52169百万円,-240,-0.55,43348.055円,5159回,56881.01億円
7974,2020-01-15,43000,43300,09:39,42880,09:00,43070,755900株,32571百万円,-130,-0.30,43088.479円,3377回,56709.84億円
7974,2020-01-16,42940,43040,14:44,42700,09:02,42960,698700株,29967百万円,-110,-0.26,42889.654円,2928回,56565.00億円
7974,2020-01-17,43170,43230,09:21,42900,09:01,42990,763600株,32865百万円,+30,+0.07,43039.192円,3198回,56604.50億円
7974,2020-01-20,43090,43290,13:15,42980,14:59,42990,817500株,35247百万円,0,0,43115.392円,3006回,56604.50億円
7974,2020-01-21,43000,43250,09:10,42960,09:00,43110,562800株,24250百万円,+120,+0.28,43087.619円,2238回,56762.51億円
7974,2020-01-22,43210,43350,14:51,43060,09:03,43320,702200株,30365百万円,+210,+0.49,43243.206円,2612回,57039.01億円
7974,2020-01-23,43320,43560,14:39,43170,09:02,43530,863700株,37465百万円,+210,+0.48,43377.856円,3216回,57315.52億円
7974,2020-01-24,43700,43880,09:11,43510,09:50,43700,840600株,36747百万円,+170,+0.39,43715.045円,3331回,57539.35億円
7974,2020-01-27,43080,43110,09:00,42310,13:30,42400,972100株,41407百万円,-1300,-2.97,42595.068円,4042回,55827.66億円
7974,2020-01-28,42080,42660,13:01,41970,09:03,42600,975800株,41403百万円,+200,+0.47,42430.036円,4079回,56090.99億円
7974,2020-01-29,42590,42870,13:06,42400,09:25,42720,815200株,34787百万円,+120,+0.28,42672.355円,3673回,56249億円
7974,2020-01-30,42800,42800,09:00,41920,12:53,42270,1150300株,48573百万円,-450,-1.05,42226.125円,4786回,55656億円
7974,2020-01-31,41120,41250,09:03,40170,10:55,40770,2577800株,104648百万円,-1500,-3.55,40595.969円,11559回,53681億円
7974,2020-02-03,38670,40130,14:27,38000,09:07,40040,2607200株,102575百万円,-730,-1.79,39343.009円,10858回,52720億円
7974,2020-02-04,40000,40210,14:39,39640,09:38,40100,1296700株,51860百万円,+60,+0.15,39993.521円,4842回,52799億円
7974,2020-02-05,40740,40920,09:01,40210,09:45,40430,926500株,37510百万円,+330,+0.82,40486.029円,3993回,53234億円
7974,2020-02-06,40790,41100,13:51,40470,09:03,40900,1330700株,54366百万円,+470,+1.16,40854.979円,4591回,53853億円
7974,2020-02-07,40720,40890,09:02,40410,10:07,40500,1186900株,48142百万円,-400,-0.98,40561.421円,4457回,53326億円
7974,2020-02-10,40300,40840,09:50,40290,09:00,40650,899900株,36542百万円,+150,+0.37,40607.146円,3442回,53523億円
7974,2020-02-10,40600,40720,09:20,40400,09:48,40560,761000株,30863百万円,-90,-0.22,40555.209円,2755回,53405億円
7974,2020-02-13,40400,40470,09:00,40040,09:28,40190,878600株,35312百万円,-370,-0.91,40190.859円,3268回,52918億円
7974,2020-02-14,39980,40030,09:12,39500,10:45,39840,934000株,37212百万円,-350,-0.87,39841.547円,3401回,52457億円
7974,2020-02-17,39840,40150,09:05,39670,09:20,40000,928200株,37065百万円,+160,+0.40,39931.987円,3452回,52668億円
7974,2020-02-17,39900,39970,09:36,39710,09:16,39790,694200株,27641百万円,-210,-0.53,39817.151円,2508回,52391億円
7974,2020-02-18,39920,40210,10:02,39830,09:03,40050,918700株,36819百万円,+260,+0.65,40077.469円,3382回,52733億円
7974,2020-02-20,40500,40540,09:00,40020,12:42,40100,738300株,29713百万円,+50,+0.12,40245.601円,2896回,52799億円
7974,2020-02-21,40000,40050,09:00,39860,09:17,39950,915500株,36592百万円,-150,-0.37,39969.685円,3394回,52602億円
7974,2020-02-25,38100,39490,11:28,38100,09:06,39230,1301200株,50678百万円,-720,-1.80,38946.884円,5500回,51654億円
7974,2020-02-26,39230,39230,09:00,38450,11:03,38960,1119500株,43491百万円,-270,-0.69,38848.606円,4572回,51298億円
7974,2020-02-27,38580,38840,09:00,38000,13:32,38190,1111300株,42635百万円,-770,-1.98,38364.794円,4562回,50284億円
7974,2020-02-28,36800,37250,09:37,36080,14:27,36270,2299600株,84234百万円,-1920,-5.03,36629.651円,8563回,47756億円
7974,2020-03-02,36100,37890,12:40,35900,09:01,37090,2147900株,79421百万円,+820,+2.26,36976.228円,9937回,48836億円
7974,2020-03-03,37850,37990,09:03,36680,13:31,36800,1860600株,69267百万円,-290,-0.78,37228.418円,7898回,48454億円
7974,2020-03-04,36430,37600,12:30,36430,09:00,37250,1088000株,40468百万円,+450,+1.22,37194.511円,4948回,49047億円
7974,2020-03-05,37900,38170,11:06,37410,09:06,37920,1232400株,46663百万円,+670,+1.80,37863.276円,4984回,49929億円
7974,2020-03-06,37700,38090,09:17,37070,13:05,37410,1273600株,47796百万円,-510,-1.34,37527.975円,5478回,49257億円
7974,2020-03-06,36480,36740,10:06,35630,11:14,35930,2032600株,73400百万円,-1480,-3.96,36111.357円,9397回,47309億円
7974,2020-03-10,35000,36520,14:32,33980,09:11,36190,2255000株,79830百万円,+260,+0.72,35401.409円,11544回,47651億円
7974,2020-03-11,36060,36860,09:13,35410,14:57,35470,1506400株,54188百万円,-720,-1.99,35972.11円,7710回,46703億円
7974,2020-03-12,35000,35360,09:15,33950,12:30,34820,2118300株,73423百万円,-650,-1.83,34661.128円,10301回,4兆5847億円
7974,2020-03-13,33080,34500,14:19,31880,10:20,33220,3190900株,105208百万円,-1600,-4.60,32971.414円,16272回,4兆3740億円
7974,2020-03-16,33900,34860,10:07,32930,14:59,32950,2157800株,73140百万円,-270,-0.81,33895.541円,11416回,4兆3385億円
7974,2020-03-17,32500,35360,13:51,32200,09:01,34880,3190700株,109918百万円,+1930,+5.86,34449.568円,16492回,4兆5926億円
7974,2020-03-18,35360,36320,09:13,35250,09:01,35510,1854200株,66420百万円,+630,+1.81,35821.545円,9818回,4兆6756億円
7974,2020-03-19,35510,37500,09:16,35510,09:00,37230,2465200株,91049百万円,+1720,+4.84,36933.661円,11845回,4兆9020億円
