8252,2019-08-06,2295,2332,14:58,2281,12:30,2327,847100株,1960百万円,+32,+1.39,2313.815円,1697回
8252,2019-08-06,2258,2305,14:55,2247,09:03,2299,985600株,2247百万円,-28,-1.20,2280.284円,2835回
8252,2019-08-07,2308,2349,10:09,2271,12:30,2305,1097000株,2534百万円,+6,+0.26,2310.334円,2705回
8252,2019-08-08,2076,2150,09:17,1991,11:15,2000,3128300株,6346百万円,-305,-13.23,2028.531円,6418回
8252,2019-08-09,2001,2009,09:00,1901,12:50,1954,2782900株,5419百万円,-46,-2.30,1947.33円,4906回
8252,2019-08-13,1927,2018,12:56,1920,09:02,2008,2298100株,4570百万円,+54,+2.76,1988.474円,4443回
8252,2019-08-14,2031,2056,13:54,2013,09:00,2052,1330300株,2714百万円,+44,+2.19,2040.402円,2592回
8252,2019-08-15,2023,2023,09:00,1944,14:59,1950,1399000株,2759百万円,-102,-4.97,1972.458円,2650回
8252,2019-08-16,1945,2025,12:36,1943,09:00,2012,1579200株,3163百万円,+62,+3.18,2002.855円,3650回
8252,2019-08-19,2015,2039,09:04,1982,11:23,2005,1076700株,2159百万円,-7,-0.35,2005.422円,2653回
8252,2019-08-20,1999,2011,13:47,1971,11:13,2009,959400株,1913百万円,+4,+0.20,1994.247円,2149回
8252,2019-08-21,1998,2037,12:31,1993,09:00,2010,776200株,1564百万円,+1,+0.05,2015.125円,1913回
8252,2019-08-22,2011,2023,14:59,1994,11:09,2022,753900株,1516百万円,+12,+0.60,2011.096円,1642回
8252,2019-08-23,2023,2061,14:58,2023,09:00,2056,674900株,1382百万円,+34,+1.68,2048.326円,1926回
8252,2019-08-26,1992,2067,14:58,1992,09:03,2060,1046900株,2144百万円,+4,+0.19,2047.561円,1999回
8252,2019-08-26,2079,2131,14:34,2071,09:01,2118,1149700株,2432百万円,+58,+2.82,2114.955円,2457回
8252,2019-08-28,2139,2149,09:03,2092,12:47,2109,773200株,1633百万円,-9,-0.42,2111.367円,1652回
8252,2019-08-29,2121,2142,09:06,2104,11:06,2126,772900株,1639百万円,+17,+0.81,2121.085円,1662回
8252,2019-08-30,2123,2130,09:09,2104,12:30,2115,848000株,1794百万円,-11,-0.52,2115.325円,1769回
8252,2019-09-02,2137,2155,09:00,2074,14:35,2081,830700株,1744百万円,-34,-1.61,2099.927円,1799回
8252,2019-09-03,2081,2097,10:34,2077,09:23,2083,577700株,1205百万円,+2,+0.10,2085.717円,1174回
8252,2019-09-03,2062,2098,14:01,2050,09:16,2087,578700株,1204百万円,+4,+0.19,2079.978円,1640回
8252,2019-09-05,2108,2154,11:11,2102,09:00,2131,968300株,2066百万円,+44,+2.11,2133.413円,1924回
8252,2019-09-05,2139,2139,09:00,2107,14:59,2115,957400株,2030百万円,-16,-0.75,2120.842円,1734回
8252,2019-09-07,2130,2164,14:42,2128,09:00,2160,824700株,1777百万円,+45,+2.13,2155.012円,1552回
8252,2019-09-10,2177,2197,14:59,2161,09:16,2193,718900株,1572百万円,+33,+1.53,2186.049円,1323回
8252,2019-09-11,2196,2245,13:11,2186,09:23,2241,1240400株,2754百万円,+48,+2.19,2220.637円,2371回
8252,2019-09-12,2254,2262,09:01,2230,13:17,2234,989400株,2216百万円,-7,-0.31,2239.93円,1745回
8252,2019-09-13,2284,2299,13:37,2244,09:17,2295,1801200株,4113百万円,+61,+2.73,2283.472円,2160回
8252,2019-09-17,2288,2304,10:05,2264,14:45,2272,1038900株,2370百万円,-23,-1.00,2281.109円,2254回
8252,2019-09-17,2272,2304,14:59,2258,09:43,2292,1238700株,2827百万円,+20,+0.88,2282.249円,2545回,5126.30億円
8252,2019-09-19,2294,2331,14:59,2279,09:15,2323,1119000株,2586百万円,+31,+1.35,2311.425円,2379回,5195.63億円
8252,2019-09-20,2320,2339,13:27,2306,09:00,2322,1139900株,2650百万円,-1,-0.04,2324.763円,2208回,5193.39億円
8252,2019-09-24,2319,2407,10:12,2314,09:00,2348,1280600株,3020百万円,+26,+1.12,2357.945円,3129回,5251.55億円
8252,2019-09-25,2337,2374,14:44,2332,09:00,2372,966300株,2282百万円,+24,+1.02,2361.153円,2352回,5305.23億円
8252,2019-09-26,2380,2383,09:00,2323,14:59,2330,1104000株,2592百万円,-42,-1.77,2347.743円,1854回,5211.29億円
8252,2019-09-27,2312,2320,09:00,2269,11:02,2293,1246400株,2853百万円,-37,-1.59,2289.362円,2802回,5128.53億円
8252,2019-09-30,2296,2306,10:04,2275,13:35,2282,983800株,2248百万円,-11,-0.48,2285.025円,2091回,5103.93億円
8252,2019-10-01,2269,2296,09:45,2265,09:06,2278,731500株,1669百万円,-4,-0.18,2282.157円,1736回,5094.98億円
8252,2019-10-02,2263,2313,12:47,2260,09:00,2305,950800株,2182百万円,+27,+1.19,2294.801円,2463回,5155.37億円
8252,2019-10-03,2262,2285,09:01,2251,11:04,2266,683400株,1548百万円,-39,-1.69,2264.63円,1592回,5068.15億円
8252,2019-10-04,2262,2289,13:47,2259,09:00,2283,721300株,1642百万円,+17,+0.75,2275.986円,1736回,5106.17億円
8252,2019-10-07,2285,2293,09:01,2262,13:26,2283,461900株,1054百万円,0,0,2280.91円,1019回,5106.17億円
8252,2019-10-08,2310,2332,09:21,2297,12:33,2311,967800株,2240百万円,+28,+1.23,2314.422円,2741回,5168.79億円
8252,2019-10-09,2300,2310,09:20,2287,13:33,2295,656400株,1508百万円,-16,-0.69,2297.402円,1712回,5133.01億円
8252,2019-10-10,2302,2306,09:02,2266,09:37,2289,580400株,1328百万円,-6,-0.26,2287.552円,1590回,5119.59億円
8252,2019-10-11,2329,2342,09:00,2293,12:40,2298,965500株,2232百万円,+9,+0.39,2311.334円,1840回,5139.72億円
8252,2019-10-15,2328,2355,10:40,2313,09:00,2339,701000株,1641百万円,+41,+1.78,2340.801円,1759回,5231.42億円
8252,2019-10-16,2379,2422,09:25,2367,09:00,2406,992100株,2384百万円,+67,+2.86,2403.365円,2214回,5381.27億円
8252,2019-10-17,2388,2420,10:15,2371,09:00,2410,634500株,1528百万円,+4,+0.17,2407.536円,1412回,5390.22億円
8252,2019-10-18,2422,2434,09:04,2365,14:42,2371,898100株,2141百万円,-39,-1.62,2384.006円,2148回,5302.99億円
8252,2019-10-21,2373,2422,13:01,2371,09:00,2416,516000株,1244百万円,+45,+1.90,2410.959円,1037回,5403.64億円
8252,2019-10-23,2435,2458,15:00,2420,09:19,2458,777300株,1903百万円,+42,+1.74,2448.345円,1726回,5497.57億円
8252,2019-10-24,2455,2479,13:06,2443,09:03,2473,805200株,1987百万円,+15,+0.61,2468.328円,1782回,5531.12億円
8252,2019-10-25,2495,2520,13:25,2487,10:24,2501,1074300株,2687百万円,+28,+1.13,2500.707円,2411回,5593.75億円
8252,2019-10-28,2501,2501,09:00,2456,14:12,2460,689900株,1705百万円,-41,-1.64,2471.29円,1744回,5502.05億円
8252,2019-10-29,2460,2463,09:00,2433,10:50,2446,1095600株,2680百万円,-14,-0.57,2446.155円,2946回,5470.73億円
8252,2019-10-30,2444,2448,09:22,2404,13:45,2418,989200株,2397百万円,-28,-1.14,2423.008円,2734回,5408.11億円
8252,2019-10-31,2432,2440,09:45,2407,14:26,2417,911500株,2206百万円,0,0,2420.015円,2090回,5405.87億円
8252,2019-11-01,2417,2438,10:01,2403,10:39,2436,719200株,1746百万円,+19,+0.79,2427.057円,1772回,5448.37億円
8252,2019-11-05,2444,2461,15:00,2412,10:50,2461,1124700株,2751百万円,+25,+1.03,2445.678円,2339回,5504.28億円
8252,2019-11-06,2490,2512,10:55,2468,09:10,2493,1093800株,2723百万円,+32,+1.30,2489.785円,2698回,5575.85億円
8252,2019-11-07,2500,2501,09:12,2451,13:26,2478,1118400株,2764百万円,-15,-0.60,2471.411円,3337回,5542.31億円
8252,2019-11-08,2578,2688,09:21,2519,14:49,2530,2715200株,7008百万円,+52,+2.10,2580.932円,6816回,5658.61億円
8252,2019-11-11,2493,2565,12:34,2493,09:00,2556,779300株,1982百万円,+26,+1.03,2543.431円,1871回,5716.76億円
8252,2019-11-12,2564,2581,09:09,2537,10:47,2579,766500株,1965百万円,+23,+0.90,2564.099円,1916回,5768.20億円
8252,2019-11-13,2579,2579,09:00,2503,10:48,2523,751900株,1905百万円,-56,-2.17,2533.016円,2646回,5642.95億円
8252,2019-11-14,2536,2544,10:51,2506,13:04,2530,476000株,1203百万円,+5,+0.20,2527.754円,1381回,5658.61億円
8252,2019-11-15,2560,2597,13:25,2546,09:00,2579,816300株,2104百万円,+49,+1.94,2577.721円,2343回,5768.20億円
8252,2019-11-18,2596,2611,10:04,2572,09:06,2600,1172000株,3039百万円,+21,+0.81,2593.293円,3400回,5815.17億円
8252,2019-11-19,2601,2645,14:56,2591,09:00,2644,556300株,1464百万円,+44,+1.69,2630.999円,1368回,5913.58億円
8252,2019-11-20,2620,2652,15:00,2611,09:00,2652,651100株,1718百万円,+8,+0.30,2639.012円,1761回,5931.47億円
8252,2019-11-21,2637,2659,14:50,2614,10:49,2651,931600株,2462百万円,-1,-0.04,2642.838円,2567回,5929.24億円
8252,2019-11-22,2651,2689,10:23,2642,09:00,2683,863800株,2314百万円,+32,+1.21,2678.837円,2055回,6000.81億円
8252,2019-11-25,2708,2711,10:21,2681,09:48,2695,473500株,1277百万円,+12,+0.45,2697.354円,1345回,6027.65億円
8252,2019-11-26,2685,2689,09:59,2659,09:16,2670,766300株,2049百万円,-25,-0.93,2674.383円,2038回,5971.73億円
8252,2019-11-27,2677,2687,09:02,2633,14:49,2640,915200株,2425百万円,-30,-1.12,2649.718円,2253回,5904.64億円
8252,2019-11-28,2656,2691,09:03,2645,09:00,2657,633700株,1685百万円,+17,+0.64,2658.933円,1807回,5942.66億円
8252,2019-11-29,2657,2664,09:01,2630,14:31,2634,738500株,1951百万円,-23,-0.87,2641.818円,1529回,5891.22億円
8252,2019-12-02,2638,2676,10:10,2623,09:02,2651,443100株,1176百万円,+17,+0.65,2653.141円,1247回,5929.24億円
8252,2019-12-03,2633,2659,09:39,2628,09:01,2654,728900株,1931百万円,+3,+0.11,2649.042円,1945回,5935.95億円
8252,2019-12-05,2656,2672,09:30,2635,12:35,2648,704100株,1867百万円,+3,+0.11,2651.424円,2019回,5922.53億円
8252,2019-12-06,2663,2664,09:00,2633,09:49,2647,493200株,1305百万円,-1,-0.04,2646.428円,1364回,5920.29億円
8252,2019-12-09,2679,2684,09:04,2660,14:38,2663,620100株,1655百万円,+16,+0.60,2668.536円,1454回,5956.08億円
8252,2019-12-10,2646,2670,09:53,2631,09:28,2659,686800株,1825百万円,-4,-0.15,2657.968円,1916回,5947.13億円
8252,2019-12-13,2705,2745,09:17,2684,12:59,2692,1429600株,3864百万円,+25,+0.94,2702.616円,2020回,6020.94億円
8252,2019-12-16,2690,2706,09:16,2685,13:03,2699,618700株,1668百万円,+7,+0.26,2695.722円,1586回,6036.59億円
8252,2019-12-17,2699,2700,09:00,2671,10:31,2681,796000株,2135百万円,-18,-0.67,2681.961円,1742回,5996.34億円
8252,2019-12-18,2692,2699,09:53,2657,14:12,2662,867000株,2317百万円,-19,-0.71,2671.872円,2164回,5953.84億円
8252,2019-12-19,2643,2658,09:18,2612,12:35,2619,900500株,2364百万円,-43,-1.62,2625.183円,2642回,5857.67億円
8252,2019-12-20,2625,2642,09:26,2605,15:00,2605,836600株,2186百万円,-14,-0.53,2613.528円,1422回,5826.35億円
8252,2019-12-23,2605,2636,10:51,2605,09:00,2622,477500株,1252百万円,+17,+0.65,2622.084円,1112回,5864.38億円
8252,2019-12-24,2636,2661,09:09,2635,09:38,2648,491100株,1300百万円,+26,+0.99,2646.868円,1224回,5922.53億円
8252,2019-12-25,2630,2644,13:12,2613,09:03,2630,314100株,826百万円,-18,-0.68,2630.196円,912回,5882.27億円
8252,2019-12-26,2638,2659,09:13,2629,09:00,2650,322600株,854百万円,+20,+0.76,2648.372円,879回,5927.00億円
8252,2019-12-27,2650,2690,13:24,2641,09:00,2669,425900株,1137百万円,+19,+0.72,2670.511円,1045回,5969.50億円
8252,2019-12-30,2678,2689,09:00,2650,09:10,2668,529000株,1412百万円,-1,-0.04,2669.517円,1078回,5967.26億円
8252,2020-01-06,2639,2703,13:49,2636,09:01,2685,754100株,2019百万円,+17,+0.64,2677.503円,2090回,6005.28億円
8252,2020-01-07,2693,2749,14:52,2687,09:01,2744,793500株,2168百万円,+59,+2.20,2732.523円,1906回,6137.24億円
8252,2020-01-08,2694,2699,09:00,2628,09:41,2657,790800株,2102百万円,-87,-3.17,2658.299円,2143回,5942.66億円
8252,2020-01-09,2698,2758,14:49,2696,09:00,2752,728900株,1995百万円,+95,+3.58,2737.471円,1935回,6155.13億円
8252,2020-01-10,2773,2795,09:34,2761,09:00,2776,706000株,1960百万円,+24,+0.87,2775.786円,1435回,6208.81億円
8252,2020-01-14,2752,2752,09:00,2716,09:25,2737,712900株,1952百万円,-39,-1.40,2737.743円,1927回,6121.59億円
8252,2020-01-15,2727,2743,14:52,2716,09:00,2735,611600株,1671百万円,-2,-0.07,2732.378円,2037回,6117.11億円
8252,2020-01-16,2743,2773,09:14,2736,09:00,2749,483500株,1330百万円,+14,+0.51,2751.169円,1425回,6148.42億円
8252,2020-01-17,2737,2758,09:00,2701,14:59,2702,896800株,2433百万円,-47,-1.71,2712.678円,2266回,6043.30億円
8252,2020-01-20,2680,2688,13:14,2661,09:17,2671,744500株,1989百万円,-31,-1.15,2671.991円,2067回,5973.97億円
8252,2020-01-21,2672,2711,10:09,2656,14:54,2662,802400株,2144百万円,-9,-0.34,2672.325円,1934回,5953.84億円
8252,2020-01-22,2641,2666,09:49,2625,09:14,2656,735100株,1949百万円,-6,-0.23,2650.84円,1890回,5940.42億円
8252,2020-01-23,2655,2672,09:04,2590,13:33,2604,1277900株,3336百万円,-52,-1.96,2610.773円,2701回,5824.12億円
8252,2020-01-24,2618,2635,09:00,2600,09:58,2619,862700株,2258百万円,+15,+0.58,2616.873円,2164回,5857.67億円
8252,2020-01-27,2550,2581,14:00,2540,09:05,2579,640100株,1642百万円,-40,-1.53,2564.513円,1653回,5768.20億円
8252,2020-01-28,2572,2572,09:00,2533,14:44,2540,881300株,2242百万円,-39,-1.51,2544.138円,2286回,5680.97億円
8252,2020-01-29,2520,2565,14:39,2515,09:00,2562,638700株,1629百万円,+22,+0.87,2549.831円,1668回,5730億円
8252,2020-01-30,2561,2594,09:10,2503,14:20,2519,819700株,2076百万円,-43,-1.68,2533.08円,2021回,5634億円
8252,2020-01-31,2539,2566,12:57,2516,09:29,2543,879400株,2238百万円,+24,+0.95,2545.152円,2111回,5688億円
8252,2020-02-03,2500,2513,10:34,2471,14:51,2480,686700株,1707百万円,-63,-2.48,2486.333円,1630回,5547億円
8252,2020-02-04,2466,2493,14:49,2452,09:04,2490,782600株,1942百万円,+10,+0.40,2481.876円,1849回,5569億円
8252,2020-02-05,2512,2522,09:14,2478,14:22,2487,1252600株,3126百万円,-3,-0.12,2495.328円,3112回,5562億円
8252,2020-02-06,2543,2552,09:03,2498,14:15,2519,1363700株,3434百万円,+32,+1.29,2518.478円,3188回,5634億円
8252,2020-02-07,2425,2470,09:03,2371,10:01,2387,2036500株,4890百万円,-132,-5.24,2401.144円,5843回,5339億円
8252,2020-02-10,2387,2464,11:19,2382,09:00,2442,1142500株,2788百万円,+55,+2.30,2440.506円,3137回,5462億円
8252,2020-02-10,2466,2524,09:22,2444,12:35,2469,1356000株,3363百万円,+27,+1.11,2480.254円,3732回,5522億円
8252,2020-02-13,2499,2537,13:06,2495,09:00,2523,1141300株,2877百万円,+54,+2.19,2520.662円,2770回,5643億円
8252,2020-02-14,2519,2537,09:01,2471,13:55,2485,816400株,2040百万円,-38,-1.51,2498.26円,2054回,5558億円
8252,2020-02-17,2459,2459,09:00,2397,09:13,2425,1108900株,2688百万円,-60,-2.41,2424.257円,2712回,5424億円
8252,2020-02-17,2403,2420,09:00,2372,12:59,2383,1003600株,2398百万円,-42,-1.73,2389.706円,2337回,5330億円
8252,2020-02-18,2406,2425,09:00,2390,10:21,2406,646600株,1556百万円,+23,+0.97,2405.991円,1421回,5381億円
8252,2020-02-20,2432,2439,09:01,2367,14:35,2371,651500株,1557百万円,-35,-1.45,2389.854円,1906回,5303億円
8252,2020-02-21,2371,2379,09:00,2337,11:26,2345,778100株,1832百万円,-26,-1.10,2355.095円,2096回,5245億円
8252,2020-02-25,2245,2270,11:19,2225,09:12,2257,1538500株,3465百万円,-88,-3.75,2251.905円,3483回,5048億円
8252,2020-02-26,2238,2249,12:45,2199,11:03,2242,1148100株,2562百万円,-15,-0.66,2231.734円,2530回,5014億円
8252,2020-02-27,2227,2230,09:02,2181,13:56,2200,1184900株,2605百万円,-42,-1.87,2198.088円,2673回,4921億円
8252,2020-02-28,2120,2137,09:05,2085,14:45,2106,1631000株,3437百万円,-94,-4.27,2107.212円,3049回,4710億円
