8303,2019-08-06,1650,1659,09:05,1621,12:30,1638,843500株,1382百万円,-32,-1.92,1638.334円,1676回
8303,2019-08-06,1580,1647,14:56,1574,09:03,1647,1677100株,2716百万円,+9,+0.55,1619.201円,3064回
8303,2019-08-07,1626,1647,10:17,1618,09:00,1629,883800株,1443百万円,-18,-1.09,1633.096円,1729回
8303,2019-08-08,1613,1630,14:57,1598,09:36,1627,815900株,1320百万円,-2,-0.12,1617.778円,1621回
8303,2019-08-09,1477,1496,09:10,1426,13:49,1435,4328100株,6289百万円,-192,-11.80,1453.072円,4132回
8303,2019-08-13,1410,1461,13:38,1402,09:06,1440,2420600株,3454百万円,+5,+0.35,1427.044円,2486回
8303,2019-08-14,1447,1453,09:02,1402,10:54,1432,2507300株,3575百万円,-8,-0.56,1425.811円,3256回
8303,2019-08-15,1420,1438,11:11,1406,09:14,1420,2299100株,3271百万円,-12,-0.84,1422.659円,2441回
8303,2019-08-16,1404,1411,09:10,1383,12:45,1392,2781200株,3884百万円,-28,-1.97,1396.566円,3572回
8303,2019-08-19,1400,1447,12:47,1390,09:00,1441,4419400株,6309百万円,+49,+3.52,1427.544円,5118回
8303,2019-08-20,1430,1450,10:32,1413,09:04,1430,8512000株,12187百万円,-11,-0.76,1431.685円,6282回
8303,2019-08-21,1415,1476,13:20,1401,09:00,1470,13744400株,19812百万円,+40,+2.80,1441.442円,10538回
8303,2019-08-22,1462,1469,09:06,1423,14:50,1430,4684900株,6744百万円,-40,-2.72,1439.589円,5940回
8303,2019-08-23,1446,1465,11:15,1437,09:10,1461,3670100株,5339百万円,+31,+2.17,1454.856円,3686回
8303,2019-08-26,1431,1446,09:10,1428,09:00,1432,4247000株,6099百万円,-29,-1.98,1435.977円,4603回
8303,2019-08-26,1443,1465,09:00,1426,09:24,1430,16775200株,24131百万円,-2,-0.14,1438.506円,6040回
8303,2019-08-28,1440,1450,09:53,1431,14:14,1434,3996600株,5753百万円,+4,+0.28,1439.516円,3208回
8303,2019-08-29,1447,1453,09:00,1422,12:30,1429,2171700株,3114百万円,-5,-0.35,1433.832円,2721回
8303,2019-08-30,1440,1454,14:59,1435,09:26,1454,2436900株,3529百万円,+25,+1.75,1448.199円,2355回
8303,2019-09-02,1453,1457,09:03,1448,09:00,1452,739200株,1073百万円,-2,-0.14,1451.913円,1326回
8303,2019-09-03,1455,1455,09:00,1439,11:20,1444,1080200株,1561百万円,-8,-0.55,1445.443円,1410回
8303,2019-09-03,1436,1441,09:03,1418,09:34,1423,1225900株,1747百万円,-21,-1.45,1424.995円,1992回
8303,2019-09-05,1440,1447,09:20,1429,13:18,1432,1849200株,2655百万円,+9,+0.63,1435.74円,2321回
8303,2019-09-05,1447,1457,09:42,1432,12:41,1437,1446900株,2088百万円,+5,+0.35,1442.999円,1731回
8303,2019-09-07,1439,1463,11:28,1438,09:03,1458,1746400株,2540百万円,+21,+1.46,1454.461円,1639回
8303,2019-09-10,1487,1531,09:47,1485,09:00,1526,3309800株,5017百万円,+68,+4.66,1515.806円,3599回
8303,2019-09-11,1561,1601,09:39,1559,09:00,1586,4385800株,6931百万円,+60,+3.93,1580.351円,4434回
8303,2019-09-12,1597,1598,09:00,1560,12:59,1568,2345800株,3685百万円,-18,-1.13,1570.941円,3117回
8303,2019-09-13,1550,1555,13:43,1515,09:19,1550,2494800株,3850百万円,-18,-1.15,1543.301円,3343回
8303,2019-09-17,1559,1594,10:45,1551,09:00,1579,1735700株,2741百万円,+29,+1.87,1579.44円,2486回
8303,2019-09-17,1551,1557,09:23,1535,12:44,1540,1403900株,2168百万円,-39,-2.47,1543.922円,1884回,3989.13億円
8303,2019-09-19,1567,1583,09:33,1557,12:49,1567,1794100株,2814百万円,+27,+1.75,1568.341円,2460回,4059.07億円
8303,2019-09-20,1550,1563,09:05,1534,14:59,1535,2269400株,3502百万円,-32,-2.04,1543.152円,2131回,3976.18億円
8303,2019-09-24,1530,1540,09:54,1517,09:10,1532,1795300株,2745百万円,-3,-0.20,1529.059円,2448回,3968.41億円
8303,2019-09-25,1508,1527,13:20,1492,10:12,1519,2143700株,3242百万円,-13,-0.85,1512.187円,2788回,3934.74億円
8303,2019-09-26,1548,1569,09:34,1537,09:06,1556,1557800株,2423百万円,+37,+2.44,1555.44円,2287回,4030.58億円
8303,2019-09-27,1571,1581,09:03,1549,13:49,1562,1398800株,2184百万円,+6,+0.39,1561.135円,2452回,4046.12億円
8303,2019-09-30,1556,1582,13:03,1553,09:01,1574,1737200株,2728百万円,+12,+0.77,1570.448円,2674回,4077.21億円
8303,2019-10-01,1570,1586,09:08,1565,11:28,1572,1229200株,1934百万円,-2,-0.13,1573.268円,1869回,4072.03億円
8303,2019-10-02,1553,1562,10:30,1540,11:21,1550,997400株,1546百万円,-22,-1.40,1550.009円,1980回,4015.04億円
8303,2019-10-03,1525,1529,09:00,1502,10:43,1523,950400株,1441百万円,-27,-1.74,1516.667円,1774回,3945.10億円
8303,2019-10-04,1501,1518,14:59,1484,09:27,1517,1245300株,1877百万円,-6,-0.39,1507.493円,1834回,3929.56億円
8303,2019-10-07,1525,1534,09:09,1514,09:57,1522,899600株,1370百万円,+5,+0.33,1522.48円,1459回,3942.51億円
8303,2019-10-08,1530,1537,14:45,1521,09:11,1535,1409600株,2158百万円,+13,+0.85,1530.786円,2109回,3976.18億円
8303,2019-10-09,1502,1521,14:59,1498,09:00,1521,944900株,1430百万円,-14,-0.91,1513.081円,1727回,3939.92億円
8303,2019-10-10,1515,1524,14:09,1504,09:40,1518,879300株,1333百万円,-3,-0.20,1515.627円,1676回,3932.15億円
8303,2019-10-11,1540,1570,12:33,1527,09:00,1567,1377800株,2147百万円,+49,+3.23,1558.227円,2180回,4059.07億円
8303,2019-10-15,1590,1620,10:19,1584,09:01,1608,2324600株,3739百万円,+41,+2.62,1608.421円,3067回,4165.28億円
8303,2019-10-16,1625,1635,09:01,1610,09:25,1623,1870700株,3035百万円,+15,+0.93,1622.636円,2863回,4204.13億円
8303,2019-10-17,1630,1631,09:00,1615,09:04,1620,939100株,1525百万円,-3,-0.18,1623.552円,1574回,4196.36億円
8303,2019-10-18,1622,1639,14:57,1619,09:02,1635,1047800株,1710百万円,+15,+0.93,1631.528円,1680回,4235.22億円
8303,2019-10-21,1650,1666,09:15,1646,09:03,1656,1873300株,3104百万円,+21,+1.28,1656.945円,2675回,4289.61億円
8303,2019-10-23,1680,1709,14:50,1665,09:20,1706,2278300株,3855百万円,+50,+3.02,1691.832円,3162回,4419.13億円
8303,2019-10-24,1700,1732,14:28,1694,09:11,1724,1770600株,3037百万円,+18,+1.06,1715.094円,3065回,4465.76億円
8303,2019-10-25,1713,1734,10:05,1710,09:24,1727,1299500株,2241百万円,+3,+0.17,1724.333円,1903回,4473.53億円
8303,2019-10-28,1736,1753,09:11,1702,12:52,1709,1510300株,2596百万円,-18,-1.04,1718.764円,2645回,4426.90億円
8303,2019-10-29,1726,1753,10:07,1723,09:00,1737,1007800株,1755百万円,+28,+1.64,1741.42円,1804回,4499.43億円
8303,2019-10-30,1736,1736,09:00,1705,12:59,1708,1502900株,2576百万円,-29,-1.67,1714.098円,2310回,4424.31億円
8303,2019-10-31,1701,1715,09:45,1690,11:07,1702,1080300株,1838百万円,-6,-0.35,1701.664円,1992回,4408.77億円
8303,2019-11-01,1678,1679,09:00,1659,09:40,1666,1413200株,2358百万円,-36,-2.12,1668.849円,1986回,4315.52億円
8303,2019-11-05,1712,1754,13:50,1706,10:12,1745,1428100株,2474百万円,+79,+4.74,1732.2円,2506回,4520.16億円
8303,2019-11-06,1765,1772,09:39,1753,09:16,1767,745300株,1315百万円,+22,+1.26,1765.057円,1376回,4577.14億円
8303,2019-11-07,1750,1774,14:59,1746,09:00,1774,819600株,1446百万円,+7,+0.40,1763.915円,1621回,4595.28億円
8303,2019-11-08,1795,1803,09:00,1775,10:09,1795,886800株,1589百万円,+21,+1.18,1791.389円,1479回,4649.67億円
8303,2019-11-11,1786,1797,09:49,1780,09:15,1782,763500株,1364百万円,-13,-0.72,1786.9円,1526回,4616.00億円
8303,2019-11-12,1788,1792,14:56,1770,10:34,1789,1156400株,2062百万円,+7,+0.39,1783.306円,2720回,4634.13億円
8303,2019-11-13,1787,1788,09:00,1770,14:03,1771,1256600株,2235百万円,-18,-1.01,1778.373円,2886回,4587.50億円
8303,2019-11-14,1757,1776,09:03,1685,12:59,1707,2025200株,3473百万円,-60,-3.40,1714.65円,4358回,4421.72億円
8303,2019-11-15,1720,1740,10:15,1712,09:25,1733,750700株,1299百万円,+26,+1.52,1729.772円,1701回,4489.07億円
8303,2019-11-18,1735,1743,09:08,1717,13:57,1730,786700株,1357百万円,-3,-0.17,1725.546円,1707回,4481.30億円
8303,2019-11-19,1730,1734,09:00,1712,14:49,1714,519800株,894百万円,-16,-0.92,1719.779円,1201回,4439.85億円
8303,2019-11-20,1702,1728,09:22,1700,09:00,1723,848800株,1460百万円,+9,+0.53,1720.365円,1715回,4463.17億円
8303,2019-11-21,1718,1732,14:45,1699,10:46,1730,784300株,1348百万円,+7,+0.41,1718.377円,1719回,4481.30億円
8303,2019-11-22,1728,1737,09:06,1711,14:59,1711,680700株,1171百万円,-19,-1.10,1719.71円,1399回,4432.08億円
8303,2019-11-25,1732,1742,10:59,1724,09:00,1735,503900株,874百万円,+24,+1.40,1734.39円,1226回,4494.25億円
8303,2019-11-26,1733,1770,14:59,1729,09:00,1766,1176000株,2070百万円,+31,+1.79,1760.208円,1973回,4574.55億円
8303,2019-11-27,1747,1754,09:04,1726,11:29,1739,759100株,1320百万円,-27,-1.53,1739.387円,1480回,4504.61億円
8303,2019-11-28,1764,1767,09:03,1719,14:08,1728,721800株,1252百万円,-11,-0.63,1734.993円,1434回,4476.12億円
8303,2019-11-29,1733,1738,09:44,1722,13:44,1723,639000株,1103百万円,-5,-0.29,1726.697円,1584回,4463.17億円
8303,2019-12-02,1717,1732,09:14,1714,14:22,1717,594600株,1023百万円,-6,-0.35,1720.094円,1053回,4447.63億円
8303,2019-12-03,1681,1691,10:13,1655,13:47,1672,2237800株,3736百万円,-45,-2.62,1669.716円,4252回,4331.06億円
8303,2019-12-05,1669,1689,13:37,1668,09:22,1686,649600株,1091百万円,+11,+0.66,1679.732円,1313回,4367.32億円
8303,2019-12-06,1702,1708,09:00,1682,11:19,1689,604200株,1021百万円,+3,+0.18,1689.741円,1253回,4375.10億円
8303,2019-12-09,1701,1708,09:01,1677,13:13,1680,704500株,1187百万円,-9,-0.53,1684.476円,1351回,4351.78億円
8303,2019-12-10,1680,1680,09:00,1658,14:59,1659,987900株,1644百万円,-21,-1.25,1664.017円,1398回,4297.39億円
8303,2019-12-13,1704,1735,12:30,1704,09:00,1727,1339700株,2303百万円,+58,+3.48,1719.046円,2002回,4473.53億円
8303,2019-12-16,1729,1737,09:01,1715,10:46,1720,748700株,1290百万円,-7,-0.41,1723.552円,1290回,4455.40億円
8303,2019-12-17,1718,1722,09:00,1705,09:46,1721,997700株,1712百万円,+1,+0.06,1716.302円,1514回,4457.99億円
8303,2019-12-18,1719,1722,09:00,1679,14:19,1686,1124700株,1907百万円,-35,-2.03,1695.728円,2004回,4367.32億円
8303,2019-12-19,1673,1679,09:00,1661,10:56,1670,1226100株,2048百万円,-16,-0.95,1670.526円,1693回,4325.88億円
8303,2019-12-20,1660,1682,09:03,1650,10:37,1658,1736300株,2881百万円,-12,-0.72,1659.396円,2365回,4294.80億円
8303,2019-12-23,1657,1679,09:57,1651,09:00,1667,782300株,1305百万円,+9,+0.54,1667.922円,1221回,4318.11億円
8303,2019-12-24,1680,1687,09:02,1664,13:10,1670,428000株,715百万円,+3,+0.18,1671.672円,832回,4325.88億円
8303,2019-12-25,1678,1678,09:00,1645,13:44,1648,286300株,473百万円,-22,-1.32,1653.557円,472回,4268.89億円
8303,2019-12-26,1647,1677,14:17,1646,09:00,1676,512600株,855百万円,+28,+1.70,1668.476円,794回,4341.42億円
8303,2019-12-27,1672,1704,13:22,1672,09:00,1699,496800株,841百万円,+23,+1.37,1692.137円,759回,4401.00億円
8303,2019-12-30,1681,1687,11:00,1668,09:09,1675,513300株,861百万円,-24,-1.41,1677.004円,908回,4338.83億円
8303,2020-01-06,1635,1679,14:49,1635,09:00,1670,1462300株,2436百万円,-5,-0.30,1665.994円,2325回,4325.88億円
8303,2020-01-07,1675,1684,09:02,1665,09:20,1675,1040400株,1742百万円,+5,+0.30,1674.798円,1311回,4338.83億円
8303,2020-01-08,1640,1665,13:43,1624,09:18,1653,1370700株,2254百万円,-22,-1.31,1644.686円,2259回,4281.84億円
8303,2020-01-09,1672,1674,09:00,1652,10:55,1660,1032400株,1715百万円,+7,+0.42,1660.725円,1451回,4299.98億円
8303,2020-01-10,1659,1685,09:34,1659,09:00,1674,946000株,1583百万円,+14,+0.84,1673.37円,1301回,4336.24億円
8303,2020-01-14,1665,1667,09:00,1626,13:24,1632,2465500株,4044百万円,-42,-2.51,1640.049円,2324回,4227.45億円
8303,2020-01-15,1614,1624,14:48,1602,09:12,1622,1615900株,2609百万円,-10,-0.61,1614.518円,2360回,4201.54億円
8303,2020-01-16,1609,1625,11:13,1602,09:08,1616,1377500株,2222百万円,-6,-0.37,1613.325円,2022回,4186.00億円
8303,2020-01-17,1628,1676,13:25,1620,09:08,1666,1513600株,2507百万円,+50,+3.09,1656.331円,2088回,4315.52億円
8303,2020-01-20,1673,1709,09:45,1671,09:00,1693,1190400株,2018百万円,+27,+1.62,1694.841円,1427回,4385.46億円
8303,2020-01-21,1692,1704,10:01,1685,09:00,1700,862300株,1464百万円,+7,+0.41,1697.278円,1414回,4403.59億円
8303,2020-01-22,1686,1701,09:45,1675,09:00,1686,1109000株,1871百万円,-14,-0.82,1687.299円,1653回,4367.32億円
8303,2020-01-23,1688,1736,10:56,1682,09:00,1715,1570900株,2696百万円,+29,+1.72,1716.193円,2599回,4442.44億円
8303,2020-01-24,1715,1743,14:32,1708,09:00,1735,1075400株,1859百万円,+20,+1.17,1728.438円,1447回,4494.25億円
8303,2020-01-27,1683,1693,09:03,1626,11:28,1645,4219100株,6975百万円,-90,-5.19,1653.261円,4995回,4261.12億円
8303,2020-01-28,1636,1687,14:58,1635,09:00,1681,1781400株,2976百万円,+36,+2.19,1670.87円,2463回,4354.37億円
8303,2020-01-29,1692,1707,09:12,1668,14:46,1677,1456000株,2452百万円,-4,-0.24,1684.284円,2388回,4344億円
8303,2020-01-30,1658,1671,09:06,1628,14:20,1647,1339700株,2207百万円,-30,-1.79,1647.669円,1938回,4266億円
8303,2020-01-31,1682,1720,13:04,1673,09:00,1690,2548500株,4327百万円,+43,+2.61,1697.817円,3669回,4378億円
8303,2020-02-03,1675,1709,12:42,1671,09:01,1690,1112200株,1882百万円,0,0,1691.916円,1919回,4378億円
8303,2020-02-04,1699,1718,10:36,1678,09:01,1707,1444500株,2465百万円,+17,+1.01,1706.379円,2228回,4422億円
8303,2020-02-05,1716,1748,13:26,1699,09:00,1733,1116600株,1931百万円,+26,+1.52,1729.768円,1709回,4489億円
8303,2020-02-06,1751,1765,09:03,1729,10:43,1752,1169900株,2044百万円,+19,+1.10,1746.794円,1803回,4538億円
8303,2020-02-07,1720,1742,09:09,1715,09:00,1729,1014600株,1754百万円,-23,-1.31,1728.304円,1519回,4479億円
8303,2020-02-10,1715,1732,09:43,1705,14:20,1706,798400株,1368百万円,-23,-1.33,1713.254円,1329回,4419億円
8303,2020-02-10,1700,1730,14:59,1694,09:00,1728,976400株,1674百万円,+22,+1.29,1714.314円,1396回,4476億円
8303,2020-02-13,1733,1734,09:00,1691,14:37,1698,798800株,1360百万円,-30,-1.74,1702.88円,1197回,4398億円
8303,2020-02-14,1698,1713,14:50,1689,09:07,1713,680800株,1160百万円,+15,+0.88,1704.26円,1393回,4437億円
8303,2020-02-17,1696,1705,09:05,1683,12:40,1692,496100株,839百万円,-21,-1.23,1691.115円,1138回,4383億円
8303,2020-02-17,1686,1689,09:00,1665,12:53,1676,479200株,802百万円,-16,-0.95,1674.26円,777回,4341億円
8303,2020-02-18,1688,1688,09:00,1661,09:48,1676,626400株,1049百万円,0,0,1675.098円,1154回,4341億円
8303,2020-02-20,1693,1708,10:48,1688,09:00,1690,984000株,1669百万円,+14,+0.84,1696.491円,1785回,4378億円
8303,2020-02-21,1690,1703,09:09,1668,14:59,1668,806000株,1354百万円,-22,-1.30,1679.412円,1535回,4321億円
8303,2020-02-25,1611,1633,10:18,1610,09:03,1618,1314800株,2130百万円,-50,-3.00,1620.105円,1949回,4191億円
8303,2020-02-26,1601,1624,14:57,1590,10:09,1619,1058500株,1705百万円,+1,+0.06,1610.308円,1491回,4194億円
8303,2020-02-27,1539,1547,09:03,1487,09:19,1500,3117200株,4686百万円,-119,-7.35,1503.237円,4385回,3886億円
8303,2020-02-28,1461,1464,09:01,1418,12:48,1437,2837000株,4078百万円,-63,-4.20,1437.576円,4448回,3722億円
