8306,2019-08-06,517.0,518.4,09:02,510.4,12:30,514.7,51974000株,26743百万円,-7.2,-1.38,514.537円,18274回
8306,2019-08-06,501.1,512.8,14:53,500.4,09:04,512.1,55079900株,27944百万円,-2.6,-0.51,507.344円,19673回
8306,2019-08-07,514.0,514.8,09:14,510.1,09:01,512.6,38623800株,19801百万円,+0.5,+0.10,512.676円,11936回
8306,2019-08-08,510.1,511.5,12:30,507.9,09:08,510.4,33642100株,17154百万円,-2.2,-0.43,509.902円,11517回
8306,2019-08-09,512.6,512.9,09:00,507.3,10:23,509.9,32424700株,16528百万円,-0.5,-0.10,509.74円,11429回
8306,2019-08-13,504.1,505.3,09:00,500.5,09:43,504.2,41510900株,20891百万円,-5.7,-1.12,503.26円,11898回
8306,2019-08-14,506.8,508.2,09:05,503.2,14:51,504.5,32813400株,16570百万円,+0.3,+0.06,504.979円,9652回
8306,2019-08-15,496.6,500.0,11:30,492.2,09:33,499.0,60750000株,30182百万円,-5.5,-1.09,496.819円,17950回
8306,2019-08-16,497.0,499.4,14:27,494.3,09:10,498.8,33525900株,16679百万円,-0.2,-0.04,497.488円,11210回
8306,2019-08-19,502.8,505.6,09:05,502.5,09:00,505.3,30689000株,15479百万円,+6.5,+1.30,504.398円,10264回
8306,2019-08-20,507.0,507.8,09:00,505.3,10:16,507.1,26541400株,13448百万円,+1.8,+0.36,506.668円,8845回
8306,2019-08-21,501.4,502.5,09:00,500.0,12:31,501.8,32873400株,16484百万円,-5.3,-1.05,501.445円,10135回
8306,2019-08-22,502.0,502.8,09:00,499.5,09:50,500.5,32270000株,16157百万円,-1.3,-0.26,500.678円,7882回
8306,2019-08-23,500.3,504.3,11:02,500.2,09:02,502.4,26720400株,13430百万円,+1.9,+0.38,502.624円,8621回
8306,2019-08-26,493.0,497.0,14:48,490.5,09:09,495.7,49810900株,24612百万円,-6.7,-1.33,494.103円,15088回
8306,2019-08-26,501.4,502.7,09:09,496.4,14:42,497.2,34745100株,17336百万円,+1.5,+0.30,498.957円,10495回
8306,2019-08-28,496.0,499.6,14:11,495.6,09:00,498.4,27569000株,13733百万円,+1.2,+0.24,498.144円,10540回
8306,2019-08-29,501.2,502.4,14:31,499.1,11:15,500.5,39911400株,19987百万円,+2.1,+0.42,500.789円,10589回
8306,2019-08-30,506.9,510.5,14:59,505.0,09:03,510.4,46070400株,23432百万円,+9.9,+1.98,508.608円,11723回
8306,2019-09-02,507.2,512.8,11:05,507.1,09:00,511.8,25038200株,12796百万円,+1.4,+0.27,511.071円,9998回
8306,2019-09-03,510.4,512.5,13:55,509.6,09:23,511.2,22729800株,11621百万円,-0.6,-0.12,511.257円,8056回
8306,2019-09-03,508.5,509.9,14:58,505.6,09:47,508.5,29722700株,15104百万円,-2.7,-0.53,508.18円,9339回
8306,2019-09-05,511.0,518.9,11:14,511.0,09:00,515.8,49617700株,25604百万円,+7.3,+1.44,516.031円,13087回
8306,2019-09-05,523.0,526.7,10:06,519.6,14:54,519.8,52700200株,27560百万円,+4.0,+0.78,522.955円,13508回
8306,2019-09-07,520.9,525.4,14:04,520.7,09:00,525.0,41336700株,21657百万円,+5.2,+1.00,523.921円,9699回
8306,2019-09-10,535.0,546.9,14:36,535.0,09:00,545.8,105319000株,57192百万円,+20.8,+3.96,543.034円,23726回
8306,2019-09-11,565.8,571.3,14:08,561.7,09:15,570.0,136874000株,77731百万円,+24.2,+4.43,567.905円,32013回
8306,2019-09-12,570.7,571.2,12:53,560.8,09:41,568.3,80996600株,45991百万円,-1.7,-0.30,567.812円,18761回
8306,2019-09-13,568.3,568.5,14:59,560.8,09:19,567.5,78544700株,44459百万円,-0.8,-0.14,566.032円,15181回
8306,2019-09-17,567.0,577.8,10:10,566.1,09:00,571.7,71452400株,40916百万円,+4.2,+0.74,572.638円,16959回
8306,2019-09-17,565.5,568.5,09:01,562.5,12:44,566.0,42644900株,24112百万円,-5.7,-1.00,565.406円,14305回,77359.58億円
8306,2019-09-19,574.0,577.2,09:02,564.6,14:31,565.1,64566100株,36788百万円,-0.9,-0.16,569.78円,19506回,77236.57億円
8306,2019-09-20,566.0,568.7,10:12,564.2,09:02,566.8,41470800株,23494百万円,+1.7,+0.30,566.522円,9944回,77468.92億円
8306,2019-09-24,566.9,569.1,09:00,564.7,13:34,566.2,37048600株,20976百万円,-0.6,-0.11,566.171円,10946回,77386.92億円
8306,2019-09-25,561.4,566.8,12:31,559.3,09:03,565.5,38209600株,21565百万円,-0.7,-0.12,564.379円,12421回,77291.24億円
8306,2019-09-26,569.6,570.6,09:02,565.5,14:59,567.1,52465600株,29779百万円,+1.6,+0.28,567.593円,13795回,77509.93億円
8306,2019-09-27,558.0,558.8,09:00,549.4,12:31,554.1,52603900株,29104百万円,-13.0,-2.29,553.259円,14762回,75733.12億円
8306,2019-09-30,554.1,554.6,09:00,545.3,13:18,548.4,49521000株,27173百万円,-5.7,-1.03,548.721円,18987回,74954.05億円
8306,2019-10-01,550.5,555.6,13:19,550.5,09:00,552.8,40715900株,22521百万円,+4.4,+0.80,553.133円,14348回,75555.44億円
8306,2019-10-02,543.0,550.6,14:28,542.6,09:00,550.0,37472500株,20521百万円,-2.8,-0.51,547.619円,13372回,75172.74億円
8306,2019-10-03,541.0,544.9,09:09,536.7,09:50,541.9,51175000株,27642百万円,-8.1,-1.47,540.145円,18127回,74065.65億円
8306,2019-10-04,538.2,538.5,09:00,535.1,09:10,537.7,42477800株,22803百万円,-4.2,-0.78,536.814円,14867回,73491.60億円
8306,2019-10-07,538.3,539.0,09:02,530.1,10:05,532.8,33689300株,17965百万円,-4.9,-0.91,533.263円,10007回,72821.88億円
8306,2019-10-08,536.1,537.3,12:35,534.2,14:29,535.4,29947300株,16044百万円,+2.6,+0.49,535.739円,10583回,73177.24億円
8306,2019-10-09,528.0,532.0,14:59,527.5,09:01,531.6,31079400株,16484百万円,-3.8,-0.71,530.384円,9017回,72657.87億円
8306,2019-10-10,526.7,529.8,14:59,522.1,09:37,529.7,40148300株,21145百万円,-1.9,-0.36,526.666円,16911回,72398.18億円
8306,2019-10-11,537.0,538.9,09:01,534.3,14:52,535.3,37707900株,20203百万円,+5.6,+1.06,535.766円,12720回,73163.58億円
8306,2019-10-15,544.8,546.8,09:00,542.0,09:36,543.2,52303900株,28440百万円,+7.9,+1.48,543.75円,12768回,74243.33億円
8306,2019-10-16,552.0,555.7,09:17,548.7,14:51,550.3,59622900株,32894百万円,+7.1,+1.31,551.702円,16548回,75213.74億円
8306,2019-10-17,551.4,552.0,09:00,546.7,14:41,546.9,36838000株,20197百万円,-3.4,-0.62,548.271円,9084回,74749.04億円
8306,2019-10-18,549.0,550.7,09:30,545.6,12:48,547.0,29361500株,16082百万円,+0.1,+0.02,547.713円,8876回,74762.70億円
8306,2019-10-21,553.9,557.2,13:03,551.4,09:03,555.3,45450100株,25208百万円,+8.3,+1.52,554.62円,15917回,75897.13億円
8306,2019-10-23,558.0,560.4,14:53,554.3,09:17,559.6,44103200株,24608百万円,+4.3,+0.77,557.969円,12359回,76484.84億円
8306,2019-10-24,562.5,565.7,13:36,561.2,09:08,564.2,39776800株,22428百万円,+4.6,+0.82,563.837円,11928回,77113.56億円
8306,2019-10-25,564.2,566.6,09:01,561.3,09:30,564.9,28706400株,16187百万円,+0.7,+0.12,563.868円,9723回,77209.24億円
8306,2019-10-28,569.9,570.5,09:09,566.3,14:59,566.4,29887400株,16978百万円,+1.5,+0.27,568.07円,9038回,77414.25億円
8306,2019-10-29,571.5,579.3,12:33,571.2,09:00,576.5,53595700株,30855百万円,+10.1,+1.78,575.7円,13462回,78794.70億円
8306,2019-10-30,572.7,576.0,14:59,572.2,09:03,575.7,47888300株,27497百万円,-0.8,-0.14,574.182円,10899回,78685.35億円
8306,2019-10-31,573.0,575.6,12:50,564.4,11:10,569.8,51909000株,29582百万円,-5.9,-1.02,569.879円,15462回,77878.96億円
8306,2019-11-01,562.2,567.0,10:51,561.6,09:00,565.9,40595400株,22930百万円,-3.9,-0.68,564.834円,11794回,77345.91億円
8306,2019-11-05,575.9,579.0,13:52,569.5,09:57,577.2,62832400株,36177百万円,+11.3,+2.00,575.768円,16101回,78890.37億円
8306,2019-11-06,586.3,587.1,09:43,580.6,11:23,582.5,49029100株,28609百万円,+5.3,+0.92,583.506円,13627回,79614.76億円
8306,2019-11-07,579.6,584.3,09:35,579.2,13:51,581.4,37843400株,22004百万円,-1.1,-0.19,581.44円,10834回,79464.42億円
8306,2019-11-08,591.0,592.3,09:54,586.1,11:21,590.5,66085300株,38978百万円,+9.1,+1.57,589.812円,17968回,80708.18億円
8306,2019-11-11,594.0,595.9,09:42,591.7,09:15,592.7,43666800株,25908百万円,+2.2,+0.37,593.314円,14133回,81008.88億円
8306,2019-11-12,591.2,593.2,14:59,587.3,12:31,592.7,36616200株,21621百万円,0,0,590.475円,11280回,81008.88億円
8306,2019-11-13,590.9,592.3,09:01,586.1,13:14,586.8,33483100株,19712百万円,-5.9,-1.00,588.708円,11479回,80202.48億円
8306,2019-11-14,587.0,589.9,09:08,576.2,13:15,578.0,55975800株,32533百万円,-8.9,-1.52,581.192円,15505回,78999.71億円
8306,2019-11-15,575.1,585.6,11:06,575.0,09:04,582.5,44379900株,25797百万円,+4.5,+0.78,581.276円,14163回,79614.76億円
8306,2019-11-18,582.0,583.8,11:01,579.4,09:14,582.1,31519200株,18329百万円,-0.4,-0.07,581.522円,9988回,79560.09億円
8306,2019-11-19,582.1,582.5,09:00,577.8,10:09,580.1,28899400株,16766百万円,-2.0,-0.34,580.134円,8849回,79286.74億円
8306,2019-11-20,578.8,580.8,09:40,571.4,14:32,572.2,47908900株,27513百万円,-7.9,-1.36,574.284円,12860回,78206.98億円
8306,2019-11-21,571.4,575.0,09:16,562.8,10:46,571.9,43522600株,24783百万円,-0.3,-0.05,569.432円,14004回,78165.98億円
8306,2019-11-22,571.9,576.1,11:01,570.5,09:03,572.7,32512800株,18645百万円,+0.8,+0.14,573.466円,9986回,78275.32億円
8306,2019-11-25,578.2,579.0,09:00,575.2,14:17,577.2,28396800株,16387百万円,+4.5,+0.79,577.073円,8507回,78890.37億円
8306,2019-11-26,580.0,581.4,10:47,576.0,14:59,576.0,47283800株,27331百万円,-1.2,-0.21,578.011円,10919回,78726.36億円
8306,2019-11-27,577.0,579.4,14:59,575.9,09:48,579.1,28409900株,16416百万円,+3.1,+0.54,577.842円,9322回,79150.06億円
8306,2019-11-28,579.1,581.1,09:02,577.5,09:36,579.4,28275000株,16386百万円,+0.3,+0.05,579.524円,8370回,79191.06億円
8306,2019-11-29,581.2,581.9,09:55,577.9,14:31,578.1,28709200株,16632百万円,-1.3,-0.22,579.327円,8064回,79013.38億円
8306,2019-12-02,581.4,583.8,09:12,580.1,09:01,582.1,32027300株,18654百万円,+4.0,+0.69,582.43円,8818回,79560.09億円
8306,2019-12-03,576.4,581.4,10:06,575.8,09:00,581.0,33329600株,19298百万円,-1.1,-0.19,579.015円,11393回,79409.75億円
8306,2019-12-05,583.0,586.2,12:47,582.3,09:33,584.5,44767800株,26152百万円,+5.7,+0.98,584.164円,11321回,79888.12億円
8306,2019-12-06,584.8,587.6,09:00,582.4,13:22,584.7,34729000株,20306百万円,+0.2,+0.03,584.692円,9408回,79915.45億円
8306,2019-12-09,588.0,589.2,09:03,585.6,10:08,587.5,36864300株,21650百万円,+2.8,+0.48,587.276円,8747回,80298.15億円
8306,2019-12-10,588.0,589.4,09:01,585.2,10:55,586.8,33089100株,19427百万円,-0.7,-0.12,587.106円,10052回,80202.48億円
8306,2019-12-13,590.0,599.8,12:30,588.8,09:00,595.7,124520000株,73957百万円,+15.6,+2.69,593.936円,20931回,81418.91億円
8306,2019-12-16,592.5,595.6,09:01,591.0,10:28,593.0,38957400株,23101百万円,-2.7,-0.45,592.985円,9969回,81049.88億円
8306,2019-12-17,597.4,600.0,15:00,594.2,09:28,600.0,53507600株,31985百万円,+7.0,+1.18,597.764円,10839回,82006.62億円
8306,2019-12-18,599.7,602.8,11:07,597.8,09:21,599.2,51006500株,30606百万円,-0.8,-0.13,600.04円,11017回,81897.28億円
8306,2019-12-19,602.0,603.0,09:00,597.3,11:12,599.0,34015200株,20401百万円,-0.2,-0.03,599.776円,10616回,81869.95億円
8306,2019-12-20,598.1,600.2,12:54,595.8,10:39,599.2,34775200株,20817百万円,+0.2,+0.03,598.614円,8423回,81897.28億円
8306,2019-12-23,597.3,597.5,09:00,592.8,09:45,595.0,27188600株,16172百万円,-4.2,-0.70,594.82円,8111回,81323.23億円
8306,2019-12-24,596.7,597.1,09:00,591.6,13:46,592.0,21558800株,12788百万円,-3.0,-0.50,593.155円,8034回,80913.20億円
8306,2019-12-25,590.1,592.1,10:18,589.2,09:00,590.2,15854100株,9366百万円,-1.8,-0.30,590.771円,5626回,80667.18億円
8306,2019-12-26,590.0,594.2,09:47,589.7,09:00,593.8,21747300株,12894百万円,+3.6,+0.61,592.889円,7538回,81159.22億円
8306,2019-12-27,596.1,599.6,13:18,595.7,09:00,597.7,28385400株,16975百万円,+3.9,+0.66,598.031円,9020回,81692.26億円
8306,2019-12-30,595.0,595.5,10:58,591.8,09:10,593.2,25897800株,15383百万円,-4.5,-0.75,593.977円,7962回,81077.21億円
8306,2020-01-06,584.8,585.2,09:00,577.2,11:00,582.1,56430300株,32779百万円,-11.1,-1.87,580.868円,16853回,79560.09億円
8306,2020-01-07,581.0,584.3,11:30,580.6,09:00,584.1,41756400株,24351百万円,+2.0,+0.34,583.167円,9388回,79833.45億円
8306,2020-01-08,574.1,575.8,09:03,570.6,10:17,574.0,67480800株,38693百万円,-10.1,-1.73,573.391円,21512回,78453.00億円
8306,2020-01-09,586.0,586.2,09:03,578.6,10:06,580.0,41613400株,24186百万円,+6.0,+1.05,581.198円,9964回,79273.07億円
8306,2020-01-10,580.7,581.7,09:02,577.7,11:28,578.2,27565200株,15962百万円,-1.8,-0.31,579.06円,8637回,79027.05億円
8306,2020-01-14,582.8,582.8,09:00,576.5,10:06,579.0,37523000株,21716百万円,+0.8,+0.14,578.734円,11831回,79136.39億円
8306,2020-01-15,574.7,579.2,14:52,574.2,09:00,578.9,31181300株,18009百万円,-0.1,-0.02,577.561円,9515回,79122.72億円
8306,2020-01-16,576.0,577.9,09:18,575.5,14:59,575.5,31002600株,17863百万円,-3.4,-0.59,576.176円,8253回,78658.02億円
8306,2020-01-17,578.3,582.7,11:05,577.2,09:04,582.6,48892100株,28407百万円,+7.1,+1.23,581.018円,13654回,79628.43億円
8306,2020-01-20,584.7,585.7,09:03,583.0,09:09,583.1,25029800株,14620百万円,+0.5,+0.09,584.121円,9185回,79196.61億円
8306,2020-01-21,582.5,582.8,09:01,579.2,12:30,582.6,28130800株,16353百万円,-0.5,-0.09,581.322円,10598回,79128.70億円
8306,2020-01-22,575.0,582.0,14:58,575.0,09:00,582.0,33064100株,19164百万円,-0.6,-0.10,579.61円,8918回,79047.21億円
8306,2020-01-23,578.1,578.9,09:01,575.9,09:23,576.8,32175700株,18571百万円,-5.2,-0.89,577.177円,11435回,78340.95億円
8306,2020-01-24,575.9,576.3,09:00,572.9,12:35,574.0,29327300株,16834百万円,-2.8,-0.49,573.998円,9435回,77960.65億円
8306,2020-01-27,565.0,568.6,10:03,563.0,09:10,566.5,40560200株,22967百万円,-7.5,-1.31,566.237円,12306回,76942.00億円
8306,2020-01-28,562.2,567.0,14:47,560.8,09:03,566.3,41075100株,23159百万円,-0.2,-0.04,563.819円,12606回,76914.84億円
8306,2020-01-29,564.3,569.8,10:48,563.5,09:01,568.0,33814500株,19175百万円,+1.7,+0.30,567.078円,10606回,77146億円
8306,2020-01-30,564.0,566.4,09:18,561.9,12:49,565.5,40500500株,22852百万円,-2.5,-0.44,564.238円,10179回,76806億円
8306,2020-01-31,569.2,574.0,10:15,567.8,14:59,568.5,44500900株,25364百万円,+3.0,+0.53,569.975円,11887回,77214億円
8306,2020-02-03,560.0,567.1,14:37,559.5,09:00,564.9,39729700株,22392百万円,-3.6,-0.63,563.599円,14479回,76725億円
8306,2020-02-04,560.3,568.2,14:43,560.1,09:00,568.0,36642400株,20708百万円,+3.1,+0.55,565.142円,11810回,77146億円
8306,2020-02-05,566.9,573.4,09:15,566.7,09:00,570.6,45390100株,25911百万円,+2.6,+0.46,570.854円,15850回,77499億円
8306,2020-02-06,581.5,583.0,09:10,579.2,10:43,580.9,67561700株,39255百万円,+10.3,+1.81,581.025円,15951回,78898億円
8306,2020-02-07,579.9,580.5,09:00,576.9,12:32,579.4,35610700株,20603百万円,-1.5,-0.26,578.554円,11560回,78694億円
8306,2020-02-10,573.7,579.8,11:30,573.6,09:00,577.1,32089800株,18515百万円,-2.3,-0.40,576.986円,9645回,78382億円
8306,2020-02-10,573.0,573.4,09:00,567.8,09:48,572.5,56821400株,32457百万円,-4.6,-0.80,571.204円,13233回,77757億円
8306,2020-02-13,570.2,572.4,12:35,569.2,09:30,572.3,30531700株,17442百万円,-0.2,-0.03,571.27円,8545回,77730億円
8306,2020-02-14,569.7,572.3,15:00,568.1,09:16,572.3,30853100株,17602百万円,0,0,570.522円,8800回,77730億円
