8732,2019-08-30,259,265,14:03,259,09:00,263,59000株,15百万円,+6,+2.33,261.942円,114回
8732,2019-09-02,262,266,10:43,262,09:00,263,52900株,14百万円,0,0,263.274円,81回
8732,2019-09-03,262,265,09:09,262,09:00,263,43800株,12百万円,0,0,264.164円,75回
8732,2019-09-03,263,264,11:05,261,09:35,261,46000株,12百万円,-2,-0.76,262.689円,56回
8732,2019-09-05,263,269,11:19,263,09:00,267,87400株,23百万円,+6,+2.30,266.387円,118回
8732,2019-09-05,268,269,09:01,262,12:30,263,110800株,29百万円,-4,-1.50,265.598円,137回
8732,2019-09-07,264,267,09:19,262,10:48,264,132500株,35百万円,+1,+0.38,263.515円,169回
8732,2019-09-10,265,273,13:06,264,09:12,273,185300株,50百万円,+9,+3.41,270.342円,247回
8732,2019-09-11,272,281,09:44,271,09:02,280,237500株,66百万円,+7,+2.56,276.834円,344回
8732,2019-09-12,280,283,09:02,274,14:16,275,121700株,34百万円,-5,-1.79,277.992円,153回
8732,2019-09-13,275,275,09:00,269,14:07,273,123400株,34百万円,-2,-0.73,272.801円,116回
8732,2019-09-17,272,273,09:02,269,09:22,272,105100株,29百万円,-1,-0.37,271.415円,174回
8732,2019-09-17,272,272,09:00,266,12:55,267,71900株,19百万円,-5,-1.84,268.185円,112回,90.25億円
8732,2019-09-19,266,272,14:58,266,09:00,271,109900株,30百万円,+4,+1.50,269.301円,139回,91.60億円
8732,2019-09-20,271,272,13:27,269,10:09,272,67900株,18百万円,+1,+0.37,270.649円,90回,91.94億円
8732,2019-09-24,272,273,09:47,268,10:12,270,84400株,23百万円,-2,-0.74,270.281円,92回,91.27億円
8732,2019-09-25,270,271,09:00,267,09:47,268,55900株,15百万円,-2,-0.74,268.168円,66回,90.59億円
8732,2019-09-26,263,269,09:37,263,09:00,265,154000株,41百万円,-3,-1.12,264.923円,146回,89.58億円
8732,2019-09-27,265,265,09:00,259,09:43,260,92500株,24百万円,-5,-1.89,260.626円,139回,87.88億円
8732,2019-09-30,260,261,09:00,257,13:36,259,85000株,22百万円,-1,-0.38,258.782円,129回,87.55億円
8732,2019-10-01,257,264,11:15,257,09:00,263,68900株,18百万円,+4,+1.54,260.673円,100回,88.90億円
8732,2019-10-02,256,262,14:46,256,09:00,260,71800株,19百万円,-3,-1.14,258.254円,94回,87.88億円
8732,2019-10-03,255,257,09:03,255,09:00,256,73300株,19百万円,-4,-1.54,255.597円,110回,86.53億円
8732,2019-10-04,256,257,13:46,254,10:27,257,54800株,14百万円,+1,+0.39,255.766円,73回,86.87億円
8732,2019-10-07,254,257,09:30,254,09:00,257,68600株,18百万円,0,0,255.405円,73回,86.87億円
8732,2019-10-08,255,259,09:34,255,09:00,257,66900株,17百万円,0,0,256.987円,128回,86.87億円
8732,2019-10-09,254,256,12:32,253,10:01,255,52200株,13百万円,-2,-0.78,254.508円,88回,86.19億円
8732,2019-10-10,253,255,09:02,253,09:00,254,72900株,18百万円,-1,-0.39,253.706円,79回,85.86億円
8732,2019-10-11,253,254,09:00,250,15:00,250,156400株,39百万円,-4,-1.57,251.776円,128回,84.50億円
8732,2019-10-15,252,253,09:06,250,09:26,253,92800株,23百万円,+3,+1.20,251.272円,208回,85.52億円
8732,2019-10-16,253,256,09:14,252,12:37,253,104600株,27百万円,0,0,253.763円,216回,85.52億円
8732,2019-10-17,251,253,11:10,250,12:30,250,87400株,22百万円,-3,-1.19,250.897円,236回,84.50億円
8732,2019-10-18,250,253,09:03,250,09:00,251,75100株,19百万円,+1,+0.40,250.396円,223回,84.84億円
8732,2019-10-21,252,255,13:37,250,09:09,253,52600株,13百万円,+2,+0.80,252.262円,117回,85.52億円
8732,2019-10-23,253,255,14:58,251,09:19,254,58200株,15百万円,+1,+0.40,253.033円,163回,85.86億円
8732,2019-10-24,254,254,09:00,251,14:34,253,66200株,17百万円,-1,-0.39,252.813円,164回,85.52億円
8732,2019-10-25,252,255,14:57,250,10:26,253,131300株,33百万円,0,0,252.194円,198回,85.52億円
8732,2019-10-28,256,256,09:00,251,09:34,252,123200株,31百万円,-1,-0.40,253.731円,147回,85.18億円
8732,2019-10-29,254,255,09:36,253,09:00,253,101200株,26百万円,+1,+0.40,253.837円,159回,85.52億円
8732,2019-10-30,253,261,14:17,252,09:25,257,217500株,56百万円,+4,+1.58,256.575円,237回,86.87億円
8732,2019-10-31,260,260,09:00,254,10:55,259,115600株,30百万円,+2,+0.78,257.224円,190回,87.55億円
8732,2019-11-01,257,257,09:00,254,13:27,255,48000株,12百万円,-4,-1.54,255.685円,118回,86.19億円
8732,2019-11-05,260,260,09:00,253,10:34,258,105400株,27百万円,+3,+1.18,257.539円,165回,87.21億円
8732,2019-11-07,255,255,09:00,253,10:05,255,55600株,14百万円,-1,-0.39,254.157円,50回,86.19億円
8732,2019-11-08,257,257,09:00,253,10:44,254,57800株,15百万円,-1,-0.39,254.905円,89回,85.86億円
8732,2019-11-11,255,256,09:17,254,09:32,254,29800株,8百万円,0,0,254.557円,49回,85.86億円
8732,2019-11-12,254,255,09:56,253,09:20,255,39500株,10百万円,+1,+0.39,254.283円,44回,86.19億円
8732,2019-11-13,254,254,09:00,252,12:44,253,36900株,9百万円,-2,-0.78,253.295円,36回,85.52億円
8732,2019-11-14,252,253,09:01,250,13:02,250,123200株,31百万円,-3,-1.19,251.123円,96回,84.50億円
8732,2019-11-15,249,252,14:55,248,09:00,251,120300株,30百万円,+1,+0.40,249.945円,186回,84.84億円
8732,2019-11-18,251,251,09:00,249,09:13,250,87100株,22百万円,-1,-0.40,250.443円,113回,84.50億円
8732,2019-11-19,250,250,09:00,248,09:38,249,83700株,21百万円,-1,-0.40,249.278円,67回,84.17億円
8732,2019-11-20,248,249,09:25,247,09:06,249,100900株,25百万円,0,0,247.98円,95回,84.17億円
8732,2019-11-21,248,250,14:21,247,09:38,250,72500株,18百万円,+1,+0.40,248.37円,70回,84.50億円
8732,2019-11-22,249,250,09:12,249,09:00,249,30000株,7百万円,-1,-0.40,249.37円,44回,84.17億円
8732,2019-11-25,249,250,09:03,249,09:00,249,40100株,10百万円,0,0,249.534円,37回,84.17億円
8732,2019-11-26,250,250,09:00,248,09:06,249,67400株,17百万円,0,0,249.132円,80回,84.17億円
8732,2019-11-27,250,250,09:00,249,09:04,249,19000株,5百万円,0,0,249.174円,40回,84.17億円
8732,2019-11-28,249,249,09:00,247,09:45,247,66300株,16百万円,-2,-0.80,247.956円,67回,83.49億円
8732,2019-11-29,247,248,09:03,246,12:48,248,87700株,22百万円,+1,+0.40,247.104円,70回,83.83億円
8732,2019-12-02,249,250,09:08,248,10:32,250,61600株,15百万円,+2,+0.81,249.148円,77回,84.50億円
8732,2019-12-03,249,249,09:00,247,10:35,247,91300株,23百万円,-3,-1.20,248.031円,82回,83.49億円
8732,2019-12-05,247,248,14:59,246,09:07,247,70300株,17百万円,+1,+0.41,246.555円,105回,83.49億円
8732,2019-12-06,248,248,09:00,247,09:00,247,37500株,9百万円,0,0,247.357円,38回,83.49億円
8732,2019-12-09,249,250,09:06,248,10:07,249,121000株,30百万円,+2,+0.81,249.516円,107回,84.17億円
8732,2019-12-10,247,248,09:00,244,10:37,246,161100株,40百万円,-3,-1.20,246.615円,154回,83.15億円
8732,2019-12-13,242,244,09:48,240,09:05,243,170100株,41百万円,+1,+0.41,242.325円,290回,82.14億円
8732,2019-12-16,242,244,09:04,241,10:29,241,121600株,29百万円,-2,-0.82,242.085円,225回,81.46億円
8732,2019-12-17,241,243,09:02,240,13:33,241,140100株,34百万円,0,0,241.156円,255回,81.46億円
8732,2019-12-18,241,242,11:07,240,09:11,240,115300株,28百万円,-1,-0.41,240.582円,122回,81.12億円
8732,2019-12-19,240,242,10:13,240,09:00,242,73000株,18百万円,+2,+0.83,240.934円,82回,81.80億円
8732,2019-12-20,241,243,14:34,240,09:00,242,114300株,28百万円,0,0,241.378円,137回,81.80億円
8732,2019-12-23,242,242,09:00,239,14:34,240,140500株,34百万円,-2,-0.83,240.668円,104回,81.12億円
8732,2019-12-24,240,240,09:00,238,09:39,240,139100株,33百万円,0,0,239.558円,98回,81.12億円
8732,2019-12-25,238,239,09:03,238,09:00,238,105000株,25百万円,-2,-0.83,238.168円,73回,80.45億円
8732,2019-12-26,238,240,14:58,238,09:00,240,204100株,49百万円,+2,+0.84,238.651円,110回,81.12億円
8732,2019-12-27,240,243,12:51,240,09:00,243,80200株,19百万円,+3,+1.25,241.12円,118回,82.14億円
8732,2019-12-30,243,243,09:00,241,09:13,243,56900株,14百万円,0,0,242.648円,69回,82.14億円
8732,2020-01-06,240,242,14:50,239,09:10,241,59300株,14百万円,-2,-0.82,240.577円,105回,81.46億円
8732,2020-01-07,242,246,14:24,242,09:00,246,96100株,23百万円,+5,+2.07,244.234円,142回,83.15億円
8732,2020-01-08,246,246,09:00,240,09:50,244,87600株,21百万円,-2,-0.81,242.813円,129回,82.48億円
8732,2020-01-09,246,247,10:48,244,10:02,246,65500株,16百万円,+2,+0.82,245.478円,118回,83.15億円
8732,2020-01-10,248,248,09:00,245,09:16,246,74300株,18百万円,0,0,246.782円,90回,83.15億円
8732,2020-01-14,247,249,09:10,245,09:45,246,82900株,20百万円,0,0,246.271円,82回,83.15億円
8732,2020-01-15,246,247,11:09,243,13:51,243,67800株,17百万円,-3,-1.22,244.35円,68回,82.14億円
8732,2020-01-16,244,245,09:10,241,14:21,244,86900株,21百万円,+1,+0.41,243.131円,104回,82.48億円
8732,2020-01-17,244,245,14:18,242,09:31,244,66900株,16百万円,0,0,243.599円,82回,82.48億円
8732,2020-01-20,245,248,09:52,245,09:00,245,71800株,18百万円,+1,+0.41,245.72円,71回,82.81億円
8732,2020-01-21,246,247,09:18,243,14:31,244,54800株,13百万円,-1,-0.41,244.582円,54回,82.48億円
8732,2020-01-22,245,247,14:52,244,09:20,246,62100株,15百万円,+2,+0.82,245.499円,53回,83.15億円
8732,2020-01-23,246,249,12:31,243,09:15,244,146300株,36百万円,-2,-0.81,244.636円,93回,82.48億円
8732,2020-01-24,244,245,09:00,243,09:47,243,59700株,15百万円,-1,-0.41,243.601円,64回,82.14億円
8732,2020-01-27,241,242,09:28,239,09:08,240,104600株,25百万円,-3,-1.23,240.567円,87回,81.12億円
8732,2020-01-28,238,243,13:35,237,09:04,242,120800株,29百万円,+2,+0.83,239.536円,80回,81.80億円
8732,2020-01-29,240,244,13:20,239,09:15,242,72400株,17百万円,0,0,241.109円,75回,81.8億円
8732,2020-01-30,241,242,09:23,238,13:53,238,94800株,23百万円,-4,-1.65,239.213円,137回,80.5億円
8732,2020-01-31,238,241,10:06,238,09:00,238,44100株,11百万円,0,0,238.64円,78回,80.5億円
8732,2020-02-03,235,238,09:43,235,09:00,235,55900株,13百万円,-3,-1.26,235.685円,66回,79.4億円
8732,2020-02-04,233,235,14:58,229,12:48,234,167200株,39百万円,-1,-0.43,231.661円,167回,79.1億円
8732,2020-02-05,235,235,09:00,232,10:03,232,61700株,14百万円,-2,-0.85,233.762円,107回,78.4億円
8732,2020-02-06,233,238,13:27,232,11:18,233,140400株,33百万円,+1,+0.43,234.264円,120回,78.8億円
8732,2020-02-07,234,235,09:21,233,09:09,235,51600株,12百万円,+2,+0.86,234.49円,64回,79.4億円
8732,2020-02-10,235,240,15:00,235,09:00,240,65700株,16百万円,+5,+2.13,237.665円,72回,81.1億円
8732,2020-02-12,239,240,09:02,235,09:45,235,83100株,20百万円,-5,-2.08,236.758円,143回,79.4億円
8732,2020-02-13,236,236,09:00,232,13:36,234,129900株,30百万円,-1,-0.43,233.617円,117回,79.1億円
8732,2020-02-14,234,234,09:00,231,12:30,233,69600株,16百万円,-1,-0.43,232.142円,51回,78.8億円
8732,2020-02-17,231,236,13:09,229,09:13,234,113500株,26百万円,+1,+0.43,232.029円,117回,79.1億円
8732,2020-02-17,232,232,09:00,225,09:57,226,172300株,39百万円,-8,-3.42,227.284円,192回,76.4億円
8732,2020-02-18,226,230,12:32,225,09:10,226,71200株,16百万円,0,0,226.899円,82回,76.4億円
8732,2020-02-20,231,231,09:00,226,12:58,227,93500株,21百万円,+1,+0.44,228.544円,64回,76.7億円
8732,2020-02-21,228,230,09:24,226,13:30,226,59600株,14百万円,-1,-0.44,227.68円,83回,76.4億円
8732,2020-02-25,211,218,09:31,210,09:03,214,137000株,29百万円,-12,-5.31,213.501円,151回,72.3億円
8732,2020-02-26,210,211,09:02,208,10:32,211,126000株,26百万円,-3,-1.40,210.111円,118回,71.3億円
8732,2020-02-27,211,212,09:40,204,13:33,205,185300株,38百万円,-6,-2.84,206.742円,185回,69.3億円
8732,2020-02-28,200,202,09:00,191,13:37,193,220400株,43百万円,-12,-5.85,195.714円,272回,65.2億円
8732,2020-03-02,191,202,12:30,191,09:00,197,323500株,63百万円,+4,+2.07,194.724円,271回,66.6億円
8732,2020-03-03,202,202,09:00,191,14:55,191,181600株,35百万円,-6,-3.05,195.229円,165回,64.6億円
8732,2020-03-04,189,195,12:30,189,09:00,192,70100株,13百万円,+1,+0.52,191.671円,77回,64.9億円
8732,2020-03-05,193,197,10:01,191,13:36,192,115500株,22百万円,0,0,193.711円,104回,64.9億円
8732,2020-03-06,189,190,09:00,182,11:04,182,220400株,41百万円,-10,-5.21,185.055円,216回,61.5億円
8732,2020-03-06,172,175,09:07,165,14:30,167,366400株,62百万円,-15,-8.24,168.387円,287回,56.5億円
8732,2020-03-10,157,174,14:20,155,09:10,173,463400株,74百万円,+6,+3.59,160.494円,359回,58.5億円
8732,2020-03-11,173,176,09:13,166,14:36,167,189500株,32百万円,-6,-3.47,170.293円,224回,56.5億円
8732,2020-03-12,162,167,13:26,158,10:48,161,303500株,49百万円,-6,-3.59,162.368円,425回,54.4億円
8732,2020-03-13,151,155,09:21,146,10:29,151,489100株,74百万円,-10,-6.21,150.528円,448回,51.0億円
8732,2020-03-16,156,166,14:10,151,09:10,157,270500株,43百万円,+6,+3.97,158.083円,294回,53.1億円
8732,2020-03-17,160,172,14:59,156,09:16,172,305600株,50百万円,+15,+9.55,164.651円,463回,58.1億円
8732,2020-03-18,177,184,13:01,175,09:48,177,232100株,42百万円,+5,+2.91,179.036円,415回,59.8億円
8732,2020-03-19,178,179,09:00,168,13:14,172,202500株,35百万円,-5,-2.82,173.18円,295回,58.1億円
8732,2020-03-23,171,174,09:03,162,12:31,172,207400株,35百万円,0,0,168.151円,250回,58.1億円
8732,2020-03-24,177,178,09:00,171,13:02,177,91100株,16百万円,+5,+2.91,174.852円,176回,59.8億円
8732,2020-03-25,182,185,09:05,179,09:01,185,189800株,35百万円,+8,+4.52,182.371円,197回,62.5億円
8732,2020-03-26,184,195,13:35,180,09:08,194,199800株,38百万円,+9,+4.86,188.86円,389回,65.6億円
8732,2020-03-27,195,197,09:02,186,14:12,193,212200株,40百万円,-1,-0.52,189.977円,267回,65.2億円
8732,2020-03-30,187,196,14:55,184,09:07,194,105100株,20百万円,+1,+0.52,188.825円,169回,65.6億円
8732,2020-03-31,193,193,09:00,184,13:35,186,99100株,19百万円,-8,-4.12,187.961円,149回,62.9億円
8732,2020-04-01,183,187,09:34,173,14:53,176,100500株,18百万円,-10,-5.38,179.514円,124回,59.5億円
8732,2020-04-02,174,176,09:04,170,14:06,170,72300株,13百万円,-6,-3.41,173.07円,152回,57.5億円
8732,2020-04-03,171,176,09:18,168,13:22,172,51700株,9百万円,+2,+1.18,171.615円,107回,58.1億円
8732,2020-04-06,173,180,14:54,170,09:09,179,68900株,12百万円,+7,+4.07,175.177円,124回,60.5億円
8732,2020-04-07,183,188,15:00,180,11:30,188,99500株,18百万円,+9,+5.03,183.489円,171回,63.6億円
8732,2020-04-08,193,194,09:00,182,09:13,190,138800株,26百万円,+2,+1.06,189.85円,172回,64.2億円
8732,2020-04-09,191,191,09:00,182,12:34,188,80700株,15百万円,-2,-1.05,187.68円,140回,63.6億円
8732,2020-04-10,189,192,14:59,186,10:02,192,102900株,19百万円,+4,+2.13,189.041円,149回,64.9億円
8732,2020-04-13,191,195,14:56,189,09:10,195,78300株,15百万円,+3,+1.56,192.521円,112回,65.9億円
8732,2020-04-14,195,197,13:55,193,09:34,197,73800株,14百万円,+2,+1.03,195.633円,111回,66.6億円
8732,2020-04-15,197,197,09:00,191,09:30,192,96600株,19百万円,-5,-2.54,193.836円,191回,64.9億円
8732,2020-04-16,193,205,15:00,193,09:00,205,86900株,17百万円,+13,+6.77,198.627円,109回,69.3億円
8732,2020-04-17,208,208,09:00,197,09:14,205,134400株,27百万円,0,0,204.227円,169回,69.3億円
8732,2020-04-20,207,207,09:00,202,09:17,207,80900株,17百万円,+2,+0.98,204.136円,86回,70.0億円
8732,2020-04-21,204,204,09:00,194,12:45,199,101800株,20百万円,-8,-3.86,198.516円,180回,67.3億円
8732,2020-04-22,195,197,10:27,191,09:28,192,85700株,17百万円,-7,-3.52,193.406円,136回,64.9億円
8732,2020-04-23,195,201,14:32,194,09:01,201,51100株,10百万円,+9,+4.69,198.139円,95回,67.9億円
8732,2020-04-24,199,204,15:00,197,09:01,204,60500株,12百万円,+3,+1.49,201.706円,74回,69.0億円
8732,2020-04-27,204,204,09:00,191,13:55,197,222900株,44百万円,-7,-3.43,199.054円,187回,66.6億円
8732,2020-04-28,196,199,10:10,195,09:00,199,54900株,11百万円,+2,+1.02,196.727円,74回,67.3億円
8732,2020-04-30,204,210,15:00,204,09:00,210,116200株,24百万円,+11,+5.53,206.146円,128回,71.0億円
8732,2020-05-01,205,205,09:00,193,14:42,194,135700株,27百万円,-16,-7.62,197.559円,186回,65.6億円
8732,2020-05-07,194,196,09:23,193,09:02,195,54300株,11百万円,+1,+0.52,194.169円,86回,65.9億円
8732,2020-05-08,197,200,09:10,196,09:00,199,81800株,16百万円,+4,+2.05,198.128円,101回,67.3億円
8732,2020-05-11,200,204,10:32,200,09:00,204,64500株,13百万円,+5,+2.51,201.6円,92回,69.0億円,04/24,49.1,938.8,19.12
8732,2020-05-12,204,204,09:00,200,13:08,202,38100株,8百万円,-2,-0.98,202.239円,47回,68.3億円,05/01,31.4,946.3,30.14
8732,2020-05-13,199,199,09:00,195,09:13,197,93900株,19百万円,-5,-2.48,197.228円,130回,66.6億円,05/01,31.4,946.3,30.14
8732,2020-05-14,199,199,09:00,193,14:57,193,95900株,19百万円,-4,-2.03,195.946円,101回,65.2億円,05/01,31.4,946.3,30.14
8732,2020-05-15,195,196,09:21,191,13:28,193,61000株,12百万円,0,0,193.485円,83回,65.2億円,05/01,31.4,946.3,30.14
8732,2020-05-18,193,198,14:53,193,09:00,198,32700株,6百万円,+5,+2.59,195.413円,55回,66.9億円,05/01,31.4,946.3,30.14
