8747,2019-12-30,677,718,14:51,677,09:00,713,48300株,33百万円,+34,+5.01,686.342円,131回,63.44億円
8747,2020-01-06,706,822,11:22,705,09:00,752,102300株,78百万円,+39,+5.47,764.46円,378回,66.91億円
8747,2020-01-07,775,791,09:23,733,12:54,760,63700株,49百万円,+8,+1.06,763.024円,240回,67.62億円
8747,2020-01-08,775,820,09:07,766,09:03,795,44600株,35百万円,+35,+4.61,791.426円,186回,70.73億円
8747,2020-01-09,765,788,09:20,757,14:40,760,31000株,24百万円,-35,-4.40,766.877円,95回,67.62億円
8747,2020-01-10,767,781,09:12,757,10:29,767,10400株,8百万円,+7,+0.92,766.192円,47回,68.24億円
8747,2020-01-14,764,766,14:32,744,09:23,758,14100株,11百万円,-9,-1.17,757.22円,62回,67.44億円
8747,2020-01-15,754,775,09:15,754,09:00,763,9300株,7百万円,+5,+0.66,763.237円,46回,67.89億円
8747,2020-01-16,760,765,09:17,753,10:40,756,9700株,7百万円,-7,-0.92,759.495円,46回,67.26億円
8747,2020-01-17,767,778,09:10,753,13:17,759,18500株,14百万円,+3,+0.40,765.94円,78回,67.53億円
8747,2020-01-20,760,765,12:39,756,14:59,760,8000株,6百万円,+1,+0.13,761.8円,23回,67.62億円
8747,2020-01-21,757,769,11:25,757,09:13,763,4700株,4百万円,+3,+0.39,762.638円,21回,67.89億円
8747,2020-01-22,762,793,09:48,762,09:00,771,16100株,13百万円,+8,+1.05,781.559円,73回,68.60億円
8747,2020-01-23,788,788,09:03,770,14:59,770,6800株,5百万円,-1,-0.13,778.956円,38回,68.51億円
8747,2020-01-24,770,776,12:39,767,12:30,775,7800株,6百万円,+5,+0.65,771.013円,46回,68.96億円
8747,2020-01-27,775,785,09:02,765,13:04,767,12900株,10百万円,-8,-1.03,772.93円,42回,68.24億円
8747,2020-01-28,764,770,09:06,727,13:50,729,12900株,10百万円,-38,-4.95,742.55円,48回,64.86億円
8747,2020-01-29,744,747,09:00,663,14:55,675,27200株,19百万円,-54,-7.41,712.14円,121回,60.1億円
8747,2020-01-30,681,681,09:00,620,14:11,644,69000株,44百万円,-31,-4.59,641.784円,165回,57.3億円
8747,2020-01-31,650,654,11:26,640,09:17,642,33600株,22百万円,-2,-0.31,646.741円,114回,57.1億円
8747,2020-02-03,643,660,12:30,643,09:00,652,9400株,6百万円,+10,+1.56,651.277円,37回,58.0億円
8747,2020-02-04,659,663,10:04,655,11:28,661,8000株,5百万円,+9,+1.38,658.687円,42回,58.8億円
8747,2020-02-05,661,675,14:59,657,09:21,673,24000株,16百万円,+12,+1.82,665.25円,115回,59.9億円
8747,2020-02-06,667,676,09:31,661,12:31,665,15200株,10百万円,-8,-1.19,666.572円,74回,59.2億円
8747,2020-02-07,665,667,09:41,665,09:00,665,15800株,11百万円,0,0,665.127円,112回,59.2億円
8747,2020-02-10,664,665,09:00,655,10:06,659,22100株,15百万円,-6,-0.90,659.299円,90回,58.6億円
8747,2020-02-12,600,623,09:26,590,09:17,595,62800株,38百万円,-64,-9.71,601.645円,202回,52.9億円
8747,2020-02-13,608,608,09:03,564,11:25,570,35700株,21百万円,-25,-4.20,581.389円,94回,50.7億円
8747,2020-02-14,571,571,09:00,556,09:39,560,19100株,11百万円,-10,-1.75,561.592円,84回,49.8億円
8747,2020-02-17,559,559,09:00,535,09:15,538,37000株,20百万円,-22,-3.93,543.122円,123回,47.9億円
8747,2020-02-17,548,548,09:00,532,12:30,539,13500株,7百万円,+1,+0.19,539.489円,58回,48.0億円
8747,2020-02-18,557,557,09:03,538,09:29,549,25400株,14百万円,+10,+1.86,546.008円,102回,48.9億円
8747,2020-02-20,559,615,10:58,558,09:00,600,68300株,40百万円,+51,+9.29,582.738円,262回,53.4億円
8747,2020-02-21,582,642,12:39,582,09:03,616,137600株,83百万円,+16,+2.67,600.539円,387回,54.8億円
8747,2020-02-25,620,660,09:50,596,09:12,654,172000株,107百万円,+38,+6.17,620.821円,550回,58.2億円
8747,2020-02-26,627,634,09:06,596,15:00,596,34300株,21百万円,-58,-8.87,616.262円,146回,53.0億円
8747,2020-02-27,593,638,13:50,570,12:30,601,87900株,53百万円,+5,+0.84,600.407円,385回,53.5億円
8747,2020-02-28,551,566,09:21,525,13:38,527,50600株,27百万円,-74,-12.31,541.878円,147回,46.9億円
8747,2020-03-02,537,548,10:21,500,13:40,508,33800株,17百万円,-19,-3.61,515.979円,129回,45.2億円
8747,2020-03-03,518,560,10:57,518,09:00,541,34800株,19百万円,+33,+6.50,540.215円,148回,48.1億円
8747,2020-03-04,566,636,09:19,528,14:56,532,91400株,53百万円,-9,-1.66,584.353円,427回,47.3億円
8747,2020-03-05,540,560,09:21,516,13:30,528,24500株,13百万円,-4,-0.75,539.955円,93回,47.0億円
8747,2020-03-06,555,600,10:09,523,11:23,531,56600株,32百万円,+3,+0.57,556.931円,302回,47.3億円
8747,2020-03-06,541,595,09:50,468,14:33,485,176700株,98百万円,-46,-8.66,552.156円,674回,43.2億円
8747,2020-03-10,469,476,10:07,410,09:18,465,56100株,25百万円,-20,-4.12,443.884円,218回,41.4億円
8747,2020-03-11,457,500,12:42,450,09:27,467,34900株,17百万円,+2,+0.43,475.679円,152回,41.6億円
8747,2020-03-12,464,475,09:29,426,12:49,442,49500株,22百万円,-25,-5.35,449.574円,249回,39.3億円
8747,2020-03-13,420,435,14:34,388,11:14,404,33000株,13百万円,-38,-8.60,407.082円,144回,36.0億円
8747,2020-03-16,420,465,13:11,406,09:28,431,30100株,13百万円,+27,+6.68,441.036円,121回,38.4億円
8747,2020-03-17,415,472,10:32,410,09:11,455,12000株,5百万円,+24,+5.57,437.108円,49回,40.5億円
8747,2020-03-18,463,493,09:14,462,14:38,465,17400株,8百万円,+10,+2.20,473.897円,85回,41.4億円
8747,2020-03-19,460,476,09:16,433,10:14,453,14700株,7百万円,-12,-2.58,456.401円,73回,40.3億円
8747,2020-03-23,469,482,14:10,438,09:18,480,17500株,8百万円,+27,+5.96,468.823円,63回,42.7億円
8747,2020-03-24,500,551,09:11,500,09:06,525,40500株,21百万円,+45,+9.38,520.412円,170回,46.7億円
8747,2020-03-26,555,565,09:14,515,12:44,529,34400株,19百万円,+4,+0.76,539.026円,147回,47.1億円
8747,2020-03-26,520,550,13:28,490,14:58,490,35200株,18百万円,-39,-7.37,525.088円,119回,43.6億円
8747,2020-03-27,501,570,13:25,500,12:32,553,75100株,41百万円,+63,+12.86,544.361円,254回,49.2億円
8747,2020-03-30,523,570,15:00,503,09:00,570,20100株,11百万円,+17,+3.07,529.453円,71回,50.7億円
8747,2020-03-31,560,581,09:35,543,10:21,552,12800株,7百万円,-18,-3.16,559.391円,72回,49.1億円
8747,2020-04-01,562,562,09:01,489,15:00,489,10700株,6百万円,-63,-11.41,523.206円,57回,43.5億円
8747,2020-04-02,505,524,11:25,489,09:50,513,6000株,3百万円,+24,+4.91,505.3円,22回,45.6億円
8747,2020-04-03,529,529,09:03,440,14:45,453,35900株,17百万円,-60,-11.70,471.994円,138回,40.3億円
8747,2020-04-06,469,533,12:34,466,09:04,514,37400株,19百万円,+61,+13.47,508.168円,137回,45.7億円
8747,2020-04-07,550,550,09:09,510,13:21,515,39300株,21百万円,+1,+0.19,528.361円,151回,45.8億円
8747,2020-04-08,515,540,10:36,508,10:03,522,18000株,9百万円,+7,+1.36,520.561円,80回,46.4億円
8747,2020-04-09,539,595,13:10,515,09:38,564,30400株,17百万円,+42,+8.05,557.895円,135回,50.2億円
8747,2020-04-10,594,594,09:06,567,09:22,568,28200株,16百万円,+4,+0.71,579.245円,110回,50.5億円
8747,2020-04-13,580,646,14:27,578,09:16,635,55900株,34百万円,+67,+11.80,612.549円,264回,56.5億円
8747,2020-04-14,649,649,09:03,596,10:44,614,63200株,39百万円,-21,-3.31,617.1円,238回,54.6億円
8747,2020-04-15,619,632,09:29,595,14:51,595,38900株,24百万円,-19,-3.09,607.794円,155回,52.9億円
8747,2020-04-16,590,600,13:24,564,09:07,585,19200株,11百万円,-10,-1.68,583.432円,97回,52.1億円
8747,2020-04-17,581,581,09:00,558,11:19,570,23200株,13百万円,-15,-2.56,569.457円,101回,50.7億円
8747,2020-04-20,578,578,09:00,535,09:11,574,24900株,14百万円,+4,+0.70,557.1円,93回,51.1億円
8747,2020-04-21,581,582,09:03,549,09:22,562,18300株,10百万円,-12,-2.09,569.164円,87回,50.0億円
8747,2020-04-22,554,554,09:00,532,15:00,532,13200株,7百万円,-30,-5.34,544.053円,84回,47.3億円
8747,2020-04-23,538,569,09:49,520,14:59,520,29900株,16百万円,-12,-2.26,541.14円,107回,46.3億円
8747,2020-04-24,540,570,13:04,540,09:03,556,30100株,17百万円,+36,+6.92,553.747円,128回,49.5億円
8747,2020-04-27,572,574,09:09,555,10:30,559,26400株,15百万円,+3,+0.54,565.966円,94回,49.7億円
8747,2020-04-28,566,567,12:32,554,14:39,558,10300株,6百万円,-1,-0.18,559.631円,47回,49.7億円
8747,2020-04-30,560,571,13:29,554,09:12,561,13300株,7百万円,+3,+0.54,562.977円,68回,49.9億円
8747,2020-05-01,561,562,09:05,535,12:30,544,30800株,17百万円,-17,-3.03,547.789円,128回,48.4億円
8747,2020-05-07,548,580,09:03,548,09:00,579,30500株,17百万円,+35,+6.43,567.793円,79回,51.5億円
8747,2020-05-08,589,619,09:08,581,10:15,608,28800株,17百万円,+29,+5.01,598.49円,146回,54.1億円
8747,2020-05-11,626,637,13:21,617,09:06,631,27600株,17百万円,+23,+3.78,625.076円,106回,56.1億円,05/01,0.0,139.1,－
8747,2020-05-12,657,720,14:04,650,09:07,694,258400株,177百万円,+63,+9.98,685.789円,514回,61.8億円,05/01,0.0,139.1,－
8747,2020-05-13,677,709,10:50,665,09:16,690,139600株,96百万円,-4,-0.58,686.678円,283回,61.4億円,05/01,0.0,139.1,－
8747,2020-05-14,690,698,09:25,648,15:00,648,63100株,43百万円,-42,-6.09,676.645円,177回,57.7億円,05/01,0.0,139.1,－
8747,2020-05-15,652,676,09:22,649,14:10,663,44300株,29百万円,+15,+2.31,660.309円,117回,59.0億円,05/01,0.0,139.1,－
8747,2020-05-18,683,718,12:56,675,09:05,707,75000株,52百万円,+44,+6.64,695.716円,221回,62.9億円,05/01,0.0,139.1,－
8747,2020-05-19,695,743,14:50,688,09:01,738,42700株,30百万円,+31,+4.38,710.447円,153回,65.7億円,05/01,0.0,139.1,－
8747,2020-05-20,737,759,10:38,725,09:03,730,48400株,36百万円,-8,-1.08,742.986円,186回,65.0億円,05/15,0.0,189.6,－
8747,2020-05-21,731,755,10:18,731,09:00,738,23400株,17百万円,+8,+1.10,743.684円,104回,65.7億円,05/15,0.0,189.6,－
8747,2020-05-22,739,739,09:00,705,13:00,712,29500株,21百万円,-26,-3.52,720.095円,115回,63.4億円,05/15,0.0,189.6,－
8747,2020-05-25,730,759,14:38,727,09:03,757,46700株,35百万円,+45,+6.32,743.634円,156回,67.4億円,05/15,0.0,189.6,－
8747,2020-05-26,756,756,09:00,728,14:54,731,21800株,16百万円,-26,-3.43,741.486円,84回,65.0億円,05/15,0.0,189.6,－
8747,2020-05-27,731,731,09:00,713,09:07,725,12700株,9百万円,-6,-0.82,722.362円,52回,64.5億円,05/22,0.0,207.7,－
8747,2020-05-28,725,754,11:26,720,09:01,751,25200株,19百万円,+26,+3.59,741.798円,113回,66.8億円,05/22,0.0,207.7,－
8747,2020-05-29,751,753,09:00,726,11:03,730,35600株,26百万円,-21,-2.80,736.185円,90回,65.0億円,05/22,0.0,207.7,－
8747,2020-06-01,731,733,09:03,706,09:03,722,34700株,25百万円,-8,-1.10,717.355円,115回,64.2億円,05/22,0.0,207.7,－
8747,2020-06-02,723,723,09:00,704,09:08,716,47200株,34百万円,-6,-0.83,713.672円,135回,63.7億円,05/22,0.0,207.7,－
8747,2020-06-03,717,726,09:12,710,10:36,711,15900株,11百万円,-5,-0.70,716.176円,60回,63.3億円,05/22,0.0,207.7,－
8747,2020-06-04,715,719,09:22,695,12:40,710,125200株,89百万円,-1,-0.14,714.586円,76回,63.2億円,05/29,0.0,189.4,－
8747,2020-06-05,732,750,10:38,717,09:20,738,47300株,35百万円,+28,+3.94,734.082円,141回,65.7億円,05/29,0.0,189.4,－
8747,2020-06-08,735,738,09:00,725,09:21,729,18800株,14百万円,-9,-1.22,730.952円,75回,64.9億円,05/29,0.0,189.4,－
8747,2020-06-09,730,740,13:03,718,12:37,724,17900株,13百万円,-5,-0.69,726.106円,60回,64.4億円,05/29,0.0,189.4,－
8747,2020-06-10,738,745,14:46,728,09:58,745,19600株,14百万円,+21,+2.90,736.939円,67回,66.3億円,06/05,0.0,176.4,－
8747,2020-06-11,756,818,10:49,756,09:00,789,123100株,97百万円,+44,+5.91,785.404円,331回,70.2億円,06/05,0.0,176.4,－
8747,2020-06-12,780,854,12:51,766,09:06,847,125400株,103百万円,+58,+7.35,820.446円,384回,75.4億円,06/05,0.0,176.4,－
8747,2020-06-15,966,985,09:51,900,14:08,945,91500株,87百万円,+98,+11.57,949.257円,333回,84.1億円,06/05,0.0,176.4,－
8747,2020-06-16,980,1020,12:46,960,09:11,1007,113400株,113百万円,+62,+6.56,994.985円,305回,89.6億円,06/05,0.0,176.4,－
8747,2020-06-17,1019,1024,09:12,970,12:45,989,54000株,54百万円,-18,-1.79,1004.204円,230回,88.0億円,06/12,0.0,147.3,－
8747,2020-06-18,980,1049,10:08,980,09:00,1005,47900株,49百万円,+16,+1.62,1014.906円,172回,89.4億円,06/12,0.0,147.3,－
8747,2020-06-19,1012,1020,09:17,957,12:59,960,57400株,56百万円,-45,-4.48,982.456円,195回,85.4億円,06/12,0.0,147.3,－
8747,2020-06-22,952,1000,13:37,934,09:00,991,60900株,60百万円,+31,+3.23,982.113円,161回,88.2億円,06/12,0.0,147.3,－
8747,2020-06-23,998,1009,09:47,968,15:00,968,107400株,107百万円,-23,-2.32,992.994円,217回,86.1億円,06/12,0.0,147.3,－
8747,2020-06-24,980,987,15:00,973,12:43,987,31400株,31百万円,+19,+1.96,980.032円,103回,87.8億円,06/19,0.0,159.2,－
8747,2020-06-25,986,990,09:13,959,11:13,965,38200株,37百万円,-22,-2.23,979.482円,96回,85.9億円,06/19,0.0,159.2,－
8747,2020-06-26,975,983,09:16,932,14:59,933,57500株,55百万円,-32,-3.32,954.913円,196回,83.0億円,06/19,0.0,159.2,－
8747,2020-06-29,963,998,10:27,950,09:07,998,59900株,59百万円,+65,+6.97,984.25円,208回,88.8億円,06/19,0.0,159.2,－
8747,2020-06-30,1029,1069,09:28,955,11:29,976,256900株,262百万円,-22,-2.20,1017.982円,785回,86.8億円,06/26,0.0,193.7,－
8747,2020-07-01,996,1016,09:15,969,14:18,982,101400株,101百万円,+6,+0.61,993.236円,252回,87.4億円,06/26,0.0,193.7,－
8747,2020-07-02,980,980,09:00,881,10:21,883,114200株,105百万円,-99,-10.08,916.736円,449回,78.6億円,06/26,0.0,193.7,－
