8830,2019-08-06,3935,3948,09:00,3842,12:30,3902,1392600株,5417百万円,-72,-1.81,3890.124円,3536回
8830,2019-08-06,3802,3863,14:59,3771,10:14,3857,1544600株,5914百万円,-45,-1.15,3829.136円,3174回
8830,2019-08-07,3846,3907,09:28,3839,09:00,3895,1141700株,4442百万円,+38,+0.99,3890.488円,2590回
8830,2019-08-08,3887,3941,14:28,3876,09:01,3927,1002400株,3929百万円,+32,+0.82,3919.788円,2476回
8830,2019-08-09,4027,4050,09:08,3927,10:03,3965,1622500株,6457百万円,+38,+0.97,3979.759円,3261回
8830,2019-08-13,3920,3950,09:48,3886,14:31,3898,1219600株,4771百万円,-67,-1.69,3911.539円,2292回
8830,2019-08-14,3947,3953,09:00,3870,12:31,3904,1117400株,4360百万円,+6,+0.15,3902.313円,2709回
8830,2019-08-15,3832,3854,10:59,3829,09:03,3850,1053200株,4048百万円,-54,-1.38,3843.21円,2207回
8830,2019-08-16,3870,3938,13:00,3857,09:06,3916,1507600株,5898百万円,+66,+1.71,3912.193円,3524回
8830,2019-08-19,3961,3977,09:02,3911,09:59,3949,764000株,3015百万円,+33,+0.84,3946.412円,1934回
8830,2019-08-20,3969,4032,11:01,3957,09:00,4018,1075900株,4317百万円,+69,+1.75,4012.137円,3036回
8830,2019-08-21,3989,4005,09:06,3967,12:30,4002,802200株,3200百万円,-16,-0.40,3989.406円,2076回
8830,2019-08-22,4011,4068,14:02,3984,09:14,4062,1735800株,7020百万円,+60,+1.50,4044.187円,3555回
8830,2019-08-23,4029,4078,14:59,4016,09:07,4066,987300株,4004百万円,+4,+0.10,4055.578円,1960回
8830,2019-08-26,3996,4013,12:35,3961,09:07,3984,1456500株,5806百万円,-82,-2.02,3986.301円,3647回
8830,2019-08-26,3991,4040,09:47,3971,09:00,3977,1354700株,5406百万円,-7,-0.18,3990.323円,2988回
8830,2019-08-28,4027,4069,09:08,4026,09:00,4044,1402600株,5675百万円,+67,+1.68,4045.953円,2881回
8830,2019-08-29,4041,4057,09:02,4000,11:05,4016,729600株,2930百万円,-28,-0.69,4015.668円,2110回
8830,2019-08-30,4026,4053,09:13,3993,14:52,3995,1181200株,4733百万円,-21,-0.52,4006.56円,2646回
8830,2019-09-02,3960,3974,09:04,3933,13:11,3943,851300株,3361百万円,-52,-1.30,3948.605円,2317回
8830,2019-09-03,3933,3963,11:07,3926,14:59,3928,694400株,2733百万円,-15,-0.38,3935.81円,1647回
8830,2019-09-03,3922,3934,09:01,3891,09:45,3912,651000株,2547百万円,-16,-0.41,3911.792円,1611回
8830,2019-09-05,3935,3976,11:13,3913,09:00,3958,1237100株,4892百万円,+46,+1.18,3954.242円,2978回
8830,2019-09-05,3971,3971,09:00,3903,10:08,3913,1398500株,5478百万円,-45,-1.14,3916.719円,2749回
8830,2019-09-07,3913,3957,13:46,3908,09:00,3954,824400株,3254百万円,+41,+1.05,3947.033円,1441回
8830,2019-09-10,3944,3945,09:02,3893,10:32,3901,1309600株,5118百万円,-53,-1.34,3908.25円,3131回
8830,2019-09-11,3862,3895,13:10,3821,09:16,3888,1659700株,6416百万円,-13,-0.33,3865.633円,3498回
8830,2019-09-12,3922,3976,09:58,3902,09:02,3936,1665800株,6571百万円,+48,+1.23,3944.945円,3403回
8830,2019-09-13,3967,4010,14:59,3926,09:14,4007,2605200株,10377百万円,+71,+1.80,3983.18円,2841回
8830,2019-09-17,4030,4109,10:02,4020,09:00,4099,1990000株,8139百万円,+92,+2.30,4090.06円,4068回
8830,2019-09-17,4112,4139,09:16,4074,10:10,4107,1065900株,4375百万円,+8,+0.20,4104.369円,2325回,19552.85億円
8830,2019-09-19,4127,4171,09:47,4097,12:40,4140,1033800株,4279百万円,+33,+0.80,4139.413円,2159回,19709.96億円
8830,2019-09-20,4168,4185,09:00,4127,14:59,4148,1463600株,6079百万円,+8,+0.19,4153.209円,1918回,19748.05億円
8830,2019-09-24,4119,4149,09:09,4092,10:35,4131,1087800株,4487百万円,-17,-0.41,4124.89円,2473回,19667.11億円
8830,2019-09-25,4110,4185,12:39,4107,09:00,4168,1447400株,6029百万円,+37,+0.90,4165.57円,2792回,19843.26億円
8830,2019-09-26,4180,4204,09:14,4130,14:59,4143,1211100株,5032百万円,-25,-0.60,4154.694円,2557回,19724.24億円
8830,2019-09-27,4164,4177,09:00,4097,13:45,4134,1026500株,4239百万円,-9,-0.22,4129.756円,2119回,19681.39億円
8830,2019-09-30,4120,4145,09:57,4091,13:35,4113,1131400株,4652百万円,-21,-0.51,4111.578円,2163回,19581.42億円
8830,2019-10-01,4143,4156,09:00,4071,09:35,4092,833900株,3417百万円,-21,-0.51,4097.05円,1925回,19481.44億円
8830,2019-10-02,4077,4098,10:42,4058,09:20,4071,929500株,3786百万円,-21,-0.51,4072.636円,2135回,19381.46億円
8830,2019-10-03,4001,4014,14:57,3981,10:43,4012,1202100株,4811百万円,-59,-1.45,4002.228円,2640回,19100.57億円
8830,2019-10-04,3980,4034,15:00,3962,09:50,4034,969300株,3888百万円,+22,+0.55,4011.617円,2107回,19205.31億円
8830,2019-10-07,4042,4054,09:02,3998,14:14,4005,724500株,2904百万円,-29,-0.72,4008.912円,1716回,19067.24億円
8830,2019-10-08,3992,3997,09:00,3939,09:39,3970,1256800株,4985百万円,-35,-0.87,3966.367円,3102回,18900.61億円
8830,2019-10-09,3956,3992,13:05,3952,09:00,3981,1023800株,4072百万円,+11,+0.28,3976.946円,2449回,18952.98億円
8830,2019-10-10,3958,3959,09:00,3908,09:27,3945,1046700株,4121百万円,-36,-0.90,3937.387円,2528回,18781.59億円
8830,2019-10-11,3960,3961,09:00,3897,10:40,3930,1462700株,5749百万円,-15,-0.38,3930.119円,3165回,18710.18億円
8830,2019-10-15,4005,4007,09:06,3953,13:29,3973,1179200株,4687百万円,+43,+1.09,3974.458円,2331回,18914.90億円
8830,2019-10-16,4000,4001,09:08,3967,09:39,3991,1082200株,4316百万円,+18,+0.45,3988.426円,2650回,19000.59億円
8830,2019-10-17,4012,4052,09:23,3999,09:00,4001,1149600株,4617百万円,+10,+0.25,4015.934円,2323回,19048.20億円
8830,2019-10-18,4012,4060,10:11,4008,09:04,4035,1084500株,4378百万円,+34,+0.85,4036.509円,2251回,19210.07億円
8830,2019-10-21,4049,4081,11:24,4022,09:28,4069,758400株,3081百万円,+34,+0.84,4062.872円,1539回,19371.94億円
8830,2019-10-23,4098,4098,09:00,4019,09:18,4033,1099300株,4440百万円,-36,-0.88,4039.328円,2388回,19200.55億円
8830,2019-10-24,4053,4055,09:00,4002,13:26,4007,1027200株,4123百万円,-26,-0.64,4014.267円,2276回,19076.77億円
8830,2019-10-25,4016,4023,09:02,3955,13:09,3979,1204700株,4793百万円,-28,-0.70,3978.973円,2334回,18943.46億円
8830,2019-10-28,3947,3948,09:00,3891,09:06,3912,1402700株,5489百万円,-67,-1.68,3913.472円,3122回,18624.48億円
8830,2019-10-29,3901,3945,10:16,3900,09:00,3911,1327700株,5203百万円,-1,-0.03,3918.961円,2619回,18619.72億円
8830,2019-10-30,3907,3925,09:01,3858,13:39,3863,2010400株,7785百万円,-48,-1.23,3872.579円,4229回,18391.20億円
8830,2019-10-31,3890,3957,13:56,3875,09:00,3943,2458100株,9661百万円,+80,+2.07,3930.332円,4830回,18772.07億円
8830,2019-11-01,3944,3978,09:01,3923,12:59,3939,951800株,3746百万円,-4,-0.10,3935.931円,2335回,18753.03億円
8830,2019-11-05,3909,3955,12:49,3892,09:10,3940,1381500株,5430百万円,+1,+0.03,3930.499円,2915回,18757.79億円
8830,2019-11-06,4014,4037,09:04,3975,09:17,3982,1303200株,5207百万円,+42,+1.07,3995.409円,2791回,18957.74億円
8830,2019-11-07,3971,3997,09:13,3931,13:04,3952,1303700株,5154百万円,-30,-0.75,3953.601円,3025回,18814.92億円
8830,2019-11-08,4022,4024,09:08,3957,11:20,3969,1715200株,6837百万円,+17,+0.43,3986.02円,2784回,18895.85億円
8830,2019-11-11,3992,4002,09:22,3974,09:33,3979,1089800株,4341百万円,+10,+0.25,3982.891円,2206回,18943.46億円
8830,2019-11-12,4005,4046,09:22,3983,10:32,4013,1280700株,5134百万円,+34,+0.85,4008.675円,3014回,19105.33億円
8830,2019-11-13,3980,3992,12:37,3854,09:05,3930,1824900株,7164百万円,-83,-2.07,3925.452円,5478回,18710.18億円
8830,2019-11-14,3949,3962,09:00,3849,12:30,3857,1900000株,7360百万円,-67,-1.71,3873.591円,4630回,18362.64億円
8830,2019-11-15,3865,3888,10:10,3823,13:07,3826,1661400株,6379百万円,-31,-0.80,3839.402円,3672回,18215.05億円
8830,2019-11-18,3827,3854,09:00,3804,14:03,3815,1252000株,4782百万円,-11,-0.29,3819.387円,2709回,18162.68億円
8830,2019-11-19,3803,3855,12:49,3802,09:00,3837,1074500株,4121百万円,+22,+0.58,3835.287円,2240回,18267.42億円
8830,2019-11-20,3858,3882,09:12,3819,12:51,3828,1343100株,5161百万円,-9,-0.23,3842.615円,3334回,18224.57億円
8830,2019-11-21,3820,3858,15:00,3804,10:42,3858,1149700株,4415百万円,+30,+0.78,3839.792円,2619回,18367.40億円
8830,2019-11-22,3864,3876,09:08,3840,12:47,3848,1024200株,3947百万円,-10,-0.26,3854.171円,2674回,18319.79億円
8830,2019-11-25,3856,3875,09:59,3850,09:00,3865,662100株,2559百万円,+17,+0.44,3865.31円,1267回,18400.72億円
8830,2019-11-26,3869,3883,10:47,3838,12:32,3851,1168200株,4504百万円,-14,-0.36,3855.781円,2170回,18334.07億円
8830,2019-11-27,3864,3873,09:00,3831,14:49,3834,930500株,3576百万円,-17,-0.44,3842.761円,2296回,18253.14億円
8830,2019-11-28,3845,3845,09:00,3821,09:29,3840,639200株,2451百万円,+6,+0.16,3835.197円,1442回,18281.70億円
8830,2019-11-29,3840,3848,09:00,3811,14:28,3814,1060600株,4050百万円,-26,-0.68,3818.59円,2111回,18157.92億円
8830,2019-12-02,3835,3861,09:40,3825,09:00,3839,804600株,3095百万円,+25,+0.66,3846.072円,1784回,18276.94億円
8830,2019-12-03,3804,3819,09:41,3788,09:05,3811,1104600株,4207百万円,-28,-0.73,3808.847円,2322回,18143.64億円
8830,2019-12-05,3910,3916,09:05,3883,12:35,3894,1230200株,4795百万円,+35,+0.91,3897.845円,2663回,18538.79億円
8830,2019-12-06,3919,3926,09:00,3895,13:12,3899,619000株,2417百万円,+5,+0.13,3904.286円,1338回,18562.59億円
8830,2019-12-09,3896,3906,13:10,3873,09:26,3893,695300株,2707百万円,-6,-0.15,3893.001円,1487回,18534.03億円
8830,2019-12-10,3893,3924,09:37,3892,09:00,3913,967500株,3785百万円,+20,+0.51,3912.287円,1746回,18629.24億円
8830,2019-12-13,3909,3942,11:25,3873,09:06,3924,2068500株,8101百万円,+47,+1.21,3916.275円,2726回,18681.61億円
8830,2019-12-16,3924,3956,11:01,3920,09:00,3934,893100株,3518百万円,+10,+0.25,3938.988円,2000回,18729.22億円
8830,2019-12-17,3948,3949,09:00,3900,13:04,3914,863000株,3381百万円,-20,-0.51,3917.28円,1642回,18634.01億円
8830,2019-12-18,3892,3895,09:00,3851,12:30,3863,961800株,3716百万円,-51,-1.30,3863.95円,2272回,18391.20億円
8830,2019-12-19,3884,3890,12:33,3867,09:07,3882,561800株,2181百万円,+19,+0.49,3881.88円,1400回,18481.66億円
8830,2019-12-20,3902,3906,09:00,3870,10:27,3878,775100株,3010百万円,-4,-0.10,3882.952円,1139回,18462.61億円
8830,2019-12-23,3889,3896,09:07,3849,13:36,3858,608400株,2350百万円,-20,-0.52,3862.342円,1569回,18367.40億円
8830,2019-12-24,3847,3860,09:09,3828,10:56,3848,500300株,1923百万円,-10,-0.26,3843.911円,1235回,18319.79億円
8830,2019-12-25,3863,3864,09:00,3824,10:52,3833,345000株,1323百万円,-15,-0.39,3835.682円,721回,18248.38億円
8830,2019-12-26,3823,3847,14:59,3823,09:00,3846,414700株,1593百万円,+13,+0.34,3840.879円,1010回,18310.27億円
8830,2019-12-27,3855,3875,12:37,3849,14:59,3849,788400株,3042百万円,+3,+0.08,3858.748円,1759回,18324.55億円
8830,2019-12-30,3852,3857,09:00,3802,14:02,3812,1310200株,4999百万円,-37,-0.96,3815.339円,2339回,18148.40億円
8830,2020-01-06,3827,3841,09:00,3776,13:16,3781,1240000株,4701百万円,-31,-0.81,3791.48円,2385回,18000.81億円
8830,2020-01-07,3798,3867,13:54,3793,09:00,3865,1492200株,5747百万円,+84,+2.22,3851.382円,2889回,18400.72億円
8830,2020-01-08,3795,3817,12:34,3773,09:42,3786,1243500株,4711百万円,-79,-2.04,3788.665円,2494回,18024.62億円
8830,2020-01-09,3802,3825,14:53,3790,09:00,3815,989700株,3772百万円,+29,+0.77,3811.717円,1991回,18162.68億円
8830,2020-01-10,3834,3863,09:33,3825,09:00,3834,718200株,2756百万円,+19,+0.50,3837.842円,1268回,18253.14億円
8830,2020-01-14,3855,3858,11:18,3819,14:52,3830,1101500株,4226百万円,-4,-0.10,3836.948円,2555回,18234.09億円
8830,2020-01-15,3797,3808,09:02,3778,12:30,3790,1021000株,3871百万円,-40,-1.04,3791.448円,2465回,18043.66億円
8830,2020-01-16,3814,3823,09:01,3787,09:29,3804,588600株,2238百万円,+14,+0.37,3802.063円,1248回,18110.31億円
8830,2020-01-17,3809,3839,13:45,3805,09:08,3821,1038500株,3969百万円,+17,+0.45,3822.152円,2140回,18191.25億円
8830,2020-01-20,3820,3869,13:27,3819,09:00,3848,559200株,2155百万円,+27,+0.71,3853.042円,1362回,18319.79億円
8830,2020-01-21,3815,3832,10:04,3805,11:01,3822,900000株,3437百万円,-26,-0.68,3818.573円,2050回,18196.01億円
8830,2020-01-22,3836,3867,12:30,3830,09:00,3838,725500株,2790百万円,+16,+0.42,3845.312円,1726回,18272.18億円
8830,2020-01-23,3800,3820,09:04,3790,09:23,3812,987300株,3759百万円,-26,-0.68,3807.137円,1863回,18148.40億円
8830,2020-01-24,3826,3871,13:19,3813,09:00,3870,1189500株,4589百万円,+58,+1.52,3857.525円,2430回,18424.53億円
8830,2020-01-27,3842,3977,13:42,3830,09:00,3963,2299000株,9051百万円,+93,+2.40,3937.093円,5485回,18867.29億円
8830,2020-01-28,3936,3958,09:00,3909,12:55,3929,1317100株,5176百万円,-34,-0.86,3929.488円,2907回,18705.42億円
8830,2020-01-29,3953,3980,10:39,3935,09:09,3959,1124200株,4452百万円,+30,+0.76,3960.462円,2338回,18848億円
8830,2020-01-30,3954,3980,09:19,3943,09:00,3973,1652400株,6551百万円,+14,+0.35,3964.798円,3383回,18915億円
8830,2020-01-31,4043,4064,10:03,4018,09:00,4050,2457900株,9944百万円,+77,+1.94,4045.529円,5454回,19281億円
8830,2020-02-03,4026,4083,10:49,4013,09:00,4051,1618900株,6569百万円,+1,+0.02,4057.807円,3712回,19286億円
8830,2020-02-04,4065,4112,10:54,4058,09:00,4090,1647200株,6741百万円,+39,+0.96,4092.6円,3910回,19472億円
8830,2020-02-05,4101,4113,11:20,4077,09:09,4104,953500株,3910百万円,+14,+0.34,4101.075円,2374回,19539億円
8830,2020-02-06,4169,4185,09:00,4144,09:22,4168,1644100株,6850百万円,+64,+1.56,4166.366円,3666回,19843億円
8830,2020-02-07,4150,4211,14:05,4142,09:00,4209,1472200株,6174百万円,+41,+0.98,4193.529円,3281回,20038億円
8830,2020-02-10,4180,4213,14:40,4179,09:00,4209,1249800株,5253百万円,0,0,4203.253円,3195回,20038億円
8830,2020-02-10,4202,4231,09:08,4193,09:48,4222,1754200株,7383百万円,+13,+0.31,4208.629円,3325回,20100億円
8830,2020-02-13,4193,4236,14:47,4193,09:00,4234,1523000株,6427百万円,+12,+0.28,4219.682円,3171回,20157億円
8830,2020-02-14,4207,4226,09:00,4197,09:00,4213,2828200株,11903百万円,-21,-0.50,4208.536円,6239回,20058億円
