8920,2019-12-17,2529,2558,14:59,2520,12:30,2557,61800株,157百万円,+34,+1.35,2540.898円,361回,979.71億円
8920,2019-12-18,2557,2577,09:05,2542,09:50,2567,91600株,234百万円,+10,+0.39,2559.177円,611回,983.55億円
8920,2019-12-19,2579,2587,09:00,2504,13:37,2509,66800株,169百万円,-58,-2.26,2526.12円,407回,961.32億円
8920,2019-12-20,2497,2506,09:26,2482,15:00,2482,56700株,141百万円,-27,-1.08,2490.497円,308回,950.98億円
8920,2019-12-23,2458,2483,12:30,2450,09:14,2458,48400株,119百万円,-24,-0.97,2461.731円,258回,941.78億円
8920,2019-12-24,2458,2508,10:35,2458,09:00,2476,57500株,143百万円,+18,+0.73,2478.515円,365回,948.68億円
8920,2019-12-25,2477,2505,13:12,2466,09:23,2489,29500株,73百万円,+13,+0.53,2487.915円,169回,953.66億円
8920,2019-12-26,2466,2520,10:46,2466,09:00,2520,45900株,115百万円,+31,+1.25,2510.682円,247回,965.54億円
8920,2019-12-27,2521,2543,12:35,2512,09:49,2529,45600株,115百万円,+9,+0.36,2530.121円,241回,968.99億円
8920,2019-12-30,2535,2535,09:00,2500,14:47,2501,35400株,89百万円,-28,-1.11,2511.966円,234回,958.26億円
8920,2020-01-06,2442,2459,09:03,2426,13:51,2432,56200株,137百万円,-69,-2.76,2436.034円,331回,931.82億円
8920,2020-01-07,2436,2481,14:49,2436,09:00,2478,40500株,100百万円,+46,+1.89,2465.323円,252回,949.45億円
8920,2020-01-08,2461,2461,09:00,2388,09:26,2433,77600株,188百万円,-45,-1.82,2422.423円,499回,932.20億円
8920,2020-01-09,2452,2465,10:29,2419,12:47,2443,76100株,186百万円,+10,+0.41,2445.339円,395回,936.04億円
8920,2020-01-10,2443,2455,09:05,2418,12:40,2422,51700株,126百万円,-21,-0.86,2429.7円,353回,927.99億円
8920,2020-01-14,2433,2433,09:00,2393,09:00,2401,71600株,173百万円,-21,-0.87,2409.655円,477回,919.94億円
8920,2020-01-15,2396,2430,09:48,2392,09:00,2420,51300株,124百万円,+19,+0.79,2412.93円,272回,927.22億円
8920,2020-01-16,2405,2409,09:17,2351,12:52,2373,79500株,189百万円,-47,-1.94,2376.831円,488回,909.21億円
8920,2020-01-17,2371,2373,09:00,2342,10:27,2346,49000株,115百万円,-27,-1.14,2349.194円,293回,898.87億円
8920,2020-01-20,2319,2345,09:45,2319,09:00,2331,49000株,114百万円,-15,-0.64,2334.247円,297回,893.12億円
8920,2020-01-21,2301,2313,09:26,2291,14:11,2296,54300株,125百万円,-35,-1.50,2301.328円,274回,879.71億円
8920,2020-01-22,2290,2329,10:08,2280,09:00,2301,61100株,141百万円,+5,+0.22,2306.452円,310回,881.63億円
8920,2020-01-23,2301,2304,09:05,2276,12:31,2283,44000株,101百万円,-18,-0.78,2285.066円,257回,874.73億円
8920,2020-01-24,2293,2293,09:00,2254,14:50,2259,29300株,66百万円,-24,-1.05,2264.212円,172回,865.54億円
8920,2020-01-27,2203,2210,09:19,2184,09:08,2202,49500株,109百万円,-57,-2.52,2198.164円,263回,843.70億円
8920,2020-01-28,2158,2179,14:46,2156,09:28,2172,56900株,123百万円,-30,-1.36,2168.306円,306回,832.20億円
8920,2020-01-29,2172,2172,09:00,2128,15:00,2128,62300株,133百万円,-44,-2.03,2141.9円,324回,815億円
8920,2020-01-30,2138,2169,09:13,2119,13:03,2140,61000株,130百万円,+12,+0.56,2135.643円,372回,820億円
8920,2020-01-31,2137,2150,09:14,2125,09:27,2135,60000株,128百万円,-5,-0.23,2136.468円,366回,818億円
8920,2020-02-03,2223,2229,09:48,2154,09:09,2162,112500株,246百万円,+27,+1.26,2188.268円,572回,828億円
8920,2020-02-04,2150,2164,09:19,2132,13:34,2141,57700株,124百万円,-21,-0.97,2146.373円,310回,820億円
8920,2020-02-05,2119,2160,13:08,2104,09:05,2139,79600株,170百万円,-2,-0.09,2134.102円,414回,820億円
8920,2020-02-06,2173,2194,10:15,2162,09:05,2165,50100株,109百万円,+26,+1.22,2174.665円,271回,830億円
8920,2020-02-07,2143,2178,12:34,2130,09:27,2162,51600株,111百万円,-3,-0.14,2155.174円,311回,828億円
8920,2020-02-10,2141,2184,14:59,2135,09:00,2182,46600株,101百万円,+20,+0.93,2171.693円,273回,836億円
8920,2020-02-12,2159,2159,09:00,2101,14:59,2101,71500株,152百万円,-81,-3.71,2123.082円,387回,805億円
8920,2020-02-13,2138,2167,10:35,2119,09:07,2134,82300株,177百万円,+33,+1.57,2145.878円,495回,818億円
8920,2020-02-14,2133,2141,10:35,2089,14:59,2093,109900株,232百万円,-41,-1.92,2113.469円,614回,802億円
8920,2020-02-17,2042,2042,09:03,1991,13:43,1993,148100株,298百万円,-100,-4.78,2009.903円,703回,764億円
8920,2020-02-17,1926,2035,13:51,1921,09:06,2005,220500株,442百万円,+12,+0.60,2004.561円,1102回,768億円
8920,2020-02-18,2005,2037,09:18,1994,13:50,2006,58600株,118百万円,+1,+0.05,2007.614円,312回,769億円
8920,2020-02-20,2024,2049,09:47,1975,14:52,1978,78300株,157百万円,-28,-1.40,2001.931円,458回,758億円
8920,2020-02-21,1938,1962,10:00,1917,13:53,1928,123800株,239百万円,-50,-2.53,1932.75円,681回,739億円
8920,2020-02-25,1774,1834,10:32,1761,09:10,1801,177900株,322百万円,-127,-6.59,1807.424円,920回,690億円
8920,2020-02-26,1755,1755,09:03,1699,10:48,1720,205600株,354百万円,-81,-4.50,1720.741円,1138回,659億円
8920,2020-02-27,1713,1725,09:40,1653,13:53,1667,166300株,280百万円,-53,-3.08,1683.182円,951回,639億円
8920,2020-02-28,1588,1648,10:00,1562,14:53,1572,288400株,460百万円,-95,-5.70,1594.062円,1613回,602億円
8920,2020-03-02,1500,1610,12:37,1500,09:03,1582,306100株,480百万円,+10,+0.64,1568.609円,1546回,606億円
8920,2020-03-03,1618,1634,09:05,1487,11:26,1508,420000株,645百万円,-74,-4.68,1535.38円,1650回,578億円
8920,2020-03-04,1481,1520,13:55,1450,09:00,1507,247500株,369百万円,-1,-0.07,1490.272円,1305回,577億円
8920,2020-03-05,1508,1512,09:03,1446,13:21,1466,204900株,301百万円,-41,-2.72,1469.809円,1000回,562億円
8920,2020-03-06,1424,1445,09:04,1345,11:17,1367,328200株,453百万円,-99,-6.75,1381.377円,1225回,524億円
8920,2020-03-06,1320,1387,09:28,1302,09:04,1330,433500株,581百万円,-37,-2.71,1339.32円,1688回,510億円
8920,2020-03-10,1296,1296,09:03,1205,11:05,1261,688000株,859百万円,-69,-5.19,1248.029円,2902回,483億円
8920,2020-03-11,1254,1316,10:13,1239,14:57,1242,270400株,345百万円,-19,-1.51,1276.575円,1218回,476億円
8920,2020-03-12,1182,1224,09:22,1149,12:30,1175,316400株,373百万円,-67,-5.39,1179.585円,1302回,450億円
8920,2020-03-13,1030,1095,09:27,992,10:28,1058,418000株,434百万円,-117,-9.96,1037.741円,1585回,405億円
8920,2020-03-16,1060,1084,09:02,995,09:41,1007,631700株,645百万円,-51,-4.82,1021.374円,1922回,386億円
8920,2020-03-17,975,1045,13:01,940,09:18,1022,575200株,574百万円,+15,+1.49,997.306円,2293回,392億円
8920,2020-03-18,1020,1021,09:00,891,14:58,900,741900株,696百万円,-122,-11.94,937.939円,2647回,345億円
8920,2020-03-19,915,931,09:07,775,14:53,781,519300株,431百万円,-119,-13.22,830.12円,1829回,299億円
8920,2020-03-23,784,850,14:00,769,10:15,830,508600株,410百万円,+49,+6.27,805.42円,1678回,318億円
8920,2020-03-24,869,970,11:14,869,09:06,943,564000株,521百万円,+113,+13.61,924.043円,2034回,361億円
8920,2020-03-26,1033,1050,09:12,972,09:25,1028,348500株,350百万円,+85,+9.01,1003.761円,1458回,394億円
8920,2020-03-26,992,994,13:26,940,09:38,973,263900株,257百万円,-55,-5.35,973.403円,978回,373億円
8920,2020-03-27,995,1014,09:10,966,14:20,989,263100株,260百万円,+16,+1.64,987.959円,588回,379億円
8920,2020-03-30,956,1009,14:59,955,09:05,1006,240700株,236百万円,+17,+1.72,980.83円,905回,385億円
8920,2020-03-31,1036,1048,09:00,982,13:42,993,191700株,192百万円,-13,-1.29,1001.412円,882回,380億円
8920,2020-04-01,963,993,09:04,921,14:49,934,192900株,183百万円,-59,-5.94,948.398円,858回,358億円
8920,2020-04-02,889,889,09:08,821,14:43,825,473800株,400百万円,-109,-11.67,843.371円,1896回,316億円
8920,2020-04-03,808,819,09:06,750,14:32,765,562100株,436百万円,-60,-7.27,774.8円,1516回,293億円
8920,2020-04-06,757,808,14:48,718,09:10,797,568000株,438百万円,+32,+4.18,771.539円,1708回,305億円
8920,2020-04-07,842,929,10:28,829,13:42,863,633600株,553百万円,+66,+8.28,873.519円,2117回,331億円
8920,2020-04-08,882,928,14:29,850,09:17,919,336200株,300百万円,+56,+6.49,892.299円,1162回,352億円
8920,2020-04-09,934,959,09:16,904,13:33,945,320900株,299百万円,+26,+2.83,932.869円,1226回,362億円
8920,2020-04-10,952,952,09:00,855,10:06,877,483400株,429百万円,-68,-7.20,887.342円,1468回,336億円
8920,2020-04-13,883,911,10:38,858,09:59,883,313100株,277百万円,+6,+0.68,884.889円,1143回,338億円
8920,2020-04-14,865,918,14:40,841,09:29,909,368500株,324百万円,+26,+2.94,879.683円,1468回,348億円
8920,2020-04-15,909,915,13:10,880,11:27,908,220100株,197百万円,-1,-0.11,896.941円,990回,348億円
8920,2020-04-16,880,899,12:45,864,09:42,895,211900株,187百万円,-13,-1.43,884.239円,819回,343億円
8920,2020-04-17,910,978,09:39,902,09:00,927,411800株,386百万円,+32,+3.58,936.753円,1546回,355億円
8920,2020-04-20,926,960,14:59,911,09:06,958,266800株,249百万円,+31,+3.34,934.975円,947回,367億円
8920,2020-04-21,943,944,09:00,893,13:16,910,367700株,336百万円,-48,-5.01,913.75円,1296回,349億円
8920,2020-04-22,882,887,09:03,843,13:41,851,408900株,350百万円,-59,-6.48,855.195円,1128回,326億円
8920,2020-04-23,851,911,15:00,851,09:00,911,304500株,271百万円,+60,+7.05,889.882円,1195回,349億円
8920,2020-04-24,896,900,09:00,853,12:44,863,340300株,294百万円,-48,-5.27,865.372円,1075回,331億円
8920,2020-04-27,865,910,13:17,851,09:03,905,325900株,290百万円,+42,+4.87,891.043円,1141回,347億円
8920,2020-04-28,920,954,09:19,904,10:59,940,323700株,300百万円,+35,+3.87,926.084円,1160回,360億円
8920,2020-04-30,983,1005,09:07,977,13:19,983,352700株,348百万円,+43,+4.57,986.347円,970回,377億円
8920,2020-05-01,968,972,09:02,949,09:32,960,232600株,223百万円,-23,-2.34,957.67円,780回,368億円
8920,2020-05-07,958,968,09:46,940,12:50,954,266900株,254百万円,-6,-0.63,952.902円,932回,366億円
8920,2020-05-08,969,1056,14:49,961,09:02,1052,374700株,383百万円,+98,+10.27,1021.157円,1393回,403億円
8920,2020-05-11,1140,1223,10:47,1137,09:06,1205,603100株,714百万円,+153,+14.54,1183.173円,2517回,462億円,05/01,164.4,206.6,1.26
8920,2020-05-12,1302,1375,10:25,1254,09:17,1295,1200800株,1572百万円,+90,+7.47,1308.983円,4455回,496億円,05/01,164.4,206.6,1.26
8920,2020-05-13,1338,1399,09:11,1310,09:03,1363,1058100株,1444百万円,+68,+5.25,1364.779円,4107回,522億円,05/01,164.4,206.6,1.26
8920,2020-05-14,1338,1356,12:46,1287,14:10,1292,624200株,823百万円,-71,-5.21,1319.191円,2457回,495億円,05/01,164.4,206.6,1.26
8920,2020-05-15,1341,1370,09:09,1277,11:28,1326,647100株,855百万円,+34,+2.63,1321.046円,2509回,508億円,05/01,164.4,206.6,1.26
8920,2020-05-18,1352,1381,12:30,1332,09:54,1371,470400株,641百万円,+45,+3.39,1363.126円,1864回,525億円,05/01,164.4,206.6,1.26
8920,2020-05-19,1401,1460,09:25,1401,09:00,1418,519500株,741百万円,+47,+3.43,1425.73円,2017回,543億円,05/01,164.4,206.6,1.26
8920,2020-05-20,1410,1441,09:47,1393,09:16,1439,407100株,580百万円,+21,+1.48,1424.255円,1668回,551億円,05/15,295.4,351.0,1.19
8920,2020-05-21,1461,1478,09:04,1387,14:23,1391,637300株,904百万円,-48,-3.34,1419.147円,2241回,533億円,05/15,295.4,351.0,1.19
8920,2020-05-22,1381,1399,09:00,1306,10:46,1344,634100株,847百万円,-47,-3.38,1335.601円,2415回,515億円,05/15,295.4,351.0,1.19
8920,2020-05-25,1374,1411,14:57,1352,10:38,1411,424000株,585百万円,+67,+4.99,1379.088円,1548回,541億円,05/15,295.4,351.0,1.19
8920,2020-05-26,1440,1555,13:27,1413,09:05,1529,906300株,1351百万円,+118,+8.36,1491円,3457回,586億円,05/15,295.4,351.0,1.19
8920,2020-05-27,1552,1612,09:29,1527,14:13,1541,847600株,1320百万円,+12,+0.78,1557.044円,3781回,590億円,05/22,223.9,319.4,1.43
8920,2020-05-28,1569,1586,09:24,1441,14:02,1480,848200株,1275百万円,-61,-3.96,1503.729円,3049回,567億円,05/22,223.9,319.4,1.43
8920,2020-05-29,1454,1466,09:00,1411,10:15,1418,471100株,674百万円,-62,-4.19,1431.159円,1868回,543億円,05/22,223.9,319.4,1.43
8920,2020-06-01,1401,1414,09:00,1364,09:05,1393,424000株,588百万円,-25,-1.76,1387.07円,1501回,534億円,05/22,223.9,319.4,1.43
8920,2020-06-02,1411,1489,14:40,1404,09:01,1473,623200株,908百万円,+80,+5.74,1456.812円,2621回,564億円,05/22,223.9,319.4,1.43
8920,2020-06-03,1473,1498,09:03,1373,11:22,1401,735800株,1042百万円,-72,-4.89,1415.728円,2759回,537億円,05/22,223.9,319.4,1.43
8920,2020-06-04,1419,1425,09:00,1338,12:37,1386,610400株,838百万円,-15,-1.07,1372.147円,2613回,531億円,05/29,182.6,412.2,2.26
8920,2020-06-05,1362,1404,12:52,1354,09:02,1397,584200株,808百万円,+11,+0.79,1382.677円,2254回,535億円,05/29,182.6,412.2,2.26
8920,2020-06-08,1422,1499,14:53,1406,09:01,1497,579500株,849百万円,+100,+7.16,1465.776円,2388回,574億円,05/29,182.6,412.2,2.26
8920,2020-06-09,1467,1483,09:04,1393,11:22,1446,679700株,974百万円,-51,-3.41,1432.451円,2911回,554億円,05/29,182.6,412.2,2.26
8920,2020-06-10,1430,1456,10:23,1406,09:05,1438,465100株,667百万円,-8,-0.55,1433.103円,2355回,551億円,06/05,163.2,366.9,2.25
8920,2020-06-11,1410,1441,09:05,1370,13:20,1406,928400株,1304百万円,-32,-2.23,1404.708円,3971回,539億円,06/05,163.2,366.9,2.25
8920,2020-06-12,1291,1346,13:35,1250,09:21,1329,654700株,849百万円,-77,-5.48,1296.948円,2368回,509億円,06/05,163.2,366.9,2.25
8920,2020-06-15,1335,1375,11:19,1282,14:59,1282,378200株,504百万円,-47,-3.54,1332.506円,1507回,491億円,06/05,163.2,366.9,2.25
8920,2020-06-16,1338,1416,12:46,1338,09:03,1402,590500株,823百万円,+120,+9.36,1394.13円,2227回,537億円,06/05,163.2,366.9,2.25
8920,2020-06-17,1372,1393,09:09,1332,12:51,1354,503200株,683百万円,-48,-3.42,1357.44円,1892回,519億円,06/12,125.5,361.4,2.88
8920,2020-06-18,1311,1320,09:04,1266,10:37,1293,561700株,723百万円,-61,-4.51,1286.857円,2139回,495億円,06/12,125.5,361.4,2.88
8920,2020-06-19,1319,1353,13:17,1308,09:01,1344,416800株,557百万円,+51,+3.94,1337.275円,1552回,515億円,06/12,125.5,361.4,2.88
8920,2020-06-22,1299,1347,14:44,1294,09:03,1343,347800株,461百万円,-1,-0.07,1325.526円,1632回,515億円,06/12,125.5,361.4,2.88
8920,2020-06-23,1353,1380,09:29,1319,10:30,1359,377000株,510百万円,+16,+1.19,1353.616円,1760回,521億円,06/12,125.5,361.4,2.88
8920,2020-06-24,1354,1382,09:30,1334,13:58,1348,253600株,344百万円,-11,-0.81,1357.67円,1239回,516億円,06/19,119.6,327.6,2.74
8920,2020-06-25,1309,1314,09:03,1280,11:13,1303,340300株,442百万円,-45,-3.34,1298.864円,1294回,499億円,06/19,119.6,327.6,2.74
8920,2020-06-26,1312,1326,14:50,1272,10:32,1318,366200株,477百万円,+15,+1.15,1302.76円,1481回,505億円,06/19,119.6,327.6,2.74
