8929,2019-08-30,1412,1427,09:44,1400,09:16,1400,39900株,56百万円,+2,+0.14,1412.474円,264回
8929,2019-09-02,1411,1451,09:37,1400,09:08,1420,36900株,53百万円,+20,+1.43,1427.986円,230回
8929,2019-09-03,1421,1435,09:03,1410,14:12,1417,22200株,31百万円,-3,-0.21,1416.559円,154回
8929,2019-09-03,1417,1444,14:13,1407,09:03,1437,26800株,38百万円,+20,+1.41,1425.515円,123回
8929,2019-09-05,1434,1465,11:16,1428,09:54,1448,31000株,45百万円,+11,+0.77,1448.965円,126回
8929,2019-09-05,1451,1458,09:00,1438,14:46,1439,17500株,25百万円,-9,-0.62,1448.109円,92回
8929,2019-09-07,1450,1457,13:36,1432,12:38,1444,54000株,78百万円,+5,+0.35,1447.848円,142回
8929,2019-09-10,1444,1450,09:10,1422,14:38,1427,16900株,24百万円,-17,-1.18,1431.491円,110回
8929,2019-09-11,1436,1454,11:26,1428,10:04,1447,24100株,35百万円,+20,+1.40,1443.925円,117回
8929,2019-09-12,1445,1445,09:00,1417,12:46,1425,40000株,57百万円,-22,-1.52,1427.383円,250回
8929,2019-09-13,1432,1464,10:40,1432,09:00,1459,62100株,90百万円,+34,+2.39,1453.365円,358回
8929,2019-09-17,1437,1491,13:35,1437,09:00,1488,34300株,51百万円,+29,+1.99,1473.563円,161回
8929,2019-09-17,1495,1545,14:15,1495,09:00,1532,79800株,122百万円,+44,+2.96,1528.91円,440回,185.47億円
8929,2019-09-19,1536,1537,09:02,1511,12:37,1530,28100株,43百万円,-2,-0.13,1526.125円,153回,185.23億円
8929,2019-09-20,1532,1535,10:22,1519,09:23,1532,14100株,22百万円,+2,+0.13,1528.681円,94回,185.47億円
8929,2019-09-24,1528,1557,12:37,1518,09:04,1550,31500株,49百万円,+18,+1.17,1545.648円,149回,187.65億円
8929,2019-09-25,1558,1561,09:06,1525,11:06,1549,33900株,52百万円,-1,-0.06,1546.867円,183回,187.53億円
8929,2019-09-26,1559,1575,13:12,1559,09:00,1562,20600株,32百万円,+13,+0.84,1568.209円,145回,189.11億円
8929,2019-09-27,1559,1578,14:54,1547,11:10,1573,36900株,58百万円,+11,+0.70,1563.797円,192回,190.44億円
8929,2019-09-30,1571,1650,14:43,1570,09:12,1646,99100株,161百万円,+73,+4.64,1620.492円,519回,199.27億円
8929,2019-10-01,1646,1658,09:13,1599,14:44,1600,41100株,67百万円,-46,-2.79,1619.793円,200回,193.71億円
8929,2019-10-02,1615,1618,09:53,1598,09:03,1616,16900株,27百万円,+16,+1.00,1609.947円,76回,195.64億円
8929,2019-10-03,1623,1638,10:48,1595,09:09,1636,43400株,71百万円,+20,+1.24,1624.687円,263回,198.06億円
8929,2019-10-04,1635,1635,09:00,1612,09:36,1634,47900株,78百万円,-2,-0.12,1624.194円,136回,197.82億円
8929,2019-10-07,1638,1643,09:04,1579,13:36,1595,63800株,102百万円,-39,-2.39,1602.835円,304回,193.10億円
8929,2019-10-08,1596,1617,14:36,1595,09:03,1614,29000株,47百万円,+19,+1.19,1607.89円,144回,195.40億円
8929,2019-10-09,1627,1659,12:40,1627,09:00,1646,62400株,103百万円,+32,+1.98,1646.532円,373回,199.27億円
8929,2019-10-10,1649,1649,09:00,1608,09:29,1620,21900株,36百万円,-26,-1.58,1623.712円,118回,196.13億円
8929,2019-10-11,1611,1613,09:07,1591,09:00,1605,47800株,77百万円,-15,-0.93,1600.623円,272回,194.31億円
8929,2019-10-15,1625,1630,09:13,1608,13:15,1612,10800株,17百万円,+7,+0.44,1616.63円,59回,195.16億円
8929,2019-10-16,1632,1633,09:00,1592,13:30,1600,29500株,48百万円,-12,-0.74,1610.288円,138回,193.71億円
8929,2019-10-17,1618,1630,10:47,1613,09:00,1620,64300株,104百万円,+20,+1.25,1621.219円,313回,196.13億円
8929,2019-10-18,1620,1620,09:00,1577,14:51,1580,90300株,144百万円,-40,-2.47,1592.368円,394回,191.28億円
8929,2019-10-21,1578,1603,09:07,1578,09:00,1578,39100株,62百万円,-2,-0.13,1587.622円,264回,191.04億円
8929,2019-10-23,1582,1599,14:45,1576,09:04,1594,20100株,32百万円,+16,+1.01,1587.726円,117回,192.98億円
8929,2019-10-24,1604,1604,09:00,1565,12:32,1579,25300株,40百万円,-15,-0.94,1579.32円,135回,191.16億円
8929,2019-10-25,1598,1598,09:00,1575,14:15,1581,25800株,41百万円,+2,+0.13,1583.822円,78回,191.41億円
8929,2019-10-28,1597,1685,14:35,1590,09:03,1667,95800株,157百万円,+86,+5.44,1643.691円,520回,201.82億円
8929,2019-10-29,1650,1674,09:35,1631,14:57,1637,36200株,60百万円,-30,-1.80,1646.077円,158回,198.19億円
8929,2019-10-30,1637,1679,09:15,1632,10:59,1655,39200株,65百万円,+18,+1.10,1655.957円,229回,200.36億円
8929,2019-10-31,1670,1670,09:00,1620,11:14,1636,22900株,38百万円,-19,-1.15,1642.598円,122回,198.06億円
8929,2019-11-01,1636,1649,14:59,1612,09:07,1648,17000株,28百万円,+12,+0.73,1629.747円,81回,199.52億円
8929,2019-11-05,1650,1657,12:45,1632,09:00,1644,36200株,60百万円,-4,-0.24,1645.204円,141回,199.03億円
8929,2019-11-07,1620,1638,10:19,1612,09:23,1632,33900株,55百万円,+15,+0.93,1623.664円,190回,197.58億円
8929,2019-11-08,1635,1638,09:00,1552,09:01,1570,102400株,163百万円,-62,-3.80,1592.315円,524回,190.07億円
8929,2019-11-11,1578,1620,10:13,1578,09:00,1614,53300株,86百万円,+44,+2.80,1604.426円,291回,195.40億円
8929,2019-11-12,1623,1678,12:30,1623,09:00,1664,105900株,175百万円,+50,+3.10,1656.337円,535回,201.45億円
8929,2019-11-13,1648,1648,09:00,1613,11:15,1646,51100株,83百万円,-18,-1.08,1632.092円,257回,199.27億円
8929,2019-11-14,1646,1646,09:00,1604,12:54,1606,44400株,72百万円,-40,-2.43,1613.372円,269回,194.43億円
8929,2019-11-15,1603,1613,13:54,1592,09:24,1607,31700株,51百万円,+1,+0.06,1600.558円,181回,194.55億円
8929,2019-11-18,1607,1634,14:42,1601,09:29,1632,53500株,87百万円,+25,+1.56,1623.241円,245回,197.58億円
8929,2019-11-19,1643,1701,11:29,1636,09:02,1686,101900株,171百万円,+54,+3.31,1675.685円,553回,204.12億円
8929,2019-11-20,1690,1692,09:00,1655,09:07,1688,36500株,61百万円,+2,+0.12,1677.132円,196回,204.36億円
8929,2019-11-21,1693,1732,13:10,1668,10:42,1723,77500株,132百万円,+35,+2.07,1708.871円,330回,208.60億円
8929,2019-11-22,1725,1735,09:40,1700,09:10,1735,45500株,79百万円,+12,+0.70,1726.031円,249回,210.05億円
8929,2019-11-25,1750,1757,15:00,1738,12:38,1757,46900株,82百万円,+22,+1.27,1748.077円,216回,212.71億円
8929,2019-11-26,1767,1769,09:00,1741,13:05,1749,29600株,52百万円,-8,-0.46,1752.807円,177回,211.74億円
8929,2019-11-27,1745,1790,14:46,1745,09:00,1783,58900株,105百万円,+34,+1.94,1776.941円,352回,215.86億円
8929,2019-11-28,1786,1786,09:00,1751,13:19,1775,35400株,63百万円,-8,-0.45,1766.294円,193回,214.89億円
8929,2019-11-29,1760,1767,09:10,1727,13:08,1744,51100株,89百万円,-31,-1.75,1747.344円,257回,211.14億円
8929,2019-12-02,1760,1790,09:27,1753,09:44,1767,43200株,76百万円,+23,+1.32,1766.919円,263回,213.92億円
8929,2019-12-03,1760,1775,12:37,1737,09:02,1771,29200株,51百万円,+4,+0.23,1763.438円,209回,214.41億円
8929,2019-12-05,1790,1790,09:00,1766,10:41,1779,36500株,65百万円,+9,+0.51,1779.233円,181回,215.38億円
8929,2019-12-06,1771,1794,09:06,1767,13:17,1784,33800株,60百万円,+5,+0.28,1782.03円,189回,215.98億円
8929,2019-12-09,1784,1818,12:35,1780,09:01,1815,54500株,98百万円,+31,+1.74,1804.072円,248回,219.73億円
8929,2019-12-10,1815,1824,09:47,1805,09:09,1809,61300株,111百万円,-6,-0.33,1816.489円,268回,219.01億円
8929,2019-12-13,1777,1782,09:00,1741,13:49,1753,31100株,55百万円,-23,-1.30,1758.19円,172回,212.23億円
8929,2019-12-16,1784,1785,09:13,1748,10:18,1765,29300株,52百万円,+12,+0.68,1766.386円,118回,213.68億円
8929,2019-12-17,1765,1768,15:00,1745,09:24,1768,17500株,31百万円,+3,+0.17,1756.577円,110回,214.04億円
8929,2019-12-18,1767,1767,09:00,1738,12:35,1745,34700株,61百万円,-23,-1.30,1746.64円,161回,211.26億円
8929,2019-12-19,1745,1756,09:27,1740,14:32,1744,19000株,33百万円,-1,-0.06,1746.847円,103回,211.14億円
8929,2019-12-20,1744,1744,09:00,1720,15:00,1720,27300株,47百万円,-24,-1.38,1729.553円,122回,208.23億円
8929,2019-12-23,1720,1725,09:13,1687,15:00,1687,63400株,108百万円,-33,-1.92,1703.535円,249回,204.24億円
8929,2019-12-24,1689,1718,14:59,1688,09:00,1718,28200株,48百万円,+31,+1.84,1703.592円,161回,207.99億円
8929,2019-12-25,1730,1730,09:00,1696,12:31,1709,28200株,48百万円,-9,-0.52,1712.557円,138回,206.90億円
8929,2019-12-26,1700,1719,14:56,1694,09:00,1714,46100株,79百万円,+5,+0.29,1706.362円,209回,207.51億円
8929,2019-12-27,1690,1706,09:30,1689,09:02,1703,28000株,48百万円,-11,-0.64,1699.268円,133回,206.18億円
8929,2019-12-30,1697,1697,09:00,1682,09:32,1688,16100株,27百万円,-15,-0.88,1688.398円,93回,204.36億円
8929,2020-01-06,1663,1674,09:35,1632,13:47,1651,37200株,61百万円,-37,-2.19,1650.258円,172回,199.88億円
8929,2020-01-07,1651,1668,10:43,1651,09:00,1659,16000株,27百万円,+8,+0.48,1660.906円,84回,200.85億円
8929,2020-01-08,1650,1658,09:00,1606,09:26,1628,37600株,61百万円,-31,-1.87,1620.598円,205回,197.10億円
8929,2020-01-09,1635,1658,09:18,1635,09:00,1646,16500株,27百万円,+18,+1.11,1645.897円,90回,199.27億円
8929,2020-01-10,1650,1650,09:00,1630,11:26,1638,24300株,40百万円,-8,-0.49,1635.317円,82回,198.31億円
8929,2020-01-14,1631,1633,09:04,1607,13:13,1615,34500株,56百万円,-23,-1.40,1616.788円,142回,195.52億円
8929,2020-01-15,1608,1616,09:26,1595,13:32,1609,21700株,35百万円,-6,-0.37,1603.774円,104回,194.80億円
8929,2020-01-16,1609,1632,13:53,1609,09:00,1622,20300株,33百万円,+13,+0.81,1624.074円,102回,196.37億円
8929,2020-01-17,1626,1630,09:00,1596,10:38,1602,32000株,51百万円,-20,-1.23,1604.109円,185回,193.95億円
8929,2020-01-20,1607,1623,13:01,1601,10:18,1607,26700株,43百万円,+5,+0.31,1609.521円,161回,194.67億円
8929,2020-01-21,1614,1624,15:00,1598,12:50,1624,39000株,63百万円,+17,+1.06,1606.064円,213回,196.73億円
8929,2020-01-22,1624,1647,10:21,1620,09:00,1640,30700株,50百万円,+16,+0.99,1638.844円,198回,198.67億円
8929,2020-01-23,1645,1645,09:00,1612,14:41,1613,30500株,50百万円,-27,-1.65,1627.987円,146回,195.40億円
8929,2020-01-24,1621,1622,09:00,1601,09:48,1606,30300株,49百万円,-7,-0.43,1609.389円,189回,194.55億円
8929,2020-01-27,1585,1592,09:16,1573,09:40,1579,35300株,56百万円,-27,-1.68,1582.382円,171回,191.28億円
8929,2020-01-28,1558,1569,09:00,1541,09:14,1562,28900株,45百万円,-17,-1.08,1555.232円,152回,189.22億円
8929,2020-01-29,1580,1580,09:00,1548,13:49,1557,19300株,30百万円,-5,-0.32,1556.352円,108回,189億円
8929,2020-01-30,1557,1557,09:00,1495,12:34,1506,52500株,80百万円,-51,-3.28,1516.337円,275回,182億円
8929,2020-01-31,1580,1580,09:03,1531,10:54,1544,39300株,61百万円,+38,+2.52,1554.417円,216回,187億円
8929,2020-02-03,1504,1535,13:18,1504,09:00,1527,39300株,60百万円,-17,-1.10,1520.013円,209回,185億円
8929,2020-02-04,1532,1613,14:38,1516,09:14,1606,94600株,149百万円,+79,+5.17,1575.484円,508回,195億円
8929,2020-02-05,1605,1605,09:00,1533,10:15,1583,112900株,177百万円,-23,-1.43,1567.967円,545回,192億円
8929,2020-02-06,1635,1696,09:56,1625,09:05,1690,152600株,255百万円,+107,+6.76,1673.993円,665回,205億円
8929,2020-02-07,1661,1697,13:12,1640,09:39,1687,55400株,93百万円,-3,-0.18,1672.628円,304回,204億円
8929,2020-02-10,1672,1739,12:36,1672,09:00,1739,97000株,167百万円,+52,+3.08,1723.262円,392回,211億円
8929,2020-02-12,1735,1765,12:30,1728,09:00,1736,95400株,167百万円,-3,-0.17,1748.056円,478回,210億円
8929,2020-02-13,1736,1745,09:00,1717,10:13,1733,30000株,52百万円,-3,-0.17,1731.03円,174回,210億円
8929,2020-02-14,1713,1728,09:04,1690,14:59,1692,39900株,68百万円,-41,-2.37,1705.762円,260回,205億円
8929,2020-02-17,1670,1678,09:45,1638,09:03,1651,44600株,74百万円,-41,-2.42,1659.227円,273回,200億円
8929,2020-02-17,1640,1695,09:51,1637,14:59,1637,52700株,87百万円,-14,-0.85,1657.209円,270回,198億円
8929,2020-02-18,1644,1726,14:17,1644,09:00,1706,57100株,97百万円,+69,+4.22,1699.345円,285回,207億円
8929,2020-02-20,1712,1737,09:06,1682,15:00,1682,40000株,68百万円,-24,-1.41,1704.745円,212回,204億円
8929,2020-02-21,1679,1698,09:01,1675,14:38,1682,12700株,21百万円,0,0,1682.559円,73回,204億円
8929,2020-02-25,1522,1590,09:21,1520,09:09,1570,52600株,82百万円,-112,-6.66,1561.032円,256回,190億円
8929,2020-02-26,1550,1550,09:00,1492,11:05,1533,95600株,145百万円,-37,-2.36,1513.046円,496回,186億円
8929,2020-02-27,1533,1534,09:00,1429,13:56,1441,129300株,190百万円,-92,-6.00,1471.35円,718回,175億円
8929,2020-02-28,1351,1421,09:35,1344,14:36,1356,165500株,226百万円,-85,-5.90,1367.474円,617回,164億円
