9005,2019-08-06,1903,1931,09:29,1894,12:30,1923,1731300株,3318百万円,+17,+0.89,1916.584円,2593回
9005,2019-08-06,1883,1913,14:52,1876,09:01,1911,1507400株,2862百万円,-12,-0.62,1898.488円,2101回
9005,2019-08-07,1901,1935,14:42,1889,09:16,1929,1640600株,3142百万円,+18,+0.94,1914.889円,2667回
9005,2019-08-08,1919,1920,09:05,1905,09:01,1912,1369000株,2618百万円,-17,-0.88,1912.569円,2269回
9005,2019-08-09,1922,1947,09:07,1915,09:44,1939,1297100株,2508百万円,+27,+1.41,1933.717円,2190回
9005,2019-08-13,1933,1946,09:01,1900,14:59,1902,1891200株,3622百万円,-37,-1.91,1915.142円,2359回
9005,2019-08-14,1911,1912,09:00,1873,12:35,1878,1351300株,2545百万円,-24,-1.26,1883.495円,1781回
9005,2019-08-15,1847,1870,11:05,1841,09:00,1868,1201000株,2232百万円,-10,-0.53,1858.577円,1983回
9005,2019-08-16,1855,1887,12:38,1848,09:00,1878,869700株,1628百万円,+10,+0.54,1872.067円,1790回
9005,2019-08-19,1904,1904,09:00,1869,12:44,1888,912800株,1723百万円,+10,+0.53,1887.431円,1631回
9005,2019-08-20,1881,1899,14:59,1875,10:06,1898,654400株,1236百万円,+10,+0.53,1889.477円,1348回
9005,2019-08-21,1881,1885,09:00,1864,10:51,1872,1067000株,1997百万円,-26,-1.37,1871.676円,1832回
9005,2019-08-22,1873,1873,09:00,1855,09:42,1869,856100株,1597百万円,-3,-0.16,1865.097円,1178回
9005,2019-08-23,1865,1877,09:01,1855,13:00,1858,865100株,1610百万円,-11,-0.59,1860.883円,1194回
9005,2019-08-26,1834,1873,13:43,1821,09:01,1869,1517900株,2819百万円,+11,+0.59,1856.899円,1876回
9005,2019-08-26,1878,1884,09:00,1864,14:11,1870,960300株,1798百万円,+1,+0.05,1872.126円,1324回
9005,2019-08-28,1883,1894,14:59,1883,09:00,1892,891700株,1685百万円,+22,+1.18,1889.099円,1387回
9005,2019-08-29,1886,1897,14:30,1875,09:10,1896,712200株,1346百万円,+4,+0.21,1889.654円,1146回
9005,2019-08-30,1917,1917,09:00,1884,09:57,1899,1244600株,2360百万円,+3,+0.16,1895.924円,1830回
9005,2019-09-02,1894,1899,09:00,1873,14:58,1873,737400株,1389百万円,-26,-1.37,1883.36円,1114回
9005,2019-09-03,1870,1883,14:59,1865,09:54,1881,881400株,1654百万円,+8,+0.43,1876.008円,1307回
9005,2019-09-03,1872,1890,14:03,1869,09:58,1886,774200株,1457百万円,+5,+0.27,1882.266円,1262回
9005,2019-09-05,1901,1908,11:25,1885,09:41,1893,1302100株,2469百万円,+7,+0.37,1896.175円,2196回
9005,2019-09-05,1899,1900,09:00,1880,09:15,1884,1051200株,1982百万円,-9,-0.48,1885.692円,1624回
9005,2019-09-07,1879,1903,15:00,1879,09:00,1903,800500株,1518百万円,+19,+1.01,1896.478円,1102回
9005,2019-09-10,1905,1908,09:00,1892,14:36,1899,1099600株,2087百万円,-4,-0.21,1898.384円,1776回
9005,2019-09-11,1906,1932,13:06,1898,09:01,1930,1425200株,2737百万円,+31,+1.63,1920.452円,1757回
9005,2019-09-12,1946,1967,10:09,1944,09:09,1957,1929600株,3774百万円,+27,+1.40,1955.751円,2217回
9005,2019-09-13,1977,2017,14:59,1951,09:09,2016,3075200株,6126百万円,+59,+3.01,1992.18円,2753回
9005,2019-09-17,2020,2057,10:42,2020,09:00,2053,1765300株,3612百万円,+37,+1.84,2045.972円,2420回
9005,2019-09-17,2071,2085,10:42,2059,14:03,2066,1497300株,3102百万円,+13,+0.63,2071.551円,2277回,12909.81億円
9005,2019-09-19,2067,2094,13:28,2066,09:16,2088,1673700株,3486百万円,+22,+1.06,2082.997円,2182回,13047.28億円
9005,2019-09-20,2095,2112,10:32,2083,09:10,2096,2327200株,4881百万円,+8,+0.38,2097.218円,2796回,13097.27億円
9005,2019-09-24,2097,2125,10:02,2091,09:00,2113,1856900株,3920百万円,+17,+0.81,2111.071円,2575回,13203.50億円
9005,2019-09-25,2105,2125,09:20,2103,09:00,2114,1378500株,2914百万円,+1,+0.05,2113.85円,2551回,13209.75億円
9005,2019-09-26,2130,2150,09:25,2082,14:51,2089,3153200株,6665百万円,-25,-1.18,2113.794円,2879回,13053.53億円
9005,2019-09-27,2053,2075,09:04,2028,13:55,2054,2120200株,4344百万円,-35,-1.68,2048.914円,2413回,12834.83億円
9005,2019-09-30,2033,2045,09:12,2018,14:40,2028,1387100株,2815百万円,-26,-1.27,2029.75円,1795回,12672.36億円
9005,2019-10-01,2025,2051,10:28,2021,09:00,2030,1199200株,2438百万円,+2,+0.10,2033.392円,2108回,12684.86億円
9005,2019-10-02,2023,2048,10:29,2023,09:00,2034,1422400株,2894百万円,+4,+0.20,2034.411円,2304回,12709.85億円
9005,2019-10-03,2002,2006,09:19,1980,12:49,1993,1271700株,2533百万円,-41,-2.02,1991.84円,2049回,12453.66億円
9005,2019-10-04,2000,2026,14:42,1996,09:09,2026,1308700株,2636百万円,+33,+1.66,2014.355円,2518回,12659.86億円
9005,2019-10-07,2030,2048,10:23,2021,09:01,2030,1251600株,2546百万円,+4,+0.20,2034.265円,1703回,12684.86億円
9005,2019-10-08,2050,2056,09:31,2036,10:38,2040,1279400株,2615百万円,+10,+0.49,2043.582円,2131回,12747.35億円
9005,2019-10-09,2035,2055,14:59,2031,09:00,2053,1194700株,2447百万円,+13,+0.64,2048.561円,2291回,12828.58億円
9005,2019-10-10,2053,2063,09:00,2031,09:28,2055,860300株,1765百万円,+2,+0.10,2051.236円,1597回,12841.08億円
9005,2019-10-11,2072,2073,09:00,2047,10:21,2053,1215300株,2500百万円,-2,-0.10,2056.901円,1980回,12828.58億円
9005,2019-10-15,2075,2096,13:02,2061,09:35,2091,1026600株,2140百万円,+38,+1.85,2084.598円,1743回,13066.03億円
9005,2019-10-16,2106,2111,09:00,2078,14:45,2082,1405100株,2936百万円,-9,-0.43,2089.275円,1942回,13009.79億円
9005,2019-10-17,2078,2079,09:00,2053,14:59,2054,919000株,1896百万円,-28,-1.34,2063.253円,1459回,12834.83億円
9005,2019-10-18,2063,2064,10:11,2042,13:33,2047,799000株,1639百万円,-7,-0.34,2051.106円,1211回,12791.09億円
9005,2019-10-21,2050,2076,13:16,2048,09:00,2070,662400株,1368百万円,+23,+1.12,2065.193円,1111回,12934.81億円
9005,2019-10-23,2090,2093,09:45,2067,09:09,2093,692600株,1446百万円,+23,+1.11,2087.241円,1197回,13078.53億円
9005,2019-10-24,2100,2106,09:00,2068,14:19,2069,973000株,2024百万円,-24,-1.15,2080.186円,1682回,12928.56億円
9005,2019-10-25,2075,2083,14:21,2061,09:08,2083,1020700株,2120百万円,+14,+0.68,2076.983円,1689回,13016.04億円
9005,2019-10-28,2073,2076,13:52,2054,09:04,2070,862900株,1786百万円,-13,-0.62,2070.293円,1590回,12934.81億円
9005,2019-10-29,2080,2088,09:05,2061,14:17,2062,1194500株,2474百万円,-8,-0.39,2071.291円,2101回,12884.82億円
9005,2019-10-30,2066,2079,10:01,2056,09:17,2066,3078800株,6366百万円,+4,+0.19,2067.63円,2960回,12909.81億円
9005,2019-10-31,2066,2074,09:40,2046,14:41,2051,1251400株,2573百万円,-15,-0.73,2056.285円,2196回,12816.08億円
9005,2019-11-01,2040,2068,09:22,2036,09:00,2061,1032700株,2122百万円,+10,+0.49,2054.728円,1937回,12878.57億円
9005,2019-11-05,2075,2110,13:06,2068,09:04,2102,1042200株,2186百万円,+41,+1.99,2097.227円,1261回,13134.76億円
9005,2019-11-06,2115,2118,09:00,2086,10:05,2101,820300株,1722百万円,-1,-0.05,2099.194円,1075回,13128.52億円
9005,2019-11-07,2110,2120,09:14,2090,12:30,2111,883700株,1863百万円,+10,+0.48,2107.927円,1596回,13191.00億円
9005,2019-11-08,2121,2121,09:00,2098,12:35,2112,1368700株,2890百万円,+1,+0.05,2111.604円,1918回,13197.25億円
9005,2019-11-11,2107,2166,14:52,2101,10:38,2152,1913700株,4082百万円,+40,+1.89,2133.25円,2552回,13447.20億円
9005,2019-11-12,2152,2154,09:01,2105,12:30,2129,1774900株,3775百万円,-23,-1.07,2127.01円,3320回,13303.48億円
9005,2019-11-13,2142,2193,09:35,2141,09:00,2176,1657800株,3597百万円,+47,+2.21,2169.92円,3118回,13597.17億円
9005,2019-11-14,2171,2181,10:31,2154,12:30,2172,1213500株,2634百万円,+1,+0.05,2170.623円,2283回,13572.17億円
9005,2019-11-15,2177,2186,09:02,2167,09:23,2173,1061700株,2311百万円,+1,+0.05,2176.404円,1728回,13578.42億円
9005,2019-11-18,2167,2178,09:02,2155,14:41,2157,1138900株,2461百万円,-16,-0.74,2160.85円,1697回,13478.44億円
9005,2019-11-19,2159,2165,11:17,2151,09:00,2154,903900株,1950百万円,-3,-0.14,2156.961円,1320回,13459.70億円
9005,2019-11-20,2150,2177,14:59,2148,09:00,2171,1098800株,2377百万円,+17,+0.79,2163.016円,2044回,13565.93億円
9005,2019-11-21,2161,2193,14:59,2149,10:53,2188,1169500株,2540百万円,+17,+0.78,2171.941円,1935回,13672.15億円
9005,2019-11-22,2195,2210,09:05,2185,12:30,2190,1109400株,2435百万円,+2,+0.09,2195.195円,1530回,13684.65億円
9005,2019-11-25,2209,2209,09:00,2190,12:30,2202,697700株,1535百万円,+12,+0.55,2200.695円,1414回,13759.63億円
9005,2019-11-26,2196,2202,14:08,2177,14:59,2181,1911200株,4177百万円,-21,-0.95,2185.747円,2006回,13628.41億円
9005,2019-11-27,2187,2199,09:24,2181,14:37,2181,810800株,1774百万円,0,0,2187.968円,1368回,13628.41億円
9005,2019-11-28,2177,2184,09:21,2168,09:30,2174,705300株,1535百万円,-7,-0.32,2176.274円,1421回,13584.67億円
9005,2019-11-29,2183,2183,09:00,2156,14:14,2159,937400株,2030百万円,-15,-0.69,2165.232円,1610回,13490.94億円
9005,2019-12-02,2167,2195,09:33,2164,09:00,2177,735800株,1603百万円,+18,+0.83,2178.891円,1208回,13603.42億円
9005,2019-12-03,2155,2155,09:00,2133,09:03,2144,1118500株,2399百万円,-33,-1.52,2144.587円,1673回,13397.21億円
9005,2019-12-05,2150,2154,09:05,2134,11:11,2143,1080100株,2316百万円,-3,-0.14,2143.921円,1935回,13390.96億円
9005,2019-12-06,2140,2151,09:35,2138,10:46,2147,678100株,1455百万円,+4,+0.19,2145.307円,973回,13415.96億円
9005,2019-12-09,2159,2161,09:00,2138,10:08,2148,771300株,1655百万円,+1,+0.05,2146.352円,1179回,13422.20億円
9005,2019-12-10,2149,2157,09:15,2133,13:55,2136,907800株,1944百万円,-12,-0.56,2141.425円,1464回,13347.22億円
9005,2019-12-13,2124,2132,09:02,2103,14:10,2115,2107100株,4464百万円,+8,+0.38,2118.767円,2605回,13216.00億円
9005,2019-12-16,2098,2103,09:04,2071,14:51,2072,1675900株,3490百万円,-43,-2.03,2082.736円,2372回,12947.30億円
9005,2019-12-17,2065,2068,15:00,2050,11:16,2068,1669500株,3440百万円,-4,-0.19,2060.771円,1807回,12922.31億円
9005,2019-12-18,2064,2067,09:02,2048,09:34,2062,1211300株,2495百万円,-6,-0.29,2060.019円,1536回,12884.82億円
9005,2019-12-19,2053,2053,09:00,2032,14:59,2032,1332600株,2716百万円,-30,-1.45,2038.221円,1694回,12697.36億円
9005,2019-12-20,2040,2044,09:00,2020,09:34,2031,1590000株,3228百万円,-1,-0.05,2030.304円,1933回,12691.11億円
9005,2019-12-23,2032,2038,09:06,2024,10:22,2035,652100株,1325百万円,+4,+0.20,2032.283円,1122回,12716.10億円
9005,2019-12-24,2031,2039,09:09,2017,14:24,2024,680500株,1377百万円,-11,-0.54,2024.194円,1009回,12647.37億円
9005,2019-12-25,2021,2023,09:00,2013,10:23,2018,608900株,1228百万円,-6,-0.30,2017.389円,844回,12609.87億円
9005,2019-12-26,2023,2034,09:13,2018,13:22,2022,598200株,1210百万円,+4,+0.20,2023.429円,898回,12634.87億円
9005,2019-12-27,2031,2051,12:30,2024,09:50,2033,834700株,1699百万円,+11,+0.54,2035.512円,1233回,12703.60億円
9005,2019-12-30,2013,2028,11:18,2008,09:00,2019,763700株,1542百万円,-14,-0.69,2019.32円,1390回,12616.12億円
9005,2020-01-06,1999,2007,09:00,1968,11:25,1979,1409900株,2794百万円,-40,-1.98,1981.665円,1865回,12366.17億円
9005,2020-01-07,1979,2032,14:48,1976,09:00,2026,1330200株,2678百万円,+47,+2.37,2013.293円,1857回,12659.86億円
9005,2020-01-08,1995,1995,09:00,1956,10:15,1969,1725900株,3403百万円,-57,-2.81,1971.55円,2757回,12303.69億円
9005,2020-01-09,1990,1994,09:00,1964,12:30,1973,1309800株,2588百万円,+4,+0.20,1975.818円,1915回,12328.68億円
9005,2020-01-10,1977,1988,09:37,1968,12:31,1975,1094200株,2163百万円,+2,+0.10,1976.747円,1519回,12341.18億円
9005,2020-01-14,1975,1975,09:00,1961,09:00,1971,935500株,1842百万円,-4,-0.20,1969.373円,1181回,12316.19億円
9005,2020-01-15,1977,2001,14:55,1976,09:03,2000,1140800株,2273百万円,+29,+1.47,1992.053円,1679回,12497.40億円
9005,2020-01-16,2001,2009,09:00,1988,09:57,1993,1014200株,2024百万円,-7,-0.35,1995.329円,1842回,12453.66億円
9005,2020-01-17,1978,1984,11:13,1971,10:07,1978,1521500株,3010百万円,-15,-0.75,1978.493円,2215回,12359.93億円
9005,2020-01-20,1977,1984,09:56,1975,09:01,1977,1138300株,2253百万円,-1,-0.05,1979.59円,1498回,12353.68億円
9005,2020-01-21,1977,1980,09:00,1955,14:10,1960,1267100株,2487百万円,-17,-0.86,1963.095円,1652回,12247.45億円
9005,2020-01-22,1953,1972,12:30,1951,09:00,1968,1349300株,2649百万円,+8,+0.41,1963.598円,1848回,12297.44億円
9005,2020-01-23,1959,1969,13:28,1954,09:01,1965,895800株,1758百万円,-3,-0.15,1962.035円,1102回,12278.69億円
9005,2020-01-24,1961,1972,14:05,1959,09:00,1970,640700株,1260百万円,+5,+0.25,1966.975円,848回,12309.94億円
9005,2020-01-27,1955,1957,09:00,1937,14:56,1939,1414800株,2754百万円,-31,-1.57,1946.546円,1314回,12116.23億円
9005,2020-01-28,1926,1933,09:00,1916,14:10,1923,1465300株,2818百万円,-16,-0.83,1923.357円,1664回,12016.25億円
9005,2020-01-29,1930,1942,14:58,1919,09:32,1942,916700株,1773百万円,+19,+0.99,1934.164円,1142回,12135億円
9005,2020-01-30,1937,1941,09:15,1922,13:03,1928,900700株,1737百万円,-14,-0.72,1928.671円,1316回,12047億円
9005,2020-01-31,1933,1952,10:04,1930,09:04,1932,886800株,1718百万円,+4,+0.21,1937.281円,1478回,12072億円
9005,2020-02-03,1910,1922,13:00,1901,09:01,1916,1150100株,2201百万円,-16,-0.83,1913.873円,1928回,11973億円
9005,2020-02-04,1910,1937,14:47,1903,09:03,1937,976700株,1882百万円,+21,+1.10,1927.085円,1447回,12104億円
9005,2020-02-05,1956,1962,09:00,1946,09:29,1953,768600株,1501百万円,+16,+0.83,1953.505円,1039回,12204億円
9005,2020-02-06,1966,1984,13:57,1961,09:09,1968,1330300株,2623百万円,+15,+0.77,1971.381円,1488回,12297億円
9005,2020-02-07,1975,1977,09:02,1952,13:45,1954,989700株,1940百万円,-14,-0.71,1959.895円,1470回,12210億円
9005,2020-02-10,1941,1941,09:00,1921,14:24,1926,831500株,1604百万円,-28,-1.43,1929.38円,1230回,12035億円
9005,2020-02-10,1936,1936,09:00,1912,11:28,1926,1108300株,2131百万円,0,0,1923.206円,1709回,12035億円
9005,2020-02-13,1935,1941,09:00,1900,13:28,1906,1486100株,2841百万円,-20,-1.04,1911.611円,1918回,11910億円
9005,2020-02-14,1900,1906,09:02,1872,14:31,1874,1505800株,2836百万円,-32,-1.68,1883.129円,1883回,11710億円
9005,2020-02-17,1860,1862,09:00,1842,09:35,1850,891100株,1648百万円,-24,-1.28,1849.468円,1169回,11560億円
9005,2020-02-17,1840,1850,09:39,1825,13:07,1836,984300株,1807百万円,-14,-0.76,1836.121円,1400回,11473億円
9005,2020-02-18,1857,1859,09:00,1840,10:51,1846,1130700株,2090百万円,+10,+0.54,1848.482円,1537回,11535億円
9005,2020-02-20,1865,1874,09:04,1851,14:35,1856,1209900株,2252百万円,+10,+0.54,1861.185円,1743回,11598億円
9005,2020-02-21,1836,1855,10:26,1829,09:00,1842,1407900株,2595百万円,-14,-0.75,1843.123円,1985回,11510億円
9005,2020-02-25,1762,1778,11:04,1746,09:27,1760,2390300株,4212百万円,-82,-4.45,1761.938円,3224回,10998億円
9005,2020-02-26,1741,1765,14:57,1733,09:44,1759,1885100株,3298百万円,-1,-0.06,1749.427円,2352回,10991億円
9005,2020-02-27,1743,1744,09:11,1711,13:57,1719,1909000株,3297百万円,-40,-2.27,1727.177円,2703回,10742億円
9005,2020-02-28,1679,1679,09:02,1633,12:46,1656,3273800株,5418百万円,-63,-3.66,1654.841円,3921回,10348億円
9005,2020-03-02,1625,1689,12:40,1625,09:00,1663,2297300株,3811百万円,+7,+0.42,1658.986円,3474回,10392億円
9005,2020-03-03,1691,1694,09:00,1655,15:00,1655,1949700株,3256百万円,-8,-0.48,1669.939円,2561回,10342億円
9005,2020-03-04,1637,1662,12:30,1626,09:00,1645,1486600株,2447百万円,-10,-0.60,1646.012円,2228回,10279億円
9005,2020-03-05,1665,1666,09:00,1644,12:45,1653,1545900株,2555百万円,+8,+0.49,1652.627円,1915回,10329億円
9005,2020-03-06,1625,1627,09:00,1592,12:32,1602,2036100株,3267百万円,-51,-3.09,1604.656円,2201回,10010億円
9005,2020-03-06,1569,1577,09:07,1521,11:14,1539,1917400株,2954百万円,-63,-3.93,1540.876円,2912回,9617億円
9005,2020-03-10,1515,1591,14:27,1497,09:37,1582,2519000株,3899百万円,+43,+2.79,1547.748円,4236回,9885億円
9005,2020-03-11,1585,1612,10:35,1578,09:04,1596,2193700株,3508百万円,+14,+0.88,1599.185円,3736回,9973億円
9005,2020-03-12,1568,1574,09:09,1531,12:37,1547,2877700株,4461百万円,-49,-3.07,1550.279円,4526回,9667億円
9005,2020-03-13,1468,1531,14:20,1423,10:40,1485,3166300株,4652百万円,-62,-4.01,1469.155円,4823回,9279億円
9005,2020-03-16,1495,1550,14:10,1478,09:21,1489,2216800株,3338百万円,+4,+0.27,1505.754円,4549回,9304億円
9005,2020-03-17,1469,1594,14:23,1452,09:06,1580,3589600株,5521百万円,+91,+6.11,1537.929円,7541回,9873億円
9005,2020-03-18,1610,1665,12:30,1589,14:59,1594,3652500株,5955百万円,+14,+0.89,1630.49円,7598回,9960億円
9005,2020-03-19,1643,1684,14:44,1608,13:00,1668,3908300株,6481百万円,+74,+4.64,1658.377円,6754回,1兆423億円
