9021,2019-08-06,8772,8796,09:01,8630,12:30,8761,442500株,3864百万円,-81,-0.92,8733.066円,1999回
9021,2019-08-06,8670,8815,13:31,8593,09:17,8775,570900株,4983百万円,+14,+0.16,8728.703円,2608回
9021,2019-08-07,8748,8878,14:42,8698,09:01,8873,542200株,4771百万円,+98,+1.12,8798.576円,2505回
9021,2019-08-08,8900,8906,09:05,8793,10:02,8869,286100株,2535百万円,-4,-0.05,8861.771円,1304回
9021,2019-08-09,8900,8930,10:51,8852,09:00,8923,359200株,3200百万円,+54,+0.61,8909.671円,1425回
9021,2019-08-13,8891,8940,13:08,8856,09:17,8922,390500株,3480百万円,-1,-0.01,8910.753円,1633回
9021,2019-08-14,8939,8939,09:00,8775,12:49,8807,416500株,3674百万円,-115,-1.29,8820.776円,1888回
9021,2019-08-15,8701,8800,14:59,8689,09:26,8800,246800株,2162百万円,-7,-0.08,8758.343円,1217回
9021,2019-08-16,8763,8837,11:29,8729,09:40,8801,254800株,2240百万円,+1,+0.01,8791.812円,1241回
9021,2019-08-19,8854,8861,09:03,8770,12:48,8828,223500株,1970百万円,+27,+0.31,8815.426円,1063回
9021,2019-08-20,8778,8864,09:16,8761,09:00,8828,322700株,2844百万円,0,0,8813.269円,1459回
9021,2019-08-21,8801,8807,09:00,8719,10:16,8758,285400株,2498百万円,-70,-0.79,8751.482円,1322回
9021,2019-08-22,8768,8768,09:00,8694,09:07,8768,305100株,2666百万円,+10,+0.11,8739.717円,1371回
9021,2019-08-23,8800,8834,14:59,8781,09:23,8827,269600株,2377百万円,+59,+0.67,8815.09円,1388回
9021,2019-08-26,8705,8798,12:30,8693,09:01,8778,391400株,3427百万円,-49,-0.56,8755.148円,1791回
9021,2019-08-26,8863,8900,09:01,8806,14:59,8807,378300株,3342百万円,+29,+0.33,8834.167円,1525回
9021,2019-08-28,8860,8931,10:15,8847,09:00,8887,402500株,3577百万円,+80,+0.91,8886.063円,1759回
9021,2019-08-29,8885,8900,15:00,8792,09:37,8900,434500株,3851百万円,+13,+0.15,8862.64円,1915回
9021,2019-08-30,8960,8969,09:00,8909,10:00,8950,429000株,3838百万円,+50,+0.56,8946.043円,1612回
9021,2019-09-02,8878,8908,09:03,8817,10:35,8850,412100株,3647百万円,-100,-1.12,8851.004円,1933回
9021,2019-09-03,8800,8856,12:41,8766,09:04,8840,381300株,3367百万円,-10,-0.11,8829.011円,1819回
9021,2019-09-03,8865,8933,14:04,8857,09:04,8922,497400株,4430百万円,+82,+0.93,8907.019円,2154回
9021,2019-09-05,8999,9122,11:12,8971,09:01,9087,627400株,5692百万円,+165,+1.85,9071.993円,2621回
9021,2019-09-05,9129,9135,09:03,9042,10:23,9077,530300株,4813百万円,-10,-0.11,9075.421円,2242回
9021,2019-09-07,9119,9216,14:09,9108,09:00,9213,487700株,4478百万円,+136,+1.50,9182.493円,1931回
9021,2019-09-10,9201,9207,09:00,9023,14:38,9049,515300株,4677百万円,-164,-1.78,9075.705円,2279回
9021,2019-09-11,8986,9164,14:59,8970,09:00,9164,552600株,5030百万円,+115,+1.27,9101.614円,2278回
9021,2019-09-12,9200,9370,13:44,9174,09:03,9332,847600株,7880百万円,+168,+1.83,9297.392円,3340回
9021,2019-09-13,9360,9367,12:30,9314,09:04,9360,847500株,7930百万円,+28,+0.30,9357.198円,2533回
9021,2019-09-17,9306,9418,10:41,9231,09:01,9386,627000株,5870百万円,+26,+0.28,9362.592円,2456回
9021,2019-09-17,9425,9455,09:00,9348,14:05,9365,485200株,4552百万円,-21,-0.22,9381.662円,2297回,17918.48億円
9021,2019-09-19,9390,9454,11:26,9352,12:41,9439,454800株,4287百万円,+74,+0.79,9426.701円,1946回,18060.06億円
9021,2019-09-20,9450,9496,10:01,9396,14:59,9415,801100株,7556百万円,-24,-0.25,9432.074円,2756回,18014.14億円
9021,2019-09-24,9415,9553,14:23,9414,09:00,9529,529600株,5040百万円,+114,+1.21,9516.837円,2197回,18232.26億円
9021,2019-09-25,9485,9542,09:05,9438,11:05,9476,436800株,4142百万円,-53,-0.56,9482.47円,1858回,18130.86億円
9021,2019-09-26,9530,9558,09:15,9338,14:59,9373,695900株,6562百万円,-103,-1.09,9429.766円,2783回,17933.78億円
9021,2019-09-27,9331,9364,09:02,9200,13:55,9300,648500株,6014百万円,-73,-0.78,9273.25円,2654回,17794.11億円
9021,2019-09-30,9205,9251,10:04,9116,14:59,9131,615900株,5641百万円,-169,-1.82,9158.718円,2319回,17470.75億円
9021,2019-10-01,9187,9259,09:25,9175,09:00,9213,298700株,2754百万円,+82,+0.90,9220.68円,1347回,17627.65億円
9021,2019-10-02,9191,9266,14:30,9173,10:01,9259,495000株,4567百万円,+46,+0.50,9226.632円,2267回,17715.66億円
9021,2019-10-03,9050,9098,09:04,9028,10:43,9069,406000株,3680百万円,-190,-2.05,9063.642円,1879回,17352.13億円
9021,2019-10-04,9001,9095,15:00,8977,09:10,9095,444900株,4025百万円,+26,+0.29,9047.734円,2106回,17401.87億円
9021,2019-10-07,9126,9189,14:59,9107,09:00,9185,282200株,2586百万円,+90,+0.99,9164.166円,1415回,17574.07億円
9021,2019-10-08,9246,9270,09:17,9178,14:22,9195,390700株,3599百万円,+10,+0.11,9210.479円,1815回,17593.21億円
9021,2019-10-09,9106,9175,12:30,9095,09:00,9168,425600株,3894百万円,-27,-0.29,9148.771円,2073回,17541.55億円
9021,2019-10-10,9155,9206,09:04,9090,09:28,9152,374100株,3420百万円,-16,-0.17,9142.908円,1863回,17510.93億円
9021,2019-10-11,9225,9230,09:00,9145,09:14,9152,355300株,3259百万円,0,0,9171.914円,1598回,17510.93億円
9021,2019-10-15,9142,9222,14:52,9092,09:43,9213,512800株,4707百万円,+61,+0.67,9179.449円,2263回,17627.65億円
9021,2019-10-16,9297,9424,09:17,9259,09:00,9289,546800株,5098百万円,+76,+0.82,9323.993円,2883回,17773.06億円
9021,2019-10-17,9319,9339,11:13,9236,10:31,9256,543200株,5040百万円,-33,-0.36,9277.925円,2694回,17709.92億円
9021,2019-10-18,9277,9300,09:31,9174,13:34,9208,344900株,3181百万円,-48,-0.52,9224.189円,1657回,17618.08億円
9021,2019-10-21,9300,9337,09:31,9280,14:45,9284,275400株,2561百万円,+76,+0.83,9300.87円,1370回,17763.49億円
9021,2019-10-23,9357,9426,14:39,9237,09:19,9425,586000株,5493百万円,+141,+1.52,9373.585円,2859回,18033.28億円
9021,2019-10-24,9472,9495,09:00,9370,14:19,9375,352400株,3314百万円,-50,-0.53,9405.35円,1568回,17937.61億円
9021,2019-10-25,9402,9410,09:00,9333,10:48,9399,320300株,3004百万円,+24,+0.26,9378.206円,1637回,17983.53億円
9021,2019-10-28,9410,9422,09:00,9283,14:59,9297,382700株,3571百万円,-102,-1.09,9330.699円,1902回,17788.37億円
9021,2019-10-29,9147,9264,10:39,9029,09:01,9255,753400株,6936百万円,-42,-0.45,9206.062円,3664回,17708.01億円
9021,2019-10-30,9334,9395,14:01,9309,09:02,9378,620200株,5809百万円,+123,+1.33,9366.839円,2722回,17943.35億円
9021,2019-10-31,9382,9504,09:58,9381,09:00,9417,519500株,4901百万円,+39,+0.42,9434.88円,2294回,18017.97億円
9021,2019-11-01,9389,9482,14:45,9379,09:00,9482,314800株,2976百万円,+65,+0.69,9452.981円,1662回,18142.34億円
9021,2019-11-05,9594,9776,14:11,9546,09:03,9739,795200株,7711百万円,+257,+2.71,9696.912円,3585回,18634.07億円
9021,2019-11-06,9769,9774,09:00,9602,09:55,9671,528800株,5104百万円,-68,-0.70,9652.727円,2443回,18503.96億円
9021,2019-11-07,9769,9845,09:09,9754,10:58,9816,517900株,5075百万円,+145,+1.50,9799.595円,2675回,18781.39億円
9021,2019-11-08,9846,9856,09:00,9685,12:33,9728,500700株,4879百万円,-88,-0.90,9744.804円,2186回,18613.02億円
9021,2019-11-11,9700,9771,09:13,9673,12:33,9704,429400株,4168百万円,-24,-0.25,9707.337円,2244回,18567.10億円
9021,2019-11-12,9682,9720,09:24,9627,14:31,9648,412000株,3981百万円,-56,-0.58,9661.691円,1888回,18459.95億円
9021,2019-11-13,9684,9721,09:55,9648,09:03,9682,342200株,3315百万円,+34,+0.35,9687.728円,2021回,18525.01億円
9021,2019-11-14,9700,9714,09:00,9591,13:05,9679,389100株,3761百万円,+1,+0.01,9666.631円,1830回,18519.27億円
9021,2019-11-15,9660,9719,10:34,9606,09:21,9671,590100株,5708百万円,-8,-0.08,9672.766円,2691回,18503.96億円
9021,2019-11-18,9693,9711,15:00,9661,09:24,9711,249500株,2418百万円,+40,+0.41,9690.084円,1291回,18580.49億円
9021,2019-11-19,9735,9824,11:21,9712,09:00,9770,438500株,4289百万円,+59,+0.61,9781.523円,1803回,18693.38億円
9021,2019-11-20,9750,9844,14:59,9731,09:02,9841,338600株,3321百万円,+71,+0.73,9807.964円,1770回,18829.23億円
9021,2019-11-21,9780,9850,14:59,9703,10:55,9841,482400株,4725百万円,0,0,9795.032円,2236回,18829.23億円
9021,2019-11-22,9922,9943,09:00,9852,09:20,9866,452500株,4473百万円,+25,+0.25,9884.394円,1924回,18877.06億円
9021,2019-11-25,9920,9931,09:19,9883,12:30,9931,301000株,2984百万円,+65,+0.66,9914.179円,1350回,19001.43億円
9021,2019-11-26,9954,9978,10:47,9831,14:59,9903,1677800株,16626百万円,-28,-0.28,9909.636円,3207回,18947.86億円
9021,2019-11-27,9871,9881,09:00,9796,14:59,9797,496100株,4876百万円,-106,-1.07,9827.809円,1999回,18745.04億円
9021,2019-11-28,9760,9769,09:00,9691,09:31,9737,369900株,3599百万円,-60,-0.61,9729.596円,1830回,18630.24億円
9021,2019-11-29,9750,9750,09:00,9618,14:41,9637,444700株,4299百万円,-100,-1.03,9666.741円,1889回,18438.91億円
9021,2019-12-02,9651,9731,09:32,9627,09:00,9675,334700株,3241百万円,+38,+0.39,9682.65円,1806回,18511.61億円
9021,2019-12-03,9560,9567,09:00,9476,09:03,9520,468200株,4460百万円,-155,-1.60,9525.645円,2100回,18215.04億円
9021,2019-12-05,9530,9566,09:15,9484,12:41,9534,418500株,3988百万円,-17,-0.18,9529.867円,2047回,18241.83億円
9021,2019-12-06,9480,9513,09:02,9423,10:46,9443,416000株,3931百万円,-91,-0.95,9449.465円,1989回,18067.72億円
9021,2019-12-09,9500,9513,09:00,9436,11:22,9469,326400株,3090百万円,+26,+0.28,9466.164円,1525回,18117.46億円
9021,2019-12-10,9491,9538,10:00,9465,13:58,9473,406600株,3857百万円,+4,+0.04,9486.365円,1617回,18125.12億円
9021,2019-12-13,9679,9699,10:05,9559,13:01,9619,808700株,7790百万円,+73,+0.76,9633.106円,3122回,18404.47億円
9021,2019-12-16,9626,9658,09:40,9561,14:51,9570,316300株,3034百万円,-49,-0.51,9591.754円,1391回,18310.71億円
9021,2019-12-17,9580,9661,14:59,9551,09:04,9661,350500株,3373百万円,+91,+0.95,9622.479円,1353回,18484.83億円
9021,2019-12-18,9670,9714,12:37,9625,14:26,9662,582900株,5636百万円,+1,+0.01,9669.397円,2766回,18486.74億円
9021,2019-12-19,9624,9653,09:02,9581,12:30,9587,452000株,4341百万円,-75,-0.78,9603.81円,2314回,18343.24億円
9021,2019-12-20,9521,9575,12:39,9475,09:06,9514,564400株,5371百万円,-73,-0.76,9516.309円,1959回,18203.56億円
9021,2019-12-23,9497,9534,09:15,9482,09:12,9512,221100株,2102百万円,-2,-0.02,9509.165円,1041回,18199.74億円
9021,2019-12-24,9509,9535,09:09,9477,14:17,9480,187100株,1776百万円,-32,-0.34,9491.291円,874回,18138.51億円
9021,2019-12-25,9455,9506,14:57,9442,09:00,9497,128000株,1214百万円,+17,+0.18,9487.648円,590回,18171.04億円
9021,2019-12-26,9497,9521,09:07,9470,13:24,9495,260400株,2471百万円,-2,-0.02,9490.358円,961回,18167.21億円
9021,2019-12-27,9530,9559,09:00,9505,14:59,9505,237800株,2265百万円,+10,+0.11,9523.605円,980回,18186.34億円
9021,2019-12-30,9504,9510,09:00,9441,15:00,9441,225100株,2129百万円,-64,-0.67,9459.786円,865回,18063.89億円
9021,2020-01-06,9380,9414,09:00,9313,09:07,9343,410100株,3832百万円,-98,-1.04,9344.688円,1770回,17876.38億円
9021,2020-01-07,9373,9525,14:44,9357,09:00,9512,313900株,2976百万円,+169,+1.81,9479.612円,1234回,18199.74億円
9021,2020-01-08,9437,9479,12:30,9367,09:41,9415,416400株,3920百万円,-97,-1.02,9413.661円,2067回,18014.14億円
9021,2020-01-09,9471,9485,14:48,9437,10:10,9461,376700株,3565百万円,+46,+0.49,9464.786円,1665回,18102.16億円
9021,2020-01-10,9443,9515,09:19,9420,12:45,9451,419400株,3964百万円,-10,-0.11,9451.593円,1916回,18083.02億円
9021,2020-01-14,9397,9455,13:45,9343,09:03,9455,598600株,5639百万円,+4,+0.04,9420.211円,3031回,18090.68億円
9021,2020-01-15,9452,9473,09:03,9379,13:31,9407,591000株,5560百万円,-48,-0.51,9408.406円,2249回,17998.84億円
9021,2020-01-16,9377,9390,09:02,9339,09:08,9372,372900株,3495百万円,-35,-0.37,9371.669円,1720回,17931.87億円
9021,2020-01-17,9409,9420,09:00,9356,15:00,9356,348800株,3269百万円,-16,-0.17,9373.469円,1403回,17901.26億円
9021,2020-01-20,9398,9513,10:52,9397,09:00,9437,365000株,3454百万円,+81,+0.87,9462.251円,1765回,18056.24億円
9021,2020-01-21,9459,9479,09:06,9412,10:20,9456,283200株,2677百万円,+19,+0.20,9452.885円,1324回,18092.59億円
9021,2020-01-22,9430,9445,09:00,9413,09:16,9417,308400株,2906百万円,-39,-0.41,9423.335円,1304回,18017.97億円
9021,2020-01-23,9365,9382,09:00,9345,09:00,9355,397800株,3723百万円,-62,-0.66,9359.659円,1793回,17899.34億円
9021,2020-01-24,9450,9450,09:00,9385,12:39,9414,348800株,3287百万円,+59,+0.63,9424.118円,1449回,18012.23億円
9021,2020-01-27,9331,9360,13:32,9286,09:06,9316,510900株,4765百万円,-98,-1.04,9326.011円,2414回,17824.72億円
9021,2020-01-28,9273,9309,10:04,9221,14:27,9247,514200株,4762百万円,-69,-0.74,9261.363円,2400回,17692.70億円
9021,2020-01-29,9251,9347,12:33,9231,09:00,9304,373800株,3480百万円,+57,+0.62,9309.622円,1814回,17802億円
9021,2020-01-30,9316,9364,09:17,9281,13:21,9312,552900株,5151百万円,+8,+0.09,9315.553円,2628回,17817億円
9021,2020-01-31,9332,9393,10:04,9270,14:59,9274,490200株,4566百万円,-38,-0.41,9314.772円,2326回,17744億円
9021,2020-02-03,9050,9080,09:07,8882,10:00,8907,916000株,8192百万円,-367,-3.96,8942.715円,4258回,17042億円
9021,2020-02-04,8904,9187,14:58,8900,09:00,9167,740300株,6713百万円,+260,+2.92,9068.23円,3232回,17540億円
9021,2020-02-05,9209,9232,09:08,9112,11:17,9164,440200株,4037百万円,-3,-0.03,9170.308円,2129回,17534億円
9021,2020-02-06,9260,9349,13:59,9214,09:10,9297,483500株,4496百万円,+133,+1.45,9298.954円,1855回,17788億円
9021,2020-02-07,9380,9389,09:03,9281,15:00,9281,312700株,2914百万円,-16,-0.17,9319.725円,1512回,17758億円
9021,2020-02-10,9254,9260,09:00,9116,14:17,9122,434600株,3981百万円,-159,-1.71,9159.848円,1954回,17454億円
9021,2020-02-10,9101,9172,09:52,9080,09:00,9120,479300株,4375百万円,-2,-0.02,9127.555円,2176回,17450億円
9021,2020-02-13,9109,9140,09:01,9077,09:52,9129,366000株,3336百万円,+9,+0.10,9115.225円,1609回,17467億円
9021,2020-02-14,9065,9120,09:06,9036,14:35,9057,445700株,4041百万円,-72,-0.79,9066.472円,1872回,17329億円
