9022,2019-08-06,21065,21140,09:01,20615,12:30,20955,389900株,8152百万円,-335,-1.57,20907.377円,1731回
9022,2019-08-06,20505,20990,13:30,20400,09:01,20955,491200株,10193百万円,0,0,20751.626円,2166回
9022,2019-08-07,20845,21300,14:39,20790,09:00,21260,353400株,7460百万円,+305,+1.46,21108.807円,1445回
9022,2019-08-08,21175,21280,13:18,21020,10:05,21200,241400株,5115百万円,-60,-0.28,21190.257円,1095回
9022,2019-08-09,21350,21430,09:08,21165,14:22,21220,309600株,6580百万円,+20,+0.09,21254.302円,1250回
9022,2019-08-13,21060,21160,09:03,20915,09:18,20975,355200株,7465百万円,-245,-1.15,21016.603円,1543回
9022,2019-08-14,21105,21135,09:10,20850,12:36,20990,273800株,5743百万円,+15,+0.07,20975.955円,1286回
9022,2019-08-15,20705,20965,14:57,20600,09:02,20965,256500株,5341百万円,-25,-0.12,20824.31円,1254回
9022,2019-08-16,20855,21130,14:58,20780,09:02,21080,335000株,7028百万円,+115,+0.55,20977.909円,1789回
9022,2019-08-19,21130,21170,09:05,20895,12:37,20955,225600株,4733百万円,-125,-0.59,20981.427円,938回
9022,2019-08-20,20840,20990,14:58,20815,09:00,20975,244800株,5123百万円,+20,+0.10,20929.091円,1164回
9022,2019-08-21,20745,20765,09:00,20490,10:17,20600,401200株,8266百万円,-375,-1.79,20603.578円,1784回
9022,2019-08-22,20510,20770,14:59,20440,09:00,20755,287200株,5933百万円,+155,+0.75,20656.638円,1264回
9022,2019-08-23,20715,20925,14:49,20715,09:00,20890,202100株,4216百万円,+135,+0.65,20858.649円,854回
9022,2019-08-26,20455,20780,14:58,20385,09:01,20720,298100株,6162百万円,-170,-0.81,20671.28円,1243回
9022,2019-08-26,20905,20965,09:00,20720,14:59,20735,310600株,6463百万円,+15,+0.07,20807.877円,1135回
9022,2019-08-28,20740,20895,14:59,20700,09:00,20890,208600株,4345百万円,+155,+0.75,20831.69円,947回
9022,2019-08-29,20885,20920,14:34,20715,09:37,20915,185800株,3875百万円,+25,+0.12,20855.88円,813回
9022,2019-08-30,21000,21060,13:30,20840,09:58,21015,286500株,6014百万円,+100,+0.48,20991.089円,1063回
9022,2019-09-02,20840,20895,09:03,20565,13:39,20570,231700株,4788百万円,-445,-2.12,20663.31円,1037回
9022,2019-09-03,20580,20630,09:29,20465,14:45,20475,254200株,5216百万円,-95,-0.46,20518.507円,1093回
9022,2019-09-03,20390,20550,10:52,20365,09:00,20460,252500株,5169百万円,-15,-0.07,20470.592円,1209回
9022,2019-09-05,20640,20945,11:12,20515,09:01,20865,419600株,8737百万円,+405,+1.98,20822.364円,1782回
9022,2019-09-05,20900,20900,09:00,20700,10:13,20790,297800株,6191百万円,-75,-0.36,20787.56円,1313回
9022,2019-09-07,20855,21055,14:30,20835,09:03,21050,258800株,5435百万円,+260,+1.25,21000.141円,1010回
9022,2019-09-10,21080,21080,09:00,20730,09:58,20785,279700株,5822百万円,-265,-1.26,20813.531円,1159回
9022,2019-09-11,20665,21025,14:59,20585,09:00,21020,513400株,10700百万円,+235,+1.13,20840.492円,2158回
9022,2019-09-12,21090,21570,13:19,21010,09:00,21465,546500株,11699百万円,+445,+2.12,21407.931円,2053回
9022,2019-09-13,21545,22065,14:59,21385,09:16,22050,777600株,16935百万円,+585,+2.73,21779.135円,1794回
9022,2019-09-17,21900,22215,14:59,21775,09:02,22210,586700株,12967百万円,+160,+0.73,22101.6円,2289回
9022,2019-09-17,22205,22270,09:07,21910,12:52,22110,372800株,8238百万円,-100,-0.45,22096.64円,1560回,45546.60億円
9022,2019-09-19,22310,22555,11:25,22275,12:45,22500,419600株,9427百万円,+390,+1.76,22466.774円,1655回,46350.00億円
9022,2019-09-20,22525,22615,09:00,22225,14:59,22285,660800株,14748百万円,-215,-0.96,22317.923円,2032回,45907.10億円
9022,2019-09-24,22440,22735,14:33,22370,09:00,22695,466500株,10556百万円,+410,+1.84,22628.767円,1983回,46751.70億円
9022,2019-09-25,22670,22770,09:05,22600,09:17,22770,354900株,8068百万円,+75,+0.33,22734.139円,1362回,46906.20億円
9022,2019-09-26,22980,23080,09:03,22680,14:59,22780,522800株,11943百万円,+10,+0.04,22845.159円,2137回,46926.80億円
9022,2019-09-27,22890,22935,09:03,22465,13:54,22725,417300株,9464百万円,-55,-0.24,22679.418円,1843回,46813.50億円
9022,2019-09-30,22400,22445,09:14,22110,14:40,22220,451000株,10039百万円,-505,-2.22,22259.956円,1733回,45773.20億円
9022,2019-10-01,22345,22585,10:28,22265,14:45,22280,269000株,6014百万円,+60,+0.27,22355.597円,1271回,45896.80億円
9022,2019-10-02,22140,22435,14:59,22105,09:00,22430,339500株,7581百万円,+150,+0.67,22328.754円,1620回,46205.80億円
9022,2019-10-03,21970,22015,09:00,21640,12:52,21690,404700株,8801百万円,-740,-3.30,21746.95円,1783回,44681.40億円
9022,2019-10-04,21730,22490,14:38,21715,09:00,22490,528100株,11764百万円,+800,+3.69,22276.29円,2401回,46329.40億円
9022,2019-10-07,22440,22720,10:59,22380,09:00,22570,268900株,6065百万円,+80,+0.36,22554.444円,1186回,46494.20億円
9022,2019-10-08,22570,22610,14:49,22165,10:04,22565,461300株,10355百万円,-5,-0.02,22448.228円,2061回,46483.90億円
9022,2019-10-09,22480,22615,14:59,22375,09:02,22570,349300株,7874百万円,+5,+0.02,22541.148円,1427回,46494.20億円
9022,2019-10-10,22600,22660,09:03,22315,09:30,22515,204300株,4597百万円,-55,-0.24,22500.866円,956回,46380.90億円
9022,2019-10-11,22750,22775,09:00,22495,09:14,22645,304300株,6888百万円,+130,+0.58,22635.113円,1256回,46648.70億円
9022,2019-10-15,22860,22925,09:06,22655,09:36,22810,353600株,8064百万円,+165,+0.73,22805.424円,1365回,46988.60億円
9022,2019-10-16,23075,23455,09:09,23015,09:00,23310,450200株,10491百万円,+500,+2.19,23301.998円,1952回,48018.60億円
9022,2019-10-17,23180,23180,09:00,22690,14:41,22705,427900株,9758百万円,-605,-2.60,22803.764円,2036回,46772.30億円
9022,2019-10-18,22735,22915,09:31,22525,13:24,22600,321000株,7275百万円,-105,-0.46,22662.137円,1495回,46556.00億円
9022,2019-10-21,22670,22720,11:25,22580,14:15,22590,188500株,4266百万円,-10,-0.04,22629.597円,938回,46535.40億円
9022,2019-10-23,22790,22845,14:54,22550,09:19,22830,279000株,6355百万円,+240,+1.06,22776.095円,1176回,47029.80億円
9022,2019-10-24,23040,23100,09:00,22725,14:23,22805,246800株,5645百万円,-25,-0.11,22872.662円,1153回,46978.30億円
9022,2019-10-25,22795,22815,14:59,22615,09:09,22790,258400株,5876百万円,-15,-0.07,22740.068円,1163回,46947.40億円
9022,2019-10-28,22795,22835,12:34,22620,10:10,22735,249600株,5676百万円,-55,-0.24,22741.242円,1321回,46834.10億円
9022,2019-10-29,22690,22810,09:04,22335,13:49,22425,499300株,11230百万円,-310,-1.36,22491.497円,2516回,46195.50億円
9022,2019-10-30,22470,22910,10:07,22470,09:00,22545,961700株,21727百万円,+120,+0.54,22591.989円,2849回,46442.70億円
9022,2019-10-31,22545,22610,09:02,22245,14:10,22295,370100株,8272百万円,-250,-1.11,22349.562円,1689回,45927.70億円
9022,2019-11-01,22080,22375,09:22,22055,09:00,22280,242200株,5392百万円,-15,-0.07,22262.1円,1316回,45896.80億円
9022,2019-11-05,22570,22710,13:32,22340,09:05,22650,333100株,7528百万円,+370,+1.66,22600.943円,1273回,46659.00億円
9022,2019-11-06,22760,22815,09:00,22535,09:45,22695,228100株,5167百万円,+45,+0.20,22651.486円,837回,46751.70億円
9022,2019-11-07,22845,22870,09:00,22560,14:02,22630,230000株,5213百万円,-65,-0.29,22665.311円,975回,46617.80億円
9022,2019-11-08,22835,22835,09:00,22440,12:33,22540,331500株,7488百万円,-90,-0.40,22588.624円,1282回,46432.40億円
9022,2019-11-11,22645,22680,09:08,22450,11:12,22555,184800株,4168百万円,+15,+0.07,22555.038円,856回,46463.30億円
9022,2019-11-12,22515,22595,09:00,22395,11:10,22520,232800株,5233百万円,-35,-0.16,22479.392円,1010回,46391.20億円
9022,2019-11-13,22450,22535,09:13,22375,09:00,22375,157800株,3539百万円,-145,-0.64,22426.578円,960回,46092.50億円
9022,2019-11-14,22350,22460,09:02,22135,13:04,22250,229100株,5108百万円,-140,-0.63,22296.375円,1070回,45835.00億円
9022,2019-11-15,22360,22400,14:58,22195,09:25,22375,274700株,6140百万円,+125,+0.56,22352.046円,1201回,46092.50億円
9022,2019-11-18,22435,22530,14:59,22310,09:41,22530,191500株,4301百万円,+155,+0.69,22461.514円,861回,46411.80億円
9022,2019-11-19,22360,22530,09:04,22350,10:09,22400,190300株,4264百万円,-130,-0.58,22408.184円,850回,46144.00億円
9022,2019-11-20,22330,22485,09:43,22325,09:00,22440,206900株,4640百万円,+40,+0.18,22423.912円,879回,46226.40億円
9022,2019-11-21,22305,22435,14:47,22100,10:55,22400,257100株,5737百万円,-40,-0.18,22315.844円,1102回,46144.00億円
9022,2019-11-22,22430,22540,14:39,22395,09:03,22485,221700株,4984百万円,+85,+0.38,22479.56円,734回,46319.10億円
9022,2019-11-25,22590,22640,09:18,22485,10:08,22575,212800株,4805百万円,+90,+0.40,22579.044円,913回,46504.50億円
9022,2019-11-26,22640,22820,10:56,22580,09:09,22720,331200株,7525百万円,+145,+0.64,22721.063円,1172回,46803.20億円
9022,2019-11-27,22900,22915,09:00,22545,14:19,22610,234600株,5315百万円,-110,-0.48,22657.645円,999回,46576.60億円
9022,2019-11-28,22525,22560,09:00,22230,14:46,22260,267700株,5975百万円,-350,-1.55,22319.94円,1185回,45855.60億円
9022,2019-11-29,22260,22285,09:00,22080,14:42,22095,228800株,5071百万円,-165,-0.74,22165.068円,961回,45515.70億円
9022,2019-12-02,22260,22495,10:01,22205,09:00,22245,258900株,5779百万円,+150,+0.68,22322.777円,1213回,45824.70億円
9022,2019-12-03,22095,22130,09:49,21940,10:40,22030,294100株,6478百万円,-215,-0.97,22025.318円,1399回,45381.80億円
9022,2019-12-05,22005,22040,10:15,21875,12:30,21970,224600株,4934百万円,-50,-0.23,21969.659円,989回,45258.20億円
9022,2019-12-06,22215,22220,09:00,21960,11:19,21995,215700株,4754百万円,+25,+0.11,22039.995円,905回,45309.70億円
9022,2019-12-09,22100,22155,13:49,21995,09:46,22115,184100株,4068百万円,+120,+0.55,22095.109円,786回,45556.90億円
9022,2019-12-10,22060,22105,09:00,21860,14:41,21865,281400株,6170百万円,-250,-1.13,21926.915円,1260回,45041.90億円
9022,2019-12-13,22390,22390,09:00,22190,10:24,22275,536200株,11964百万円,+245,+1.11,22313.004円,1418回,45886.50億円
9022,2019-12-16,22275,22330,09:01,22125,11:16,22130,193500株,4290百万円,-145,-0.65,22172.421円,743回,45587.80億円
9022,2019-12-17,22295,22295,09:00,22060,09:50,22175,283800株,6289百万円,+45,+0.20,22159.359円,1096回,45680.50億円
9022,2019-12-18,22260,22320,12:55,22200,09:01,22285,362900株,8084百万円,+110,+0.50,22276.805円,1504回,45907.10億円
9022,2019-12-19,22110,22170,09:05,21985,10:41,22080,292300株,6455百万円,-205,-0.92,22083.279円,1363回,45484.80億円
9022,2019-12-20,22390,22535,12:40,22330,10:20,22435,550400株,12339百万円,+355,+1.61,22417.504円,1700回,46216.10億円
9022,2019-12-23,22320,22350,10:09,22210,12:43,22290,230200株,5130百万円,-145,-0.65,22285.111円,968回,45917.40億円
9022,2019-12-24,22305,22345,09:09,22190,10:50,22220,147600株,3283百万円,-70,-0.31,22242.259円,695回,45773.20億円
9022,2019-12-25,22190,22260,09:01,21970,13:49,22020,246400株,5436百万円,-200,-0.90,22062.817円,909回,45361.20億円
9022,2019-12-26,22140,22150,09:07,22045,13:04,22095,127100株,2808百万円,+75,+0.34,22094.41円,448回,45515.70億円
9022,2019-12-27,22220,22265,09:13,22185,15:00,22185,135700株,3015百万円,+90,+0.41,22215.497円,511回,45701.10億円
9022,2019-12-30,22130,22170,09:02,21990,14:18,22000,157200株,3464百万円,-185,-0.83,22037.093円,514回,45320.00億円
9022,2020-01-06,21840,21875,09:00,21475,14:30,21505,338500株,7302百万円,-495,-2.25,21570.495円,1221回,44300.30億円
9022,2020-01-07,21530,21930,14:46,21485,09:00,21925,301800株,6587百万円,+420,+1.95,21825.699円,1111回,45165.50億円
9022,2020-01-08,21780,21805,09:00,21490,10:34,21590,309200株,6677百万円,-335,-1.53,21595.568円,1263回,44475.40億円
9022,2020-01-09,21825,21970,14:49,21825,09:00,21905,257800株,5647百万円,+315,+1.46,21906.113円,1056回,45124.30億円
9022,2020-01-10,21995,22030,09:04,21890,14:57,21920,188200株,4130百万円,+15,+0.07,21945.903円,668回,45155.20億円
9022,2020-01-14,21880,21945,15:00,21820,09:00,21945,230800株,5055百万円,+25,+0.11,21900.773円,919回,45206.70億円
9022,2020-01-15,21845,21945,09:01,21680,14:07,21730,295600株,6432百万円,-215,-0.98,21760.759円,1117回,44763.80億円
9022,2020-01-16,22100,22115,09:00,21815,14:06,21850,291700株,6389百万円,+120,+0.55,21903.505円,1243回,45011.00億円
9022,2020-01-17,22115,22125,09:00,21895,12:35,21985,341300株,7504百万円,+135,+0.62,21985.315円,1265回,45289.10億円
9022,2020-01-20,22145,22215,11:21,22040,09:02,22150,176100株,3901百万円,+165,+0.75,22153.376円,785回,45629.00億円
9022,2020-01-21,22165,22195,09:29,21965,13:41,21990,141300株,3113百万円,-160,-0.72,22029.413円,620回,45299.40億円
9022,2020-01-22,21990,22045,09:01,21900,09:21,21955,188700株,4144百万円,-35,-0.16,21962.87円,788回,45227.30億円
9022,2020-01-23,21785,21885,09:05,21725,09:00,21765,283400株,6176百万円,-190,-0.87,21791.808円,1018回,44835.90億円
9022,2020-01-24,22145,22175,10:58,21930,09:04,22150,346900株,7670百万円,+385,+1.77,22111.217円,1249回,45629.00億円
9022,2020-01-27,21830,21970,13:52,21775,09:02,21895,267800株,5859百万円,-255,-1.15,21880.037円,1143回,45103.70億円
9022,2020-01-28,21755,21795,09:00,21570,11:26,21665,325900株,7060百万円,-230,-1.05,21664.587円,1388回,44629.90億円
9022,2020-01-29,21795,21955,09:17,21720,09:48,21900,240800株,5268百万円,+235,+1.08,21875.87円,1057回,45114億円
9022,2020-01-30,21785,21945,09:21,21620,14:39,21645,240800株,5229百万円,-255,-1.16,21714.151円,1087回,44589億円
9022,2020-01-31,21530,21920,10:50,21415,09:04,21585,403800株,8749百万円,-60,-0.28,21665.766円,1743回,44465億円
9022,2020-02-03,21490,21730,13:46,21405,09:00,21605,342700株,7406百万円,+20,+0.09,21609.34円,1557回,44506億円
9022,2020-02-04,21630,21980,14:59,21545,09:03,21965,309800株,6760百万円,+360,+1.67,21821.898円,1460回,45248億円
9022,2020-02-05,22060,22220,12:42,22045,09:02,22145,287700株,6370百万円,+180,+0.82,22140.238円,1184回,45619億円
9022,2020-02-06,22385,22570,09:00,22310,09:34,22355,438800株,9831百万円,+210,+0.95,22403.547円,1568回,46051億円
9022,2020-02-07,22475,22490,09:03,22155,13:21,22155,263800株,5872百万円,-200,-0.89,22260.426円,1185回,45639億円
9022,2020-02-10,22085,22125,11:25,21910,09:05,22065,222600株,4905百万円,-90,-0.41,22035.328円,991回,45454億円
9022,2020-02-10,22060,22115,14:58,21980,09:05,22090,222900株,4918百万円,+25,+0.11,22065.475円,984回,45505億円
9022,2020-02-13,22240,22260,09:01,21955,10:00,22040,253000株,5578百万円,-50,-0.23,22048.794円,1021回,45402億円
9022,2020-02-14,22000,22035,09:01,21750,14:59,21760,351600株,7681百万円,-280,-1.27,21844.683円,1308回,44826億円
9022,2020-02-17,21580,21650,09:01,21285,13:29,21285,375100株,8015百万円,-475,-2.18,21367.927円,1749回,43847億円
9022,2020-02-17,21220,21315,09:03,20925,13:13,21050,349200株,7367百万円,-235,-1.10,21097.112円,1581回,43363億円
9022,2020-02-18,21200,21305,14:30,20995,10:12,21215,374000株,7929百万円,+165,+0.78,21200.6円,1618回,43703億円
9022,2020-02-20,21220,21285,09:02,20705,14:59,20725,395400株,8260百万円,-490,-2.31,20891.175円,1926回,42694億円
9022,2020-02-21,20600,20850,10:20,20565,09:00,20690,285900株,5926百万円,-35,-0.17,20727.298円,1253回,42621億円
9022,2020-02-25,19440,19860,09:41,19110,09:06,19385,652900株,12734百万円,-1305,-6.31,19503.961円,2640回,39933億円
9022,2020-02-26,19120,19240,12:30,18965,10:49,19055,567800株,10844百万円,-330,-1.70,19098.621円,2239回,39253億円
9022,2020-02-27,18890,18905,09:01,18410,14:03,18440,644300株,11975百万円,-615,-3.23,18586.721円,2475回,37986億円
9022,2020-02-28,17950,18240,10:05,17625,12:32,17780,910500株,16223百万円,-660,-3.58,17817.255円,3313回,36627億円
