9060,2019-12-30,5980,5980,09:00,5510,10:55,5600,8100株,46百万円,-290,-4.92,5690.741円,72回,77.47億円
9060,2020-01-06,5510,5550,10:01,5180,14:44,5200,10700株,57百万円,-400,-7.14,5326.635円,64回,71.93億円
9060,2020-01-07,5300,5380,10:24,5150,09:19,5260,8200株,43百万円,+60,+1.15,5274.146円,68回,72.76億円
9060,2020-01-08,5320,5320,09:00,4965,09:51,5210,6500株,33百万円,-50,-0.95,5114.615円,55回,72.07億円
9060,2020-01-09,5210,5360,11:13,5150,10:06,5280,4500株,24百万円,+70,+1.34,5276円,38回,73.04億円
9060,2020-01-10,5280,5680,10:11,5280,09:00,5470,7000株,38百万円,+190,+3.60,5450.571円,63回,75.67億円
9060,2020-01-14,5370,5430,12:42,5350,09:04,5410,3000株,16百万円,-60,-1.10,5382円,21回,74.84億円
9060,2020-01-15,5310,5310,09:00,4985,10:01,5060,9800株,50百万円,-350,-6.47,5096.071円,79回,70.00億円
9060,2020-01-16,5090,5100,09:00,4595,09:56,4825,11700株,57百万円,-235,-4.64,4872.479円,94回,66.74億円
9060,2020-01-17,4825,4855,12:30,4685,09:18,4840,4000株,19百万円,+15,+0.31,4790.25円,33回,66.95億円
9060,2020-01-20,4940,4950,09:30,4880,12:55,4900,1900株,9百万円,+60,+1.24,4925.526円,16回,67.78億円
9060,2020-01-21,4900,4900,09:12,4685,10:38,4760,4900株,23百万円,-140,-2.86,4755.612円,36回,65.85億円
9060,2020-01-22,4635,4635,09:03,4560,12:55,4620,4400株,20百万円,-140,-2.94,4602.386円,36回,63.91億円
9060,2020-01-23,4620,4645,13:12,4440,09:32,4635,3000株,14百万円,+15,+0.32,4558.833円,26回,64.12億円
9060,2020-01-24,4565,4595,09:11,4495,12:35,4500,3200株,14百万円,-135,-2.91,4520.469円,27回,62.25億円
9060,2020-01-27,4290,4300,09:20,4060,09:09,4200,6000株,25百万円,-300,-6.67,4204円,41回,58.10億円
9060,2020-01-28,4200,4200,09:00,4140,09:07,4200,2300株,10百万円,0,0,4165円,16回,58.10億円
9060,2020-01-29,4260,4535,09:33,4260,09:00,4305,9600株,42百万円,+105,+2.50,4414.792円,68回,59.6億円
9060,2020-01-30,4330,4520,14:49,4330,09:00,4505,4000株,18百万円,+200,+4.65,4442円,34回,62.3億円
9060,2020-01-31,4435,4435,09:00,4345,12:32,4350,2300株,10百万円,-155,-3.44,4365.217円,20回,60.2億円
9060,2020-02-03,4070,4225,14:20,4000,09:09,4215,3500株,14百万円,-135,-3.10,4084.143円,20回,58.3億円
9060,2020-02-04,4215,4530,14:04,4215,09:00,4435,2100株,9百万円,+220,+5.22,4380.476円,20回,61.4億円
9060,2020-02-05,4460,4660,13:18,4460,09:00,4600,3200株,15百万円,+165,+3.72,4601.875円,30回,63.6億円
9060,2020-02-06,4615,4905,10:07,4615,09:00,4785,4700株,22百万円,+185,+4.02,4754.149円,35回,66.2億円
9060,2020-02-07,4810,4815,09:04,4705,12:46,4770,2600株,12百万円,-15,-0.31,4755.961円,23回,66.0億円
9060,2020-02-10,4785,4850,11:25,4650,09:05,4840,3400株,16百万円,+70,+1.47,4746.618円,33回,67.0億円
9060,2020-02-12,4770,4900,14:45,4770,09:00,4895,3000株,15百万円,+55,+1.14,4843.5円,27回,67.7億円
9060,2020-02-13,4895,5140,13:08,4880,09:23,5040,7900株,39百万円,+145,+2.96,4988.291円,63回,69.7億円
9060,2020-02-14,5400,5450,09:09,4610,14:32,4650,18500株,93百万円,-390,-7.74,5041.108円,127回,64.3億円
9060,2020-02-17,4720,4720,09:00,4390,12:47,4420,4500株,20百万円,-230,-4.95,4474.889円,34回,61.1億円
9060,2020-02-17,4420,4510,09:20,4100,13:07,4200,4400株,19百万円,-220,-4.98,4280.227円,30回,58.1億円
9060,2020-02-18,4200,4440,13:31,4200,09:00,4405,2700株,12百万円,+205,+4.88,4343.704円,26回,60.9億円
9060,2020-02-20,4485,4580,09:06,4485,09:03,4485,1900株,9百万円,+80,+1.82,4523.158円,15回,62.0億円
9060,2020-02-21,4480,4480,09:00,4255,09:52,4350,1700株,7百万円,-135,-3.01,4356.765円,17回,60.2億円
9060,2020-02-25,4000,4145,09:40,4000,09:12,4090,5200株,21百万円,-260,-5.98,4055円,25回,56.6億円
9060,2020-02-26,3985,4080,14:59,3985,09:03,4080,4100株,16百万円,-10,-0.24,4012.805円,23回,56.4億円
9060,2020-02-27,4045,4070,09:01,3805,13:09,3820,3200株,13百万円,-260,-6.37,3933.281円,28回,52.8億円
9060,2020-02-28,3680,3770,11:02,3300,14:46,3410,8500株,30百万円,-410,-10.73,3545.059円,62回,47.2億円
9060,2020-03-02,3465,3815,13:23,3465,09:00,3810,6100株,22百万円,+400,+11.73,3623.688円,41回,52.7億円
9060,2020-03-03,4040,4085,10:38,3830,09:15,3910,10100株,40百万円,+100,+2.62,3965.693円,75回,54.1億円
9060,2020-03-04,3770,3800,09:42,3580,09:05,3785,2800株,10百万円,-125,-3.20,3722.143円,18回,52.4億円
9060,2020-03-05,3960,4035,09:21,3955,14:59,3955,3500株,14百万円,+170,+4.49,3992.143円,30回,54.7億円
9060,2020-03-06,3895,3895,09:00,3700,11:11,3790,2600株,10百万円,-165,-4.17,3760.769円,21回,52.4億円
9060,2020-03-06,3720,3790,09:03,3530,13:04,3700,5800株,21百万円,-90,-2.37,3651.121円,44回,51.2億円
9060,2020-03-10,3520,3895,14:36,3520,09:06,3885,2900株,11百万円,+185,+5.00,3698.276円,22回,53.7億円
9060,2020-03-11,3815,3870,09:10,3660,13:58,3700,1500株,6百万円,-185,-4.76,3763.333円,15回,51.2億円
9060,2020-03-12,3505,3665,09:12,3505,09:06,3550,2200株,8百万円,-150,-4.05,3569.773円,15回,49.1億円
9060,2020-03-13,3200,3320,09:14,3110,10:07,3255,5200株,17百万円,-295,-8.31,3232.115円,31回,45.0億円
9060,2020-03-16,3500,3640,14:18,3450,10:38,3640,1500株,5百万円,+385,+11.83,3553円,9回,50.4億円
9060,2020-03-17,3405,3640,10:37,3355,09:10,3575,3400株,12百万円,-65,-1.79,3535.441円,25回,49.5億円
9060,2020-03-18,3785,3830,10:53,3630,09:51,3630,3900株,15百万円,+55,+1.54,3718.462円,28回,50.2億円
9060,2020-03-19,3570,3700,09:57,3505,13:23,3570,3000株,11百万円,-60,-1.65,3577.333円,23回,49.4億円
9060,2020-03-23,3500,3640,09:58,3500,09:00,3535,1300株,5百万円,-35,-0.98,3550.385円,13回,48.9億円
9060,2020-03-24,3610,3735,10:33,3610,09:03,3660,1100株,4百万円,+125,+3.54,3681.364円,10回,50.6億円
9060,2020-03-26,3800,3885,09:26,3795,15:00,3795,1800株,7百万円,+135,+3.69,3831.667円,17回,52.5億円
9060,2020-03-26,3795,3795,09:00,3700,10:44,3740,2200株,8百万円,-55,-1.45,3766.818円,16回,51.7億円
9060,2020-03-27,3745,3745,09:17,3675,10:51,3735,1500株,6百万円,-5,-0.13,3701円,15回,51.7億円
9060,2020-03-30,3565,3675,12:35,3560,09:17,3600,1600株,6百万円,-135,-3.61,3630円,11回,49.8億円
9060,2020-03-31,3625,3800,12:38,3605,09:01,3690,2400株,9百万円,+90,+2.50,3709.583円,15回,51.0億円
9060,2020-04-01,3690,3755,12:30,3690,11:27,3755,1000株,4百万円,+65,+1.76,3742円,10回,51.9億円
9060,2020-04-02,－,－,－,－,－,－,－株,－百万円,0,0,－円,0回,51.9億円
9060,2020-04-03,3755,3760,10:44,3715,14:09,3720,1400株,5百万円,0,0,3740円,14回,51.5億円
9060,2020-04-06,3720,3720,09:00,3665,12:47,3690,800株,3百万円,-30,-0.81,3706.25円,6回,51.0億円
9060,2020-04-07,3775,3850,10:24,3755,14:56,3755,1300株,5百万円,+65,+1.76,3805.769円,11回,51.9億円
9060,2020-04-08,3755,3805,13:19,3755,09:00,3805,200株,1百万円,+50,+1.33,3780円,2回,52.6億円
9060,2020-04-09,3735,3845,09:45,3645,14:53,3645,2700株,10百万円,-160,-4.20,3715.185円,22回,50.4億円
9060,2020-04-10,3735,3735,14:23,3735,14:23,3735,300株,1百万円,+90,+2.47,3735円,1回,51.7億円
9060,2020-04-13,3735,4130,11:05,3735,09:00,4040,7300株,29百万円,+305,+8.17,3983.082円,58回,55.9億円
9060,2020-04-14,4065,4540,10:29,3955,09:50,4480,10000株,43百万円,+440,+10.89,4314.65円,92回,62.0億円
9060,2020-04-15,4800,4850,09:15,4575,11:23,4675,8800株,41百万円,+195,+4.35,4713.182円,57回,64.7億円
9060,2020-04-16,4700,4900,12:45,4625,10:04,4890,5200株,25百万円,+215,+4.60,4794.423円,46回,67.6億円
9060,2020-04-17,4975,4975,09:03,4560,12:47,4650,8600株,41百万円,-240,-4.91,4727.849円,64回,64.3億円
9060,2020-04-20,4650,4780,13:52,4580,09:00,4780,3400株,16百万円,+130,+2.80,4680.441円,28回,66.1億円
9060,2020-04-21,4640,4655,10:08,4410,12:46,4425,4500株,20百万円,-355,-7.43,4539.444円,38回,61.2億円
9060,2020-04-22,4310,4510,13:01,3960,09:10,4230,10000株,42百万円,-195,-4.41,4172.65円,73回,58.5億円
9060,2020-04-23,4370,4450,14:50,4300,09:37,4450,1600株,7百万円,+220,+5.20,4370円,12回,61.6億円
9060,2020-04-24,4450,4575,09:36,4400,14:10,4400,1800株,8百万円,-50,-1.12,4475.278円,15回,60.9億円
9060,2020-04-27,4415,4445,12:30,4335,14:58,4335,2700株,12百万円,-65,-1.48,4400.741円,19回,60.0億円
9060,2020-04-28,4385,4385,09:00,4220,10:56,4300,1600株,7百万円,-35,-0.81,4277.812円,16回,59.5億円
9060,2020-04-30,4335,4415,09:07,4235,15:00,4235,2800株,12百万円,-65,-1.51,4319.821円,16回,58.6億円
9060,2020-05-01,4240,4240,09:08,4150,12:30,4230,2400株,10百万円,-5,-0.12,4192.083円,19回,58.5億円
9060,2020-05-07,4370,4550,10:22,4355,09:45,4440,4900株,22百万円,+210,+4.96,4439.49円,40回,61.4億円
9060,2020-05-08,4500,4565,09:16,4300,10:56,4405,3400株,15百万円,-35,-0.79,4424.706円,29回,60.9億円
9060,2020-05-11,4545,4545,09:03,4445,09:46,4490,1200株,5百万円,+85,+1.93,4517.917円,10回,62.1億円,05/01,0.0,19.1,－
9060,2020-05-12,4450,4450,09:00,4305,13:58,4305,2600株,11百万円,-185,-4.12,4353.654円,21回,59.6億円,05/01,0.0,19.1,－
9060,2020-05-13,4310,4345,13:19,4305,09:00,4345,900株,4百万円,+40,+0.93,4311.111円,6回,60.1億円,05/01,0.0,19.1,－
9060,2020-05-14,4305,4380,10:04,4250,10:00,4250,1700株,7百万円,-95,-2.19,4299.118円,11回,58.8億円,05/01,0.0,19.1,－
9060,2020-05-15,4250,4250,09:00,4080,10:29,4190,1300株,5百万円,-60,-1.41,4159.231円,13回,58.0億円,05/01,0.0,19.1,－
9060,2020-05-18,4195,4265,09:10,4195,09:06,4250,800株,3百万円,+60,+1.43,4230円,8回,58.8億円,05/01,0.0,19.1,－
9060,2020-05-19,4270,4275,12:48,4200,11:29,4275,1000株,4百万円,+25,+0.59,4257.5円,6回,59.1億円,05/01,0.0,19.1,－
9060,2020-05-20,4260,4300,10:37,4260,09:00,4300,900株,4百万円,+25,+0.58,4278.889円,8回,59.5億円,05/15,0.0,19.1,－
9060,2020-05-21,4290,4395,14:54,4290,12:47,4395,500株,2百万円,+95,+2.21,4353円,5回,60.8億円,05/15,0.0,19.1,－
9060,2020-05-22,4400,4575,13:33,4400,09:00,4500,4500株,20百万円,+105,+2.39,4481.889円,36回,62.3億円,05/15,0.0,19.1,－
9060,2020-05-25,4610,5000,14:59,4610,09:03,4985,22500株,108百万円,+485,+10.78,4780.911円,151回,69.0億円,05/15,0.0,19.1,－
9060,2020-05-26,5160,5260,09:03,4410,09:22,4590,24400株,115百万円,-395,-7.92,4729.98円,156回,63.5億円,05/15,0.0,19.1,－
9060,2020-05-27,4605,4610,09:04,4455,09:11,4515,4700株,21百万円,-75,-1.63,4525.319円,44回,62.5億円,05/22,0.0,19.4,－
9060,2020-05-28,4520,4610,12:48,4520,09:00,4530,4400株,20百万円,+15,+0.33,4553.296円,31回,62.7億円,05/22,0.0,19.4,－
9060,2020-05-29,4520,4630,09:12,4520,09:00,4615,2100株,10百万円,+85,+1.88,4588.81円,13回,63.8億円,05/22,0.0,19.4,－
9060,2020-06-01,4575,4575,09:00,4480,15:00,4480,4100株,19百万円,-135,-2.93,4524.634円,31回,62.0億円,05/22,0.0,19.4,－
9060,2020-06-02,4485,4500,12:44,4460,09:46,4485,2900株,13百万円,+5,+0.11,4472.069円,13回,62.0億円,05/22,0.0,19.4,－
9060,2020-06-03,4490,4530,11:29,4490,09:00,4510,2400株,11百万円,+25,+0.56,4502.708円,19回,62.4億円,05/22,0.0,19.4,－
9060,2020-06-04,4505,4760,10:28,4470,09:28,4535,5700株,26百万円,+25,+0.55,4559.649円,29回,62.7億円,05/29,0.0,21.3,－
9060,2020-06-05,4500,4510,12:42,4500,09:27,4510,700株,3百万円,-25,-0.55,4504.286円,6回,62.4億円,05/29,0.0,21.3,－
9060,2020-06-08,4530,4530,09:17,4455,12:46,4455,3200株,14百万円,-55,-1.22,4473.594円,14回,61.6億円,05/29,0.0,21.3,－
9060,2020-06-09,4455,4455,09:38,4415,14:45,4415,2200株,10百万円,-40,-0.90,4440.682円,9回,61.1億円,05/29,0.0,21.3,－
9060,2020-06-10,4400,4450,09:16,4400,09:00,4430,1100株,5百万円,+15,+0.34,4416.818円,7回,61.3億円,06/05,0.0,25.6,－
9060,2020-06-11,4450,4470,14:15,4425,14:31,4425,1400株,6百万円,-5,-0.11,4452.143円,11回,61.2億円,06/05,0.0,25.6,－
9060,2020-06-12,4310,4310,09:03,4240,09:11,4305,1600株,7百万円,-120,-2.71,4296.25円,6回,59.6億円,06/05,0.0,25.6,－
9060,2020-06-15,4370,4420,09:48,4300,14:58,4300,1000株,4百万円,-5,-0.12,4362.5円,8回,59.5億円,06/05,0.0,25.6,－
9060,2020-06-16,4355,4355,12:30,4340,14:40,4340,400株,2百万円,+40,+0.93,4351.25円,2回,60.0億円,06/05,0.0,25.6,－
9060,2020-06-17,－,－,－,－,－,－,－株,－百万円,0,0,－円,0回,60.0億円,06/12,0.0,24.5,－
9060,2020-06-18,4340,4340,10:44,4250,13:02,4260,900株,4百万円,0,0,4283.889円,8回,58.9億円,06/12,0.0,24.5,－
9060,2020-06-19,4245,4300,14:45,4245,13:51,4300,300株,1百万円,+40,+0.94,4281.667円,2回,59.5億円,06/12,0.0,24.5,－
9060,2020-06-22,4300,4380,14:00,4300,09:05,4310,500株,2百万円,+10,+0.23,4334円,5回,59.6億円,06/12,0.0,24.5,－
9060,2020-06-23,4375,4415,13:34,4345,12:40,4355,900株,4百万円,+45,+1.04,4390.556円,8回,60.2億円,06/12,0.0,24.5,－
9060,2020-06-24,4345,4415,10:08,4345,09:00,4350,600株,3百万円,-5,-0.11,4369.167円,3回,60.2億円,06/19,0.0,24.3,－
9060,2020-06-25,4280,4280,09:21,4225,09:32,4240,1200株,5百万円,-110,-2.53,4248.75円,9回,58.7億円,06/19,0.0,24.3,－
9060,2020-06-26,4240,4240,09:00,4195,14:53,4195,1700株,7百万円,-45,-1.06,4219.412円,8回,58.0億円,06/19,0.0,24.3,－
