9270,2019-08-30,1651,1709,09:24,1651,09:00,1670,34300株,57百万円,+17,+1.03,1666.746円,264回
9270,2019-09-02,1671,1689,09:09,1643,14:44,1644,15900株,26百万円,-26,-1.56,1652.843円,72回
9270,2019-09-03,1625,1663,09:09,1620,09:38,1630,12100株,20百万円,-14,-0.85,1634.744円,66回
9270,2019-09-03,1625,1625,09:00,1580,11:23,1620,30900株,50百万円,-10,-0.61,1606.275円,165回
9270,2019-09-05,1619,1666,09:37,1601,09:19,1620,46600株,76百万円,0,0,1629.708円,255回
9270,2019-09-05,1614,1630,09:09,1610,09:27,1611,11500株,19百万円,-9,-0.56,1615.33円,69回
9270,2019-09-07,1620,1625,12:30,1583,13:31,1610,13200株,21百万円,-1,-0.06,1598.303円,101回
9270,2019-09-10,1610,1620,11:13,1592,14:10,1609,16200株,26百万円,-1,-0.06,1600.463円,55回
9270,2019-09-11,1600,1607,12:39,1582,10:25,1597,21700株,35百万円,-12,-0.75,1592.415円,115回
9270,2019-09-12,1581,1615,09:11,1575,09:24,1603,28600株,45百万円,+6,+0.38,1588.217円,123回
9270,2019-09-13,1605,1605,09:00,1530,14:05,1565,61700株,97百万円,-38,-2.37,1576.282円,279回
9270,2019-09-17,1532,1598,13:53,1530,09:02,1598,27900株,44百万円,+33,+2.11,1566.133円,143回
9270,2019-09-17,1598,1625,10:24,1582,09:15,1584,18300株,29百万円,-14,-0.88,1603.153円,96回,201.81億円
9270,2019-09-19,1607,1638,09:06,1600,13:11,1631,45600株,74百万円,+47,+2.97,1622.34円,239回,207.80億円
9270,2019-09-20,1627,1650,09:00,1624,13:02,1627,19100株,31百万円,-4,-0.25,1630.068円,79回,207.29億円
9270,2019-09-24,1650,1730,09:28,1650,09:00,1723,35600株,61百万円,+96,+5.90,1703.573円,168回,219.65億円
9270,2019-09-25,1744,1745,09:00,1695,13:13,1710,35100株,60百万円,-13,-0.75,1712.413円,179回,217.99億円
9270,2019-09-26,1711,1740,09:12,1697,15:00,1697,29300株,50百万円,-13,-0.76,1715.56円,133回,216.33億円
9270,2019-09-27,1697,1701,14:59,1660,09:30,1697,18000株,30百万円,0,0,1680.239円,101回,216.33億円
9270,2019-09-30,1730,1774,10:48,1707,09:04,1764,30200株,53百万円,+67,+3.95,1749.272円,159回,224.87億円
9270,2019-10-01,1800,1856,13:45,1785,09:05,1842,42700株,78百万円,+78,+4.42,1821.635円,221回,234.82億円
9270,2019-10-02,1805,1811,10:56,1780,09:26,1800,19800株,36百万円,-42,-2.28,1799.045円,119回,229.46億円
9270,2019-10-03,1787,1834,13:52,1774,09:00,1820,28300株,51百万円,+20,+1.11,1804.375円,157回,232.01億円
9270,2019-10-04,1820,1859,09:11,1812,10:38,1828,19200株,35百万円,+8,+0.44,1832.568円,99回,233.03億円
9270,2019-10-07,1813,1846,14:34,1767,09:10,1833,24500株,45百万円,+5,+0.27,1823.861円,98回,233.67億円
9270,2019-10-08,1851,1859,09:04,1831,12:30,1848,16400株,30百万円,+15,+0.82,1838.329円,78回,235.58億円
9270,2019-10-09,1850,1890,14:17,1850,09:00,1884,19700株,37百万円,+36,+1.95,1873.782円,113回,240.17億円
9270,2019-10-10,1890,1910,09:05,1881,13:45,1893,26300株,50百万円,+9,+0.48,1895.281円,150回,241.32億円
9270,2019-10-11,1891,1891,09:00,1784,11:12,1827,51100株,93百万円,-66,-3.49,1817.043円,299回,232.90億円
9270,2019-10-15,1805,1827,09:00,1727,14:59,1727,43900株,77百万円,-100,-5.47,1760.809円,274回,220.16億円
9270,2019-10-16,2127,2127,14:48,1980,14:52,2127,586400株,1231百万円,+400,+23.16,2099.136円,1348回,271.15億円
9270,2019-10-17,2077,2388,12:34,2062,09:00,2319,544600株,1223百万円,+192,+9.03,2245.908円,2737回,295.62億円
9270,2019-10-18,2399,2490,09:18,2217,13:15,2300,312700株,735百万円,-19,-0.82,2351.315円,1532回,293.20億円
9270,2019-10-21,2320,2434,13:41,2285,09:02,2397,128800株,304百万円,+97,+4.22,2363.53円,591回,305.57億円
9270,2019-10-23,2397,2400,09:00,2202,11:25,2212,170900株,388百万円,-185,-7.72,2267.9円,929回,281.98億円
9270,2019-10-24,2243,2340,09:49,2211,14:45,2220,108100株,245百万円,+8,+0.36,2269.352円,584回,283.00億円
9270,2019-10-25,2200,2240,09:00,2109,13:07,2190,98700株,213百万円,-30,-1.35,2159.434円,496回,279.18億円
9270,2019-10-28,2200,2259,10:36,2130,14:04,2136,68000株,149百万円,-54,-2.47,2190.369円,379回,272.29億円
9270,2019-10-29,2166,2173,10:48,2083,14:54,2094,58900株,125百万円,-42,-1.97,2113.88円,310回,266.94億円
9270,2019-10-30,2105,2133,14:50,2027,12:34,2132,50000株,104百万円,+38,+1.81,2072.2円,265回,271.78億円
9270,2019-10-31,2112,2220,14:59,2111,09:02,2218,74500株,162百万円,+86,+4.03,2172.473円,360回,282.75億円
9270,2019-11-01,2198,2210,09:30,2135,14:52,2142,40400株,88百万円,-76,-3.43,2169.941円,221回,273.06億円
9270,2019-11-05,2150,2210,09:48,2150,09:00,2189,36100株,79百万円,+47,+2.19,2182.13円,166回,279.05億円
9270,2019-11-07,2129,2141,09:12,2066,14:34,2080,57500株,120百万円,-60,-2.80,2092.96円,328回,265.16億円
9270,2019-11-08,2120,2164,10:02,2099,09:00,2123,34500株,74百万円,+43,+2.07,2133.6円,201回,270.64億円
9270,2019-11-11,2123,2176,09:29,2123,09:00,2159,46800株,101百万円,+36,+1.70,2153.594円,261回,275.23億円
9270,2019-11-12,2175,2240,12:42,2148,09:49,2210,86100株,189百万円,+51,+2.36,2199.685円,450回,281.73億円
9270,2019-11-13,2210,2210,09:00,2107,10:47,2143,102900株,221百万円,-67,-3.03,2145.462円,522回,273.19億円
9270,2019-11-14,2169,2169,09:00,2108,13:15,2129,35100株,75百万円,-14,-0.65,2129.114円,227回,271.40億円
9270,2019-11-15,2102,2140,12:57,2072,09:31,2117,35000株,74百万円,-12,-0.56,2108.603円,219回,269.87億円
9270,2019-11-18,2106,2136,14:45,2080,10:20,2136,39200株,83百万円,+19,+0.90,2108.666円,209回,272.29億円
9270,2019-11-19,2160,2220,09:34,2157,09:01,2200,61300株,134百万円,+64,+3.00,2191.253円,323回,280.45億円
9270,2019-11-20,2161,2213,09:14,2128,13:29,2155,50200株,109百万円,-45,-2.05,2167.378円,270回,274.95億円
9270,2019-11-21,2177,2191,09:17,2130,10:14,2171,33200株,72百万円,+16,+0.74,2163.762円,207回,276.99億円
9270,2019-11-22,2191,2285,10:44,2191,09:00,2279,136000株,306百万円,+108,+4.97,2252.698円,664回,290.77億円
9270,2019-11-25,2285,2372,09:14,2285,09:00,2357,100800株,235百万円,+78,+3.42,2335.765円,522回,300.73億円
9270,2019-11-26,2370,2370,09:00,2312,12:58,2340,78500株,184百万円,-17,-0.72,2343.861円,369回,298.56億円
9270,2019-11-27,2326,2477,13:52,2318,09:00,2456,168900株,406百万円,+116,+4.96,2405.184円,857回,313.36億円
9270,2019-11-28,2425,2459,09:08,2380,13:54,2380,84300株,203百万円,-76,-3.09,2412.986円,484回,303.66億円
9270,2019-11-29,2360,2360,09:00,2250,12:47,2258,101700株,233百万円,-122,-5.13,2287.609円,596回,288.09億円
9270,2019-12-02,2235,2280,12:55,2218,11:18,2250,48200株,109百万円,-8,-0.35,2251.257円,273回,287.07億円
9270,2019-12-03,2222,2359,13:08,2221,09:02,2335,73000株,169百万円,+85,+3.78,2314.356円,417回,297.92億円
9270,2019-12-05,2350,2595,09:52,2350,09:00,2542,314700株,794百万円,+201,+8.59,2522.234円,1844回,324.33億円
9270,2019-12-06,2549,2757,14:58,2549,09:00,2756,294700株,791百万円,+214,+8.42,2682.648円,1571回,351.63億円
9270,2019-12-09,2744,2744,09:00,2581,12:39,2694,158100株,421百万円,-62,-2.25,2660.391円,938回,343.72億円
9270,2019-12-10,2694,2774,09:49,2676,09:07,2688,103500株,283百万円,-6,-0.22,2731.497円,614回,342.96億円
9270,2019-12-13,2526,2537,10:00,2386,13:42,2405,140300株,344百万円,-80,-3.22,2450.893円,822回,306.85億円
9270,2019-12-16,2423,2557,15:00,2421,09:02,2557,93900株,234百万円,+152,+6.32,2488.555円,597回,326.24億円
9270,2019-12-17,2567,2640,09:07,2488,12:48,2530,143900株,367百万円,-27,-1.06,2547.315円,853回,322.80億円
9270,2019-12-18,2523,2574,11:20,2480,09:15,2565,45700株,116百万円,+35,+1.38,2540.092円,284回,327.26億円
9270,2019-12-19,2553,2646,10:29,2547,09:07,2621,54400株,142百万円,+56,+2.18,2611.912円,345回,334.41億円
9270,2019-12-20,2630,2820,14:47,2630,09:00,2820,182500株,503百万円,+199,+7.59,2757.207円,995回,364.72億円
9270,2019-12-23,2770,2800,09:00,2640,12:37,2652,143400株,386百万円,-168,-5.96,2689.982円,899回,342.99億円
9270,2019-12-24,2640,2745,11:14,2640,09:00,2739,70400株,191百万円,+87,+3.28,2706.933円,389回,354.24億円
9270,2019-12-25,2766,2766,09:00,2676,09:38,2701,66300株,180百万円,-38,-1.39,2709.695円,430回,349.33億円
9270,2019-12-26,2724,2788,10:26,2709,14:59,2731,47200株,130百万円,+30,+1.11,2751.801円,298回,353.21億円
9270,2019-12-27,2775,2825,11:03,2745,09:03,2766,77500株,216百万円,+35,+1.28,2789.994円,466回,357.74億円
9270,2019-12-30,2770,2820,09:00,2717,12:30,2768,45600株,126百万円,+2,+0.07,2755.873円,288回,357.99億円
9270,2020-01-06,2700,2700,09:03,2600,09:54,2650,90300株,239百万円,-118,-4.26,2645.978円,509回,342.73億円
9270,2020-01-07,2635,2636,09:00,2526,14:59,2526,165800株,426百万円,-124,-4.68,2567.959円,795回,326.70億円
9270,2020-01-08,2526,2578,09:03,2388,10:33,2465,105800株,261百万円,-61,-2.41,2466.365円,510回,318.81億円
9270,2020-01-09,2467,2468,09:00,2362,11:06,2363,173400株,416百万円,-102,-4.14,2397.644円,1077回,305.61億円
9270,2020-01-10,2380,2394,09:00,2296,09:58,2372,121900株,286百万円,+9,+0.38,2344.343円,737回,306.78億円
9270,2020-01-14,2359,2360,09:00,2263,14:57,2277,136000株,313百万円,-95,-4.01,2299.024円,738回,294.49億円
9270,2020-01-15,2500,2760,09:16,2500,09:12,2572,499400株,1304百万円,+295,+12.96,2610.315円,2449回,332.64億円
9270,2020-01-16,2563,2631,09:27,2425,14:20,2440,200400株,501百万円,-132,-5.13,2502.021円,1175回,315.57億円
9270,2020-01-17,2422,2440,09:05,2338,13:57,2346,164600株,391百万円,-94,-3.85,2375.268円,901回,303.42億円
9270,2020-01-20,2368,2451,09:27,2353,14:54,2363,169300株,406百万円,+17,+0.72,2395.277円,1052回,305.88億円
9270,2020-01-21,2355,2417,13:02,2290,10:19,2404,172000株,404百万円,+41,+1.74,2351.695円,1030回,311.19億円
9270,2020-01-22,2400,2400,09:00,2316,14:39,2321,121700株,285百万円,-83,-3.45,2341.449円,623回,300.44億円
9270,2020-01-23,2300,2354,10:07,2271,09:18,2333,88400株,205百万円,+12,+0.52,2318.196円,509回,302.00億円
9270,2020-01-24,2313,2319,09:02,2228,14:38,2244,129200株,294百万円,-89,-3.81,2272.805円,581回,290.48億円
9270,2020-01-27,2170,2211,09:17,2108,14:42,2132,177300株,382百万円,-112,-4.99,2155.763円,883回,275.98億円
9270,2020-01-28,2082,2096,14:57,2045,11:04,2096,187200株,387百万円,-36,-1.69,2066.933円,910回,271.32億円
9270,2020-01-29,2107,2127,09:00,2081,09:36,2083,137300株,288百万円,-13,-0.62,2095.334円,741回,270億円
9270,2020-01-30,2106,2125,09:20,1988,12:31,2050,171800株,351百万円,-33,-1.58,2042.25円,978回,265億円
9270,2020-01-31,2068,2136,12:32,2065,09:22,2116,61200株,129百万円,+66,+3.22,2101.511円,340回,274億円
9270,2020-02-03,2034,2149,14:31,2027,09:19,2138,80700株,169百万円,+22,+1.04,2092.439円,451回,277億円
9270,2020-02-04,2147,2223,10:47,2131,09:18,2208,92000株,201百万円,+70,+3.27,2184.967円,543回,286億円
9270,2020-02-05,2258,2265,09:00,2214,09:29,2220,79800株,178百万円,+12,+0.54,2232.456円,378回,287億円
9270,2020-02-06,2232,2254,13:44,2207,09:21,2240,52900株,118百万円,+20,+0.90,2235.525円,313回,290億円
9270,2020-02-07,2226,2241,09:09,2186,10:11,2209,38400株,85百万円,-31,-1.38,2209.456円,212回,286億円
9270,2020-02-10,2229,2229,09:00,2100,09:04,2184,41300株,90百万円,-25,-1.13,2180.223円,233回,283億円
9270,2020-02-12,2181,2211,09:26,2155,15:00,2155,50700株,111百万円,-29,-1.33,2182.899円,254回,279億円
9270,2020-02-13,2151,2206,10:57,2151,09:00,2165,34400株,75百万円,+10,+0.46,2179.163円,167回,280億円
9270,2020-02-14,2110,2145,09:04,2076,09:26,2078,71000株,149百万円,-87,-4.02,2097.397円,312回,269億円
