9301,2019-08-06,2758,2760,09:00,2674,12:30,2695,373600株,1008百万円,-82,-2.95,2698.3円,1184回
9301,2019-08-06,2630,2679,14:11,2608,09:17,2678,369500株,981百万円,-17,-0.63,2656.183円,1325回
9301,2019-08-07,2650,2693,13:26,2650,09:00,2688,304400株,816百万円,+10,+0.37,2679.624円,1065回
9301,2019-08-08,2683,2736,12:38,2675,09:00,2716,282300株,767百万円,+28,+1.04,2717.752円,1194回
9301,2019-08-09,2750,2762,09:17,2700,14:24,2707,508800株,1386百万円,-9,-0.33,2723.266円,1506回
9301,2019-08-13,2659,2665,13:34,2619,09:19,2656,363100株,963百万円,-51,-1.88,2652.871円,1274回
9301,2019-08-14,2665,2676,09:16,2642,11:00,2670,270600株,720百万円,+14,+0.53,2661.852円,1064回
9301,2019-08-15,2615,2628,10:59,2602,09:32,2608,261900株,684百万円,-62,-2.32,2609.98円,893回
9301,2019-08-16,2591,2632,12:59,2591,09:00,2625,295200株,774百万円,+17,+0.65,2620.606円,1037回
9301,2019-08-19,2642,2642,09:00,2614,11:06,2622,206500株,542百万円,-3,-0.11,2625.132円,749回
9301,2019-08-20,2611,2656,14:41,2600,09:01,2653,272900株,721百万円,+31,+1.18,2641.742円,1029回
9301,2019-08-21,2634,2662,09:27,2624,09:01,2633,240500株,634百万円,-20,-0.75,2635.698円,875回
9301,2019-08-22,2642,2645,09:00,2617,09:15,2638,265700株,699百万円,+5,+0.19,2632.596円,892回
9301,2019-08-23,2615,2651,09:51,2607,09:13,2648,299400株,790百万円,+10,+0.38,2637.639円,1073回
9301,2019-08-26,2566,2584,10:12,2552,14:24,2561,342500株,878百万円,-87,-3.29,2564.006円,1018回
9301,2019-08-26,2590,2604,12:30,2571,14:59,2571,291100株,751百万円,+10,+0.39,2580.983円,1243回
9301,2019-08-28,2566,2583,14:53,2555,09:00,2583,324200株,835百万円,+12,+0.47,2574.633円,1261回
9301,2019-08-29,2597,2608,09:57,2583,13:59,2588,278600株,723百万円,+5,+0.19,2594.178円,1253回
9301,2019-08-30,2611,2626,12:30,2592,10:00,2605,281800株,735百万円,+17,+0.66,2606.803円,907回
9301,2019-09-02,2576,2597,12:30,2571,09:44,2581,242800株,627百万円,-24,-0.92,2583.826円,842回
9301,2019-09-03,2587,2607,13:35,2581,09:06,2593,177300株,460百万円,+12,+0.46,2595.51円,614回
9301,2019-09-03,2604,2622,14:28,2581,09:17,2612,297000株,774百万円,+19,+0.73,2606.141円,1199回
9301,2019-09-05,2627,2703,12:30,2627,09:00,2664,567800株,1517百万円,+52,+1.99,2671.075円,1951回
9301,2019-09-05,2680,2680,09:00,2636,14:45,2644,318600株,844百万円,-20,-0.75,2648.843円,788回
9301,2019-09-07,2645,2660,14:33,2637,09:55,2656,216200株,573百万円,+12,+0.45,2651.316円,621回
9301,2019-09-10,2671,2676,10:27,2650,09:07,2673,272300株,726百万円,+17,+0.64,2667.298円,896回
9301,2019-09-11,2704,2734,13:11,2682,09:00,2733,286400株,779百万円,+60,+2.24,2721.417円,925回
9301,2019-09-12,2747,2774,14:44,2729,11:08,2763,423400株,1166百万円,+30,+1.10,2754.312円,1256回
9301,2019-09-13,2770,2770,09:00,2738,09:20,2743,666700株,1840百万円,-20,-0.72,2759.823円,992回
9301,2019-09-17,2743,2748,10:41,2709,09:03,2736,244300株,669百万円,-7,-0.26,2737.433円,828回
9301,2019-09-17,2743,2774,11:23,2725,09:29,2745,301600株,829百万円,+9,+0.33,2748.541円,982回,2414.52億円
9301,2019-09-19,2758,2783,10:21,2739,12:41,2747,251500株,693百万円,+2,+0.07,2754.857円,897回,2416.28億円
9301,2019-09-20,2772,2790,13:52,2749,09:35,2768,382300株,1059百万円,+21,+0.76,2771.346円,1410回,2434.75億円
9301,2019-09-24,2749,2784,10:03,2743,09:00,2757,215200株,594百万円,-11,-0.40,2759.912円,825回,2425.08億円
9301,2019-09-25,2760,2811,12:31,2755,09:10,2804,308700株,862百万円,+47,+1.70,2792.818円,862回,2466.42億円
9301,2019-09-26,2829,2840,09:22,2786,14:58,2797,426600株,1199百万円,-7,-0.25,2811.146円,1618回,2460.26億円
9301,2019-09-27,2775,2789,09:01,2748,09:48,2786,356200株,988百万円,-11,-0.39,2773.608円,1162回,2450.59億円
9301,2019-09-30,2784,2788,09:37,2729,14:37,2747,454000株,1248百万円,-39,-1.40,2749.483円,1282回,2416.28億円
9301,2019-10-01,2747,2768,09:14,2730,14:12,2732,314500株,863百万円,-15,-0.55,2743.852円,983回,2403.09億円
9301,2019-10-02,2723,2730,10:50,2696,09:25,2722,309600株,841百万円,-10,-0.37,2717.56円,908回,2394.29億円
9301,2019-10-03,2672,2672,09:00,2625,09:39,2655,332200株,880百万円,-67,-2.46,2647.53円,1085回,2335.36億円
9301,2019-10-04,2628,2667,15:00,2609,09:05,2667,293300株,777百万円,+12,+0.45,2650.331円,969回,2345.91億円
9301,2019-10-07,2667,2687,14:57,2666,09:02,2686,193900株,520百万円,+19,+0.71,2679.931円,727回,2362.63億円
9301,2019-10-08,2710,2742,09:17,2700,10:48,2712,282700株,768百万円,+26,+0.97,2716.579円,1126回,2385.50億円
9301,2019-10-09,2693,2712,14:59,2675,09:34,2709,246500株,666百万円,-3,-0.11,2700.932円,986回,2382.86億円
9301,2019-10-10,2704,2707,09:02,2653,09:30,2703,295200株,794百万円,-6,-0.22,2690.22円,1208回,2377.58億円
9301,2019-10-11,2731,2732,09:00,2684,10:14,2712,291700株,792百万円,+9,+0.33,2714.008円,852回,2385.50億円
9301,2019-10-15,2760,2764,09:05,2738,14:05,2744,226600株,623百万円,+32,+1.18,2747.733円,759回,2413.64億円
9301,2019-10-16,2781,2797,09:09,2731,14:59,2739,387400株,1065百万円,-5,-0.18,2749.371円,1381回,2409.24億円
9301,2019-10-17,2741,2756,09:09,2715,14:59,2716,320800株,875百万円,-23,-0.84,2726.825円,1321回,2389.01億円
9301,2019-10-18,2720,2742,09:31,2704,12:47,2717,244700株,666百万円,+1,+0.04,2720.899円,917回,2389.89億円
9301,2019-10-21,2741,2752,12:30,2719,10:05,2741,195700株,536百万円,+24,+0.88,2738.626円,699回,2411.00億円
9301,2019-10-23,2764,2769,09:00,2730,09:20,2766,218800株,603百万円,+25,+0.91,2758.064円,832回,2432.99億円
9301,2019-10-24,2780,2793,09:05,2761,14:41,2764,281200株,779百万円,-2,-0.07,2769.824円,977回,2431.23億円
9301,2019-10-25,2779,2790,09:00,2766,09:31,2786,344500株,958百万円,+22,+0.80,2779.99円,1048回,2450.59億円
9301,2019-10-28,2807,2816,10:41,2796,14:11,2800,239000株,670百万円,+14,+0.50,2803.765円,883回,2462.90億円
9301,2019-10-29,2816,2826,09:06,2787,14:43,2796,365700株,1024百万円,-4,-0.14,2801.435円,1322回,2459.38億円
9301,2019-10-30,2781,2819,14:58,2780,09:00,2809,539500株,1514百万円,+13,+0.46,2807.126円,1364回,2470.82億円
9301,2019-10-31,2845,2853,09:00,2740,13:50,2762,521100株,1445百万円,-47,-1.67,2772.535円,2050回,2429.48億円
9301,2019-11-01,2797,2859,14:45,2767,09:02,2856,334400株,949百万円,+94,+3.40,2837.413円,1237回,2512.16億円
9301,2019-11-05,2829,2843,13:04,2814,11:30,2839,419000株,1187百万円,-17,-0.60,2833.973円,1523回,2497.21億円
9301,2019-11-06,2842,2894,11:18,2842,09:00,2883,250800株,721百万円,+44,+1.55,2875.445円,909回,2535.91億円
9301,2019-11-07,2884,2884,09:00,2845,12:47,2852,190900株,545百万円,-31,-1.08,2856.273円,697回,2508.64億円
9301,2019-11-08,2892,2894,09:25,2854,12:39,2870,417100株,1201百万円,+18,+0.63,2879.98円,884回,2524.47億円
9301,2019-11-11,2878,2893,10:11,2868,09:18,2878,212300株,611百万円,+8,+0.28,2878.959円,730回,2531.51億円
9301,2019-11-12,2871,2884,09:28,2853,14:26,2870,255500株,732百万円,-8,-0.28,2866.247円,958回,2524.47億円
9301,2019-11-13,2857,2878,09:21,2838,13:50,2848,122300株,349百万円,-22,-0.77,2853.111円,671回,2505.12億円
9301,2019-11-14,2848,2848,09:00,2809,13:04,2834,220800株,625百万円,-14,-0.49,2831.94円,938回,2492.81億円
9301,2019-11-15,2834,2885,12:30,2834,09:00,2873,183800株,528百万円,+39,+1.38,2869.984円,675回,2527.11億円
9301,2019-11-18,2863,2880,11:01,2855,09:03,2872,181000株,519百万円,-1,-0.03,2868.528円,660回,2526.23億円
9301,2019-11-19,2883,2893,09:00,2853,14:45,2858,193200株,554百万円,-14,-0.49,2866.015円,668回,2513.92億円
9301,2019-11-20,2852,2853,09:00,2821,13:20,2834,137400株,389百万円,-24,-0.84,2832.975円,655回,2492.81億円
9301,2019-11-21,2846,2854,09:00,2778,10:53,2796,294900株,826百万円,-38,-1.34,2801.304円,1151回,2459.38億円
9301,2019-11-22,2798,2849,10:46,2795,09:00,2822,186900株,528百万円,+26,+0.93,2825.314円,759回,2482.25億円
9301,2019-11-25,2841,2871,11:19,2825,09:01,2854,115000株,328百万円,+32,+1.13,2854.933円,535回,2510.40億円
9301,2019-11-26,2865,2880,09:00,2845,12:52,2846,189300株,540百万円,-8,-0.28,2854.367円,608回,2503.36億円
9301,2019-11-27,2861,2861,09:00,2822,11:11,2835,173400株,492百万円,-11,-0.39,2838.805円,686回,2493.69億円
9301,2019-11-28,2847,2851,09:00,2816,14:45,2820,103900株,294百万円,-15,-0.53,2826.655円,408回,2480.49億円
9301,2019-11-29,2820,2831,09:43,2793,14:28,2797,162700株,456百万円,-23,-0.82,2805.017円,522回,2460.26億円
9301,2019-12-02,2813,2842,09:30,2805,09:01,2835,103500株,293百万円,+38,+1.36,2830.057円,388回,2493.69億円
9301,2019-12-03,2785,2809,12:30,2775,09:03,2789,181500株,507百万円,-46,-1.62,2791.779円,620回,2453.23億円
9301,2019-12-05,2790,2806,09:13,2771,11:16,2790,151400株,422百万円,+18,+0.65,2789.67円,643回,2454.10億円
9301,2019-12-06,2814,2839,09:20,2812,12:42,2812,120600株,340百万円,+22,+0.79,2818.36円,395回,2473.46億円
9301,2019-12-09,2841,2844,14:53,2818,10:08,2844,132900株,377百万円,+32,+1.14,2837.643円,460回,2501.60億円
9301,2019-12-10,2829,2840,09:00,2809,14:36,2809,215900株,608百万円,-35,-1.23,2816.703円,610回,2470.82億円
9301,2019-12-13,2842,2883,12:30,2830,09:05,2880,592400株,1693百万円,+99,+3.56,2857.628円,1145回,2533.27億円
9301,2019-12-16,2881,2898,14:19,2853,10:51,2892,263300株,759百万円,+12,+0.42,2883.883円,924回,2543.82億円
9301,2019-12-17,2907,2918,14:47,2886,09:28,2916,269700株,784百万円,+24,+0.83,2907.888円,1071回,2564.94億円
9301,2019-12-18,2911,2911,09:00,2881,10:01,2891,129000株,373百万円,-25,-0.86,2891.393円,442回,2542.94億円
9301,2019-12-19,2874,2879,14:39,2838,10:08,2871,173200株,496百万円,-20,-0.69,2865.621円,859回,2525.35億円
9301,2019-12-20,2901,2913,12:54,2876,09:44,2895,231900株,672百万円,+24,+0.84,2898.462円,700回,2546.46億円
9301,2019-12-23,2903,2903,09:00,2872,15:00,2872,95000株,273百万円,-23,-0.79,2877.753円,292回,2526.23億円
9301,2019-12-24,2880,2893,09:06,2859,14:01,2870,112800株,324百万円,-2,-0.07,2872.451円,435回,2524.47億円
9301,2019-12-25,2895,2896,09:00,2866,11:02,2867,91200株,262百万円,-3,-0.10,2873.068円,307回,2521.83億円
9301,2019-12-26,2874,2899,09:38,2871,09:02,2881,113900株,328百万円,+14,+0.49,2881.412円,397回,2534.15億円
9301,2019-12-27,2871,2896,09:06,2867,14:39,2868,148200株,426百万円,-13,-0.45,2871.534円,511回,2522.71億円
9301,2019-12-30,2845,2863,11:29,2825,09:09,2847,247800株,705百万円,-21,-0.73,2846.168円,733回,2504.24億円
9301,2020-01-06,2762,2784,09:05,2737,10:51,2745,263400株,725百万円,-102,-3.58,2753.022円,926回,2414.52億円
9301,2020-01-07,2750,2797,14:27,2750,09:00,2794,264400株,736百万円,+49,+1.79,2783.622円,890回,2457.62億円
9301,2020-01-08,2746,2779,12:31,2728,10:18,2754,286900株,789百万円,-40,-1.43,2750.606円,1014回,2422.44億円
9301,2020-01-09,2799,2838,14:28,2798,09:00,2829,192100株,542百万円,+75,+2.72,2823.44円,613回,2488.41億円
9301,2020-01-10,2863,2876,09:34,2840,12:30,2855,253200株,724百万円,+26,+0.92,2858.218円,550回,2511.28億円
9301,2020-01-14,2843,2854,09:16,2797,14:54,2804,216800株,609百万円,-51,-1.79,2810.864円,705回,2466.42億円
9301,2020-01-15,2796,2811,09:01,2779,12:30,2805,132900株,372百万円,+1,+0.04,2796.88円,469回,2467.30億円
9301,2020-01-16,2841,2841,09:00,2799,11:13,2814,152300株,428百万円,+9,+0.32,2813.367円,555回,2475.22億円
9301,2020-01-17,2861,2880,09:00,2839,09:09,2850,318300株,909百万円,+36,+1.28,2856.675円,875回,2506.88億円
9301,2020-01-20,2849,2862,11:00,2847,09:01,2852,97500株,278百万円,+2,+0.07,2852.62円,341回,2508.64億円
9301,2020-01-21,2853,2867,09:36,2832,12:30,2845,193200株,550百万円,-7,-0.25,2845.016円,477回,2502.48億円
9301,2020-01-22,2831,2870,13:49,2824,09:42,2859,171200株,489百万円,+14,+0.49,2853.587円,617回,2514.80億円
9301,2020-01-23,2812,2824,09:02,2795,10:55,2803,218000株,612百万円,-56,-1.96,2805.523円,696回,2465.54億円
9301,2020-01-24,2818,2826,09:01,2794,12:51,2813,159100株,447百万円,+10,+0.36,2809.62円,487回,2474.34億円
9301,2020-01-27,2770,2785,13:44,2762,09:09,2780,238400株,662百万円,-33,-1.17,2778.117円,928回,2445.31億円
9301,2020-01-28,2756,2770,10:11,2737,09:14,2758,318800株,878百万円,-22,-0.79,2753.865円,1207回,2425.96億円
9301,2020-01-29,2777,2793,12:47,2761,09:02,2784,266200株,741百万円,+26,+0.94,2782.17円,1169回,2449億円
9301,2020-01-30,2753,2778,09:14,2731,12:52,2747,213400株,586百万円,-37,-1.33,2747.135円,847回,2416億円
9301,2020-01-31,2747,2822,10:16,2747,09:00,2792,323900株,905百万円,+45,+1.64,2793.682円,1405回,2456億円
9301,2020-02-03,2692,2741,10:11,2692,09:03,2715,596700株,1623百万円,-77,-2.76,2719.805円,2246回,2388億円
9301,2020-02-04,2686,2705,14:39,2651,10:07,2695,416700株,1117百万円,-20,-0.74,2681.292円,1275回,2371億円
9301,2020-02-05,2743,2763,14:15,2723,09:27,2755,287800株,791百万円,+60,+2.23,2747.468円,1051回,2423億円
9301,2020-02-06,2812,2913,13:57,2812,09:03,2900,496200株,1429百万円,+145,+5.26,2879.059円,1664回,2551億円
9301,2020-02-07,2913,2930,12:50,2889,09:48,2911,264600株,771百万円,+11,+0.38,2912.059円,881回,2561億円
9301,2020-02-10,2888,2910,11:27,2868,09:05,2901,327600株,950百万円,-10,-0.34,2898.709円,1171回,2552億円
9301,2020-02-10,2893,2917,14:57,2881,09:00,2913,303800株,883百万円,+12,+0.41,2907.346円,1164回,2562億円
9301,2020-02-13,2936,2938,09:00,2900,09:02,2917,364500株,1062百万円,+4,+0.14,2914.447円,1333回,2566億円
9301,2020-02-14,2895,2914,13:05,2870,09:03,2898,406600株,1177百万円,-19,-0.65,2893.592円,1445回,2549億円
9301,2020-02-17,2900,2900,09:00,2858,10:08,2878,278100株,800百万円,-20,-0.69,2877.375円,984回,2532億円
9301,2020-02-17,2888,2899,09:55,2860,12:30,2868,375200株,1079百万円,-10,-0.35,2874.511円,1360回,2523億円
9301,2020-02-18,2901,2903,09:00,2867,10:16,2893,399000株,1153百万円,+25,+0.87,2889.133円,1318回,2545億円
9301,2020-02-20,2920,2945,09:52,2906,13:03,2908,296100株,864百万円,+15,+0.52,2918.477円,1142回,2558億円
9301,2020-02-21,2888,2893,09:09,2870,15:00,2870,299900株,863百万円,-38,-1.31,2879.079円,996回,2524億円
9301,2020-02-25,2727,2762,14:02,2727,09:06,2737,437900株,1201百万円,-133,-4.63,2741.527円,1362回,2407億円
9301,2020-02-26,2705,2713,09:06,2655,10:43,2696,364400株,980百万円,-41,-1.50,2689.401円,1206回,2371億円
9301,2020-02-27,2659,2659,09:00,2610,14:44,2621,329100株,864百万円,-75,-2.78,2624.264円,1099回,2305億円
9301,2020-02-28,2542,2542,09:03,2468,14:56,2491,707400株,1764百万円,-130,-4.96,2493.944円,1805回,2191億円
9301,2020-03-02,2469,2521,12:40,2446,09:46,2489,522600株,1298百万円,-2,-0.08,2483.623円,1904回,2189億円
9301,2020-03-03,2532,2536,09:05,2466,13:44,2473,378000株,941百万円,-16,-0.64,2488.785円,1277回,2175億円
9301,2020-03-04,2433,2493,12:49,2415,09:00,2474,240700株,594百万円,+1,+0.04,2469.588円,828回,2176億円
9301,2020-03-05,2509,2534,10:02,2492,09:09,2514,478600株,1203百万円,+40,+1.62,2514.425円,1630回,2211億円
9301,2020-03-06,2464,2476,09:36,2408,14:15,2428,482400株,1174百万円,-86,-3.42,2432.843円,1281回,2136億円
9301,2020-03-06,2331,2351,09:08,2251,11:30,2294,489700株,1119百万円,-134,-5.52,2285.4円,1717回,2018億円
9301,2020-03-10,2264,2345,14:34,2176,09:40,2336,465100株,1064百万円,+42,+1.83,2288.682円,1820回,2055億円
9301,2020-03-11,2301,2346,09:13,2265,14:59,2269,542600株,1244百万円,-67,-2.87,2293.449円,1895回,1996億円
9301,2020-03-12,2219,2250,09:00,2130,12:34,2156,557700株,1211百万円,-113,-4.98,2171.732円,2093回,1896億円
9301,2020-03-13,1942,2051,14:18,1906,11:03,1967,953600株,1869百万円,-189,-8.77,1960.082円,2093回,1730億円
9301,2020-03-16,1995,2063,09:01,1954,14:59,1958,481300株,958百万円,-9,-0.46,1989.538円,1725回,1722億円
9301,2020-03-17,1895,2038,14:23,1868,09:08,2008,721900株,1432百万円,+50,+2.55,1984.153円,2602回,1766億円
9301,2020-03-18,2040,2077,09:13,1921,14:59,1925,655200株,1306百万円,-83,-4.13,1993.089円,2583回,1693億円
9301,2020-03-19,1954,1989,09:03,1805,14:54,1810,813400株,1517百万円,-115,-5.97,1864.916円,2508回,1592億円
9301,2020-03-23,1890,1914,09:05,1818,09:44,1874,700400株,1308百万円,+64,+3.54,1867.443円,3077回,1648億円
9301,2020-03-24,1914,2022,14:59,1882,09:36,2017,783300株,1540百万円,+143,+7.63,1966.265円,3088回,1774億円
9301,2020-03-25,2180,2288,14:58,2137,09:18,2283,529700株,1179百万円,+266,+13.19,2225.916円,1839回,2008億円
9301,2020-03-26,2259,2273,09:27,2161,14:55,2180,385600株,849百万円,-103,-4.51,2202.082円,1348回,1918億円
9301,2020-03-27,2280,2331,09:05,2175,10:52,2252,520700株,1164百万円,+72,+3.30,2236.05円,1594回,1981億円
9301,2020-03-30,2150,2200,15:00,2094,10:20,2200,466400株,1006百万円,-52,-2.31,2156.16円,1717回,1935億円
9301,2020-03-31,2162,2240,10:14,2158,09:13,2182,427900株,936百万円,-18,-0.82,2188.367円,1145回,1919億円
9301,2020-04-01,2147,2208,10:53,2058,14:52,2091,356400株,759百万円,-91,-4.17,2129.36円,1101回,1839億円
9301,2020-04-02,2064,2114,12:47,2023,09:20,2067,367800株,760百万円,-24,-1.15,2066.556円,1122回,1818億円
9301,2020-04-03,2093,2134,10:26,2008,14:39,2047,552500株,1138百万円,-20,-0.97,2059.086円,2008回,1801億円
9301,2020-04-06,2070,2183,14:54,2047,09:09,2166,297400株,635百万円,+119,+5.81,2136.723円,1149回,1905億円
