9302,2019-12-17,2000,2000,09:00,1975,11:12,1990,62700株,125百万円,+5,+0.25,1986.788円,381回,495.17億円
9302,2019-12-18,2001,2006,09:00,1976,09:20,1997,63600株,127百万円,+7,+0.35,1989.391円,358回,496.91億円
9302,2019-12-19,1979,2004,13:36,1979,09:00,2003,66800株,133百万円,+6,+0.30,1993.835円,402回,498.41億円
9302,2019-12-20,1998,2013,14:00,1988,10:50,1998,58300株,117百万円,-5,-0.25,2000.707円,334回,497.16億円
9302,2019-12-23,2005,2018,09:00,1978,09:36,2010,67500株,135百万円,+12,+0.60,2001.878円,379回,500.15億円
9302,2019-12-24,2032,2060,09:13,2015,10:29,2035,86800株,177百万円,+25,+1.24,2034.183円,487回,506.37億円
9302,2019-12-25,2069,2069,09:00,2014,10:16,2052,96900株,198百万円,+17,+0.84,2044.847円,431回,510.60億円
9302,2019-12-26,2052,2067,11:23,2036,09:01,2053,64300株,132百万円,+1,+0.05,2052.401円,329回,510.85億円
9302,2019-12-27,2061,2072,13:31,2053,10:07,2061,47700株,98百万円,+8,+0.39,2062.57円,277回,512.84億円
9302,2019-12-30,2062,2094,10:45,2047,09:10,2063,61700株,128百万円,+2,+0.10,2071.063円,332回,513.34億円
9302,2020-01-06,2012,2021,09:07,1976,11:10,1987,129800株,259百万円,-76,-3.68,1992.555円,583回,494.43億円
9302,2020-01-07,2002,2054,14:09,1987,09:20,2050,145200株,295百万円,+63,+3.17,2029.561円,764回,510.10億円
9302,2020-01-08,2019,2053,09:01,1974,10:36,1988,130200株,260百万円,-62,-3.02,1996.853円,724回,494.67億円
9302,2020-01-09,2007,2018,09:04,1982,12:37,1987,80000株,159百万円,-1,-0.05,1991.42円,389回,494.43億円
9302,2020-01-10,1990,1990,09:00,1972,12:30,1982,51100株,101百万円,-5,-0.25,1980.853円,308回,493.18億円
9302,2020-01-14,1992,1998,09:02,1968,09:21,1980,75600株,149百万円,-2,-0.10,1977.225円,433回,492.68億円
9302,2020-01-15,1992,2006,09:31,1981,12:30,1997,72900株,145百万円,+17,+0.86,1992.892円,397回,496.91億円
9302,2020-01-16,1997,1997,09:00,1971,09:07,1977,81700株,162百万円,-20,-1.00,1982.433円,383回,491.94億円
9302,2020-01-17,1991,1994,09:00,1977,09:08,1980,78200株,155百万円,+3,+0.15,1984.119円,404回,492.68億円
9302,2020-01-20,1981,1985,09:02,1960,13:55,1967,117300株,231百万円,-13,-0.66,1972.358円,669回,489.45億円
9302,2020-01-21,1967,1967,09:00,1932,13:29,1945,103700株,202百万円,-22,-1.12,1943.874円,606回,483.97億円
9302,2020-01-22,1940,1963,14:59,1925,09:06,1963,112800株,220百万円,+18,+0.93,1946.9円,634回,488.45億円
9302,2020-01-23,1940,1948,09:00,1911,09:23,1926,109100株,210百万円,-37,-1.88,1922.667円,534回,479.25億円
9302,2020-01-24,1927,1932,09:00,1905,10:46,1917,100300株,192百万円,-9,-0.47,1918.05円,511回,477.01億円
9302,2020-01-27,1881,1917,14:00,1865,09:02,1901,141300株,267百万円,-16,-0.83,1891.88円,616回,473.03億円
9302,2020-01-28,1861,1867,09:02,1833,12:30,1846,88300株,163百万円,-55,-2.89,1846.003円,428回,459.34億円
9302,2020-01-29,1862,1869,13:00,1843,09:29,1859,103300株,192百万円,+13,+0.70,1855.874円,517回,463億円
9302,2020-01-30,1859,1865,09:14,1808,14:16,1817,71100株,130百万円,-42,-2.26,1822.084円,367回,452億円
9302,2020-01-31,1830,1842,10:14,1809,15:00,1809,59700株,109百万円,-8,-0.44,1819.645円,323回,450億円
9302,2020-02-03,1784,1800,12:34,1772,10:18,1794,69200株,124百万円,-15,-0.83,1788.851円,320回,446億円
9302,2020-02-04,1784,1826,13:20,1724,13:47,1767,244800株,434百万円,-27,-1.51,1773.093円,1182回,440億円
9302,2020-02-05,1802,1824,14:11,1776,09:20,1805,236200株,426百万円,+38,+2.15,1802.489円,1081回,449億円
9302,2020-02-06,1855,1887,09:28,1847,12:42,1851,236400株,440百万円,+46,+2.55,1861.825円,1110回,461億円
9302,2020-02-07,1860,1902,09:09,1860,09:00,1875,141400株,266百万円,+24,+1.30,1878.723円,791回,467億円
9302,2020-02-10,1869,1869,09:00,1842,14:16,1849,67600株,125百万円,-26,-1.39,1852.373円,412回,460億円
9302,2020-02-12,1859,1859,09:00,1836,09:49,1836,49700株,92百万円,-13,-0.70,1842.694円,255回,457億円
9302,2020-02-13,1825,1838,09:00,1798,14:03,1805,49700株,90百万円,-31,-1.69,1809.332円,292回,449億円
9302,2020-02-14,1799,1801,10:00,1766,14:02,1772,76100株,135百万円,-33,-1.83,1778.583円,454回,441億円
9302,2020-02-17,1752,1752,09:00,1712,09:13,1738,71700株,124百万円,-34,-1.92,1731.569円,352回,432億円
9302,2020-02-17,1717,1725,09:51,1685,13:09,1695,77100株,131百万円,-43,-2.47,1703.664円,383回,422億円
9302,2020-02-18,1700,1732,12:30,1697,09:29,1722,111100株,191百万円,+27,+1.59,1716.135円,590回,428億円
9302,2020-02-20,1762,1780,09:48,1733,14:47,1738,133100株,233百万円,+16,+0.93,1751.283円,682回,432億円
9302,2020-02-21,1731,1747,09:38,1712,11:26,1737,62100株,108百万円,-1,-0.06,1732.528円,338回,432億円
9302,2020-02-25,1657,1680,11:20,1650,09:06,1658,172500株,287百万円,-79,-4.55,1665.351円,761回,413億円
9302,2020-02-26,1629,1661,09:00,1621,11:03,1643,149800株,245百万円,-15,-0.90,1637.164円,715回,409億円
9302,2020-02-27,1621,1632,09:02,1582,13:59,1589,162400株,260百万円,-54,-3.29,1598.281円,718回,395億円
9302,2020-02-28,1549,1573,13:54,1543,09:03,1570,231600株,362百万円,-19,-1.20,1561.358円,1051回,391億円
9302,2020-03-02,1550,1643,12:30,1549,09:00,1587,136800株,217百万円,+17,+1.08,1584.076円,736回,395億円
9302,2020-03-03,1611,1616,09:05,1560,14:59,1560,97600株,154百万円,-27,-1.70,1574.819円,500回,388億円
9302,2020-03-04,1539,1579,14:58,1517,09:02,1571,140500株,219百万円,+11,+0.71,1560.91円,687回,391億円
9302,2020-03-05,1589,1590,09:00,1557,13:12,1560,175600株,276百万円,-11,-0.70,1570.191円,963回,388億円
9302,2020-03-06,1533,1546,09:00,1492,11:30,1508,173700株,262百万円,-52,-3.33,1508.254円,919回,375億円
9302,2020-03-06,1455,1459,09:07,1378,11:14,1389,208600株,294百万円,-119,-7.89,1409.848円,890回,346億円
9302,2020-03-10,1388,1434,14:30,1320,09:24,1425,209800株,294百万円,+36,+2.59,1399.009円,1224回,355億円
9302,2020-03-11,1424,1472,09:11,1424,09:00,1429,196900株,285百万円,+4,+0.28,1446.028円,1124回,356億円
9302,2020-03-12,1377,1390,09:58,1316,13:01,1327,228000株,306百万円,-102,-7.14,1342.798円,1384回,330億円
9302,2020-03-13,1237,1267,14:20,1190,10:40,1238,223400株,274百万円,-89,-6.71,1228.622円,1237回,308億円
9302,2020-03-16,1248,1286,14:10,1218,14:59,1221,112500株,140百万円,-17,-1.37,1245.765円,673回,304億円
9302,2020-03-17,1166,1312,14:59,1136,09:11,1302,173200株,216百万円,+81,+6.63,1246.599円,929回,324億円
9302,2020-03-18,1320,1345,14:03,1280,09:51,1284,223800株,292百万円,-18,-1.38,1305.042円,1288回,320億円
9302,2020-03-19,1314,1347,09:36,1237,12:30,1277,130100株,166百万円,-7,-0.55,1275.324円,620回,318億円
9302,2020-03-23,1250,1322,09:14,1237,09:57,1289,116200株,149百万円,+12,+0.94,1279.729円,580回,321億円
9302,2020-03-24,1347,1347,09:03,1269,12:37,1321,124000株,162百万円,+32,+2.48,1304.154円,632回,329億円
9302,2020-03-26,1411,1445,15:00,1376,12:47,1445,94700株,134百万円,+124,+9.39,1411.552円,486回,360億円
9302,2020-03-26,1420,1423,13:32,1370,09:36,1406,73300株,103百万円,-39,-2.70,1399.606円,339回,350億円
9302,2020-03-27,1456,1502,15:00,1413,11:05,1502,114100株,167百万円,+96,+6.83,1464.767円,457回,374億円
9302,2020-03-30,1451,1486,14:59,1389,10:16,1478,100500株,145百万円,-24,-1.60,1444.457円,502回,368億円
9302,2020-03-31,1419,1458,11:28,1382,13:36,1399,94600株,133百万円,-79,-5.35,1409.11円,461回,348億円
9302,2020-04-01,1353,1391,11:17,1325,14:49,1341,86700株,118百万円,-58,-4.15,1358.702円,414回,334億円
9302,2020-04-02,1311,1321,09:52,1277,14:15,1288,70300株,91百万円,-53,-3.95,1297.09円,352回,320億円
9302,2020-04-03,1318,1353,09:40,1288,09:01,1301,74400株,98百万円,+13,+1.01,1314.964円,486回,324億円
9302,2020-04-06,1320,1406,14:48,1297,09:11,1398,125500株,172百万円,+97,+7.46,1368.629円,715回,348億円
9302,2020-04-07,1428,1452,09:07,1379,12:50,1430,60500株,86百万円,+32,+2.29,1417.081円,318回,356億円
9302,2020-04-08,1430,1475,14:27,1410,12:30,1457,84800株,123百万円,+27,+1.89,1449.748円,480回,363億円
9302,2020-04-09,1442,1449,09:10,1401,13:29,1420,70600株,100百万円,-37,-2.54,1419.787円,453回,353億円
9302,2020-04-10,1434,1467,15:00,1395,10:13,1467,48300株,70百万円,+47,+3.31,1442.797円,268回,365億円
9302,2020-04-13,1438,1438,09:00,1401,13:27,1412,45600株,64百万円,-55,-3.75,1413.726円,324回,351億円
9302,2020-04-14,1438,1448,14:50,1406,09:27,1443,39700株,57百万円,+31,+2.20,1433.647円,227回,359億円
9302,2020-04-15,1443,1443,09:00,1395,11:28,1408,86100株,121百万円,-35,-2.43,1407.238円,421回,350億円
9302,2020-04-16,1391,1430,15:00,1391,09:00,1430,54700株,78百万円,+22,+1.56,1419円,300回,356億円
9302,2020-04-17,1450,1475,09:39,1417,12:40,1433,48400株,70百万円,+3,+0.21,1436.411円,290回,357億円
9302,2020-04-20,1420,1425,09:09,1399,12:36,1408,40100株,56百万円,-25,-1.74,1407.274円,197回,350億円
9302,2020-04-21,1390,1409,14:57,1378,12:49,1408,34600株,48百万円,0,0,1396.032円,210回,350億円
9302,2020-04-22,1388,1408,12:46,1358,09:13,1398,74200株,103百万円,-10,-0.71,1384.999円,486回,348億円
9302,2020-04-23,1408,1451,15:00,1408,09:00,1451,39900株,57百万円,+53,+3.79,1430.195円,166回,361億円
9302,2020-04-24,1446,1446,09:00,1423,09:30,1440,35200株,51百万円,-11,-0.76,1436.341円,158回,358億円
9302,2020-04-27,1457,1482,14:54,1445,10:12,1478,41200株,60百万円,+38,+2.64,1466.121円,214回,368億円
9302,2020-04-28,1479,1485,09:01,1456,10:50,1475,40900株,60百万円,-3,-0.20,1473.54円,235回,367億円
9302,2020-04-30,1491,1497,09:00,1467,14:07,1470,81100株,120百万円,-5,-0.34,1477.244円,453回,366億円
9302,2020-05-01,1460,1460,09:00,1418,14:49,1431,66700株,95百万円,-39,-2.65,1431.036円,410回,356億円
9302,2020-05-07,1410,1443,09:00,1388,09:07,1412,107900株,152百万円,-19,-1.33,1408.193円,590回,351億円
9302,2020-05-08,1430,1450,15:00,1420,10:13,1450,56000株,80百万円,+38,+2.69,1437.123円,331回,361億円
9302,2020-05-11,1450,1513,12:59,1428,13:49,1460,201400株,295百万円,+10,+0.69,1465.81円,837回,363億円,05/01,102.5,95.4,0.93
9302,2020-05-12,1484,1484,09:00,1439,09:03,1449,88100株,128百万円,-11,-0.75,1453.117円,461回,361億円,05/01,102.5,95.4,0.93
9302,2020-05-13,1424,1430,12:30,1405,10:18,1421,89500株,127百万円,-28,-1.93,1417.987円,435回,354億円,05/01,102.5,95.4,0.93
9302,2020-05-14,1401,1417,12:30,1390,09:10,1393,54200株,76百万円,-28,-1.97,1400.303円,294回,347億円,05/01,102.5,95.4,0.93
9302,2020-05-15,1393,1402,09:05,1378,11:27,1398,53200株,74百万円,+5,+0.36,1390.321円,297回,348億円,05/01,102.5,95.4,0.93
9302,2020-05-18,1398,1404,09:00,1363,14:11,1374,83600株,115百万円,-24,-1.72,1374.413円,446回,342億円,05/01,102.5,95.4,0.93
