9409,2019-12-17,2136,2138,09:00,2084,13:39,2110,242500株,511百万円,-3,-0.14,2105.209円,1010回,2289.96億円
9409,2019-12-18,2100,2100,09:00,2070,14:00,2092,249100株,519百万円,-18,-0.85,2084.118円,857回,2270.43億円
9409,2019-12-19,2093,2107,09:32,2059,14:43,2068,217900株,452百万円,-24,-1.15,2075.106円,712回,2244.38億円
9409,2019-12-20,2060,2061,09:00,2014,09:29,2030,303900株,616百万円,-38,-1.84,2027.58円,1217回,2203.14億円
9409,2019-12-23,2031,2042,09:01,1987,13:38,2000,291600株,584百万円,-30,-1.48,2003.01円,994回,2170.58億円
9409,2019-12-24,2028,2052,09:09,2020,10:48,2037,258200株,525百万円,+37,+1.85,2033.274円,887回,2210.74億円
9409,2019-12-25,2056,2063,09:00,2025,13:30,2032,133900株,273百万円,-5,-0.25,2037.225円,367回,2205.31億円
9409,2019-12-26,2032,2055,09:49,2032,09:00,2055,131300株,269百万円,+23,+1.13,2047.441円,457回,2230.27億円
9409,2019-12-27,2063,2075,09:58,2051,14:18,2054,151600株,312百万円,-1,-0.05,2059.261円,708回,2229.19億円
9409,2019-12-30,2051,2052,09:00,2021,12:31,2027,175200株,356百万円,-27,-1.31,2031.08円,803回,2199.88億円
9409,2020-01-06,2000,2000,09:00,1965,12:35,1978,237700株,470百万円,-49,-2.42,1978.611円,919回,2146.70億円
9409,2020-01-07,1988,2015,14:43,1979,09:14,2013,195600株,392百万円,+35,+1.77,2001.757円,805回,2184.69億円
9409,2020-01-08,1977,1982,15:00,1951,10:00,1982,192000株,378百万円,-31,-1.54,1971.252円,764回,2151.04億円
9409,2020-01-09,1993,2003,09:00,1974,09:45,1985,143200株,284百万円,+3,+0.15,1984.749円,568回,2154.30億円
9409,2020-01-10,1984,1990,09:00,1964,13:15,1984,171000株,338百万円,-1,-0.05,1976.594円,553回,2153.22億円
9409,2020-01-14,1997,2026,14:59,1985,09:03,2024,229500株,462百万円,+40,+2.02,2013.67円,951回,2196.63億円
9409,2020-01-15,2033,2063,14:55,2033,09:00,2060,299600株,614百万円,+36,+1.78,2050.968円,1008回,2235.70億円
9409,2020-01-16,2100,2131,09:01,2091,09:04,2116,534100株,1126百万円,+56,+2.72,2108.951円,1851回,2296.47億円
9409,2020-01-17,2126,2141,09:02,2113,11:15,2121,328800株,698百万円,+5,+0.24,2121.625円,1053回,2301.90億円
9409,2020-01-20,2115,2122,09:00,2094,13:08,2105,193100株,406百万円,-16,-0.75,2103.508円,766回,2284.54億円
9409,2020-01-21,2120,2152,09:51,2119,09:00,2139,237200株,507百万円,+34,+1.62,2135.823円,824回,2321.44億円
9409,2020-01-22,2158,2168,09:00,2139,09:27,2160,220700株,476百万円,+21,+0.98,2157.374円,908回,2344.23億円
9409,2020-01-23,2170,2170,09:00,2148,12:33,2153,195100株,420百万円,-7,-0.32,2154.424円,741回,2336.63億円
9409,2020-01-24,2135,2141,09:00,2109,12:34,2114,165300株,351百万円,-39,-1.81,2120.633円,635回,2294.30億円
9409,2020-01-27,2085,2107,12:30,2066,09:00,2096,149300株,312百万円,-18,-0.85,2093.064円,595回,2274.77億円
9409,2020-01-28,2078,2084,09:02,2057,13:11,2066,238300株,492百万円,-30,-1.43,2065.201円,856回,2242.21億円
9409,2020-01-29,2085,2094,12:30,2063,09:42,2089,149600株,312百万円,+23,+1.11,2082.278円,599回,2267億円
9409,2020-01-30,2082,2082,09:00,2065,13:00,2079,115300株,239百万円,-10,-0.48,2073.393円,489回,2256億円
9409,2020-01-31,2116,2131,09:08,2103,09:25,2108,183900株,389百万円,+29,+1.39,2114.582円,653回,2288億円
9409,2020-02-03,2067,2104,09:40,2067,09:00,2091,184300株,385百万円,-17,-0.81,2090.883円,781回,2269億円
9409,2020-02-04,2070,2072,09:15,2045,14:44,2048,209600株,431百万円,-43,-2.06,2054.759円,761回,2223億円
9409,2020-02-05,2062,2076,14:30,2051,09:00,2074,139200株,287百万円,+26,+1.27,2064.568円,703回,2251億円
9409,2020-02-06,2100,2104,13:31,2077,09:11,2088,152300株,319百万円,+14,+0.68,2091.506円,632回,2266億円
9409,2020-02-07,2225,2233,09:09,2165,09:17,2175,457800株,1000百万円,+87,+4.17,2183.964円,1888回,2361億円
9409,2020-02-10,2198,2202,09:00,2145,14:20,2151,222100株,480百万円,-24,-1.10,2161.746円,875回,2334億円
9409,2020-02-12,2141,2148,13:29,2102,09:49,2138,193300株,412百万円,-13,-0.60,2131.48円,753回,2320億円
9409,2020-02-13,2158,2158,09:00,2128,14:04,2132,139300株,298百万円,-6,-0.28,2137.903円,606回,2314億円
9409,2020-02-14,2132,2138,09:00,2094,10:30,2113,128800株,272百万円,-19,-0.89,2108.511円,481回,2293億円
9409,2020-02-17,2079,2080,09:00,2050,13:23,2060,151100株,311百万円,-53,-2.51,2059.348円,702回,2236億円
9409,2020-02-17,2041,2048,09:00,2015,12:43,2025,132800株,269百万円,-35,-1.70,2026.067円,588回,2198億円
9409,2020-02-18,2051,2051,09:00,2024,09:05,2031,108200株,220百万円,+6,+0.30,2032.526円,552回,2204億円
9409,2020-02-20,2060,2070,09:00,2023,14:55,2027,98100株,200百万円,-4,-0.20,2035.195円,433回,2200億円
9409,2020-02-21,2005,2024,09:06,2003,09:01,2013,198400株,399百万円,-14,-0.69,2013.18円,886回,2185億円
9409,2020-02-25,1940,1954,10:13,1922,09:12,1938,183300株,355百万円,-75,-3.73,1935.319円,798回,2103億円
9409,2020-02-26,1900,1931,14:57,1882,10:13,1924,223400株,427百万円,-14,-0.72,1910.217円,984回,2088億円
9409,2020-02-27,1914,1919,09:00,1881,11:07,1891,169500株,321百万円,-33,-1.72,1893.856円,911回,2052億円
9409,2020-02-28,1851,1870,09:02,1808,12:44,1825,259800株,475百万円,-66,-3.49,1828.213円,1163回,1981億円
9409,2020-03-02,1808,1873,14:03,1803,09:29,1864,312500株,576百万円,+39,+2.14,1842.439円,1552回,2023億円
9409,2020-03-03,1863,1866,09:04,1806,13:35,1806,283900株,518百万円,-58,-3.11,1824.211円,1324回,1960億円
9409,2020-03-04,1793,1808,10:43,1775,09:04,1793,189900株,341百万円,-13,-0.72,1794.104円,857回,1946億円
9409,2020-03-05,1805,1805,09:00,1768,13:19,1770,221400株,394百万円,-23,-1.28,1778.35円,815回,1921億円
9409,2020-03-06,1753,1784,09:26,1749,09:00,1769,461800株,817百万円,-1,-0.06,1768.179円,1392回,1920億円
9409,2020-03-06,1691,1699,09:03,1604,10:57,1630,370400株,605百万円,-139,-7.86,1632.65円,1666回,1769億円
9409,2020-03-10,1606,1628,14:23,1533,09:38,1624,363800株,582百万円,-6,-0.37,1599.529円,1672回,1763億円
9409,2020-03-11,1622,1642,09:38,1589,14:53,1595,355500株,573百万円,-29,-1.79,1610.892円,1552回,1731億円
9409,2020-03-12,1587,1595,09:00,1534,12:33,1554,344100株,538百万円,-41,-2.57,1562.312円,1526回,1687億円
9409,2020-03-13,1475,1594,14:20,1423,10:20,1533,429300株,641百万円,-21,-1.35,1494.248円,2185回,1664億円
9409,2020-03-16,1555,1557,09:00,1470,14:58,1475,192900株,292百万円,-58,-3.78,1514.369円,1206回,1601億円
9409,2020-03-17,1439,1497,14:29,1407,09:16,1483,518900株,760百万円,+8,+0.54,1464.901円,2336回,1609億円
9409,2020-03-18,1460,1494,09:16,1422,10:44,1424,504700株,733百万円,-59,-3.98,1452.137円,2616回,1545億円
9409,2020-03-19,1434,1474,14:59,1425,09:02,1465,274800株,399百万円,+41,+2.88,1452.094円,1382回,1590億円
9409,2020-03-23,1508,1623,09:25,1508,09:03,1524,336100株,516百万円,+59,+4.03,1534.589円,1697回,1654億円
9409,2020-03-24,1520,1533,09:02,1468,10:47,1492,328500株,489百万円,-32,-2.10,1488.735円,1746回,1619億円
9409,2020-03-26,1562,1610,10:33,1534,09:12,1574,351400株,551百万円,+82,+5.50,1567.677円,1695回,1708億円
9409,2020-03-26,1543,1637,14:59,1534,09:08,1636,463600株,740百万円,+62,+3.94,1595.422円,2244回,1776億円
9409,2020-03-27,1734,1773,09:27,1687,13:32,1759,458900株,796百万円,+123,+7.52,1734.717円,2139回,1909億円
9409,2020-03-30,1699,1722,14:58,1627,10:14,1722,200800株,339百万円,-37,-2.10,1687.48円,1004回,1869億円
9409,2020-03-31,1682,1704,09:04,1630,14:56,1632,212000株,351百万円,-90,-5.23,1655.638円,1070回,1771億円
9409,2020-04-01,1649,1689,12:31,1581,14:50,1620,230500株,377百万円,-12,-0.74,1635.2円,1063回,1758億円
9409,2020-04-02,1585,1620,09:00,1540,14:46,1542,131500株,206百万円,-78,-4.81,1568.874円,682回,1674億円
9409,2020-04-03,1538,1578,09:01,1502,14:18,1514,123100株,188百万円,-28,-1.82,1526.962円,648回,1643億円
9409,2020-04-06,1589,1615,14:46,1548,09:10,1596,186900株,296百万円,+82,+5.42,1586.274円,860回,1732億円
