9424,2019-12-17,233,240,12:45,231,09:09,236,9206400株,2169百万円,+2,+0.85,235.544円,1729回,384.18億円
9424,2019-12-18,238,246,14:19,235,09:10,244,12318600株,2965百万円,+8,+3.39,240.684円,2243回,397.20億円
9424,2019-12-19,240,249,11:23,240,09:00,246,16473700株,4051百万円,+2,+0.82,245.891円,2289回,400.46億円
9424,2019-12-20,246,252,10:16,244,09:08,244,9883300株,2452百万円,-2,-0.81,248.11円,1892回,397.20億円
9424,2019-12-23,249,253,09:37,246,09:07,249,13387900株,3345百万円,+5,+2.05,249.888円,2317回,405.34億円
9424,2019-12-24,253,273,14:49,252,09:01,269,39917500株,10478百万円,+20,+8.03,262.5円,5103回,437.90億円
9424,2019-12-25,270,278,10:23,251,14:32,253,52101000株,13827百万円,-16,-5.95,265.38円,6676回,411.85億円
9424,2019-12-26,255,256,10:19,248,09:05,250,12715500株,3201百万円,-3,-1.19,251.728円,2726回,406.97億円
9424,2019-12-27,252,256,14:37,247,09:09,255,10292600株,2598百万円,+5,+2.00,252.453円,1607回,415.11億円
9424,2019-12-30,252,253,09:00,243,09:37,248,13743500株,3404百万円,-7,-2.75,247.664円,2205回,403.71億円
9424,2020-01-06,245,245,09:00,238,09:13,240,11417700株,2759百万円,-8,-3.23,241.654円,1889回,390.69億円
9424,2020-01-07,242,247,09:32,241,09:01,244,5066100株,1238百万円,+4,+1.67,244.365円,1120回,397.20億円
9424,2020-01-08,241,242,09:00,227,09:33,232,18392900株,4292百万円,-12,-4.92,233.338円,3077回,377.67億円
9424,2020-01-09,239,240,09:03,231,12:50,234,8195500株,1931百万円,+2,+0.86,235.658円,1387回,380.92億円
9424,2020-01-10,233,240,13:26,232,09:00,237,6577600株,1556百万円,+3,+1.28,236.593円,1087回,385.81億円
9424,2020-01-14,240,243,09:06,236,13:17,239,5293800株,1269百万円,+2,+0.84,239.717円,931回,389.06億円
9424,2020-01-15,237,238,09:00,234,09:02,234,3628300株,854百万円,-5,-2.09,235.339円,831回,380.92億円
9424,2020-01-16,234,234,09:00,228,10:33,230,5966000株,1371百万円,-4,-1.71,229.864円,1295回,374.41億円
9424,2020-01-17,231,234,12:41,225,09:28,234,6919300株,1593百万円,+4,+1.74,230.199円,1184回,380.92億円
9424,2020-01-20,239,239,09:00,235,09:21,237,3995800株,947百万円,+3,+1.28,236.973円,934回,389.29億円
9424,2020-01-21,239,243,09:16,237,09:00,239,7720900株,1846百万円,+2,+0.84,239.03円,1057回,392.58億円
9424,2020-01-22,238,248,13:59,237,09:00,248,9751300株,2380百万円,+9,+3.77,244.049円,1812回,407.36億円
9424,2020-01-23,247,253,10:13,244,09:01,246,9251000株,2293百万円,-2,-0.81,247.895円,1543回,404.08億円
9424,2020-01-24,245,247,09:11,240,10:12,240,5131600株,1244百万円,-6,-2.44,242.48円,1040回,394.22億円
9424,2020-01-27,233,238,09:46,230,09:03,235,6458800株,1513百万円,-5,-2.08,234.23円,1243回,386.01億円
9424,2020-01-28,233,246,14:06,233,09:00,246,7821500株,1884百万円,+11,+4.68,240.933円,1347回,404.08億円
9424,2020-01-29,243,244,09:00,235,14:24,237,7058600株,1692百万円,-9,-3.66,239.734円,1121回,389億円
9424,2020-01-30,243,245,09:02,231,11:20,232,8346000株,1969百万円,-5,-2.11,235.875円,1811回,381億円
9424,2020-01-31,234,238,14:13,233,09:02,236,3697200株,870百万円,+4,+1.72,235.223円,840回,388億円
9424,2020-02-03,230,245,14:45,229,09:00,240,14078200株,3344百万円,+4,+1.69,237.549円,1945回,394億円
9424,2020-02-04,240,267,13:45,238,09:02,250,42603100株,10681百万円,+10,+4.17,250.717円,5844回,411億円
9424,2020-02-05,249,249,09:00,239,14:57,239,11166300株,2725百万円,-11,-4.40,244.045円,1821回,393億円
9424,2020-02-06,239,241,09:03,234,13:03,235,5999300株,1424百万円,-4,-1.67,237.342円,1283回,386億円
9424,2020-02-07,231,236,09:02,229,09:21,231,8678700株,2011百万円,-4,-1.70,231.71円,1301回,379億円
9424,2020-02-10,230,233,14:41,228,09:33,231,4594100株,1058百万円,0,0,230.349円,807回,379億円
9424,2020-02-12,231,236,09:21,231,09:00,234,2841800株,664百万円,+3,+1.30,233.66円,746回,384億円
9424,2020-02-13,234,235,09:02,231,09:41,231,2447100株,568百万円,-3,-1.28,232.214円,628回,379億円
9424,2020-02-14,230,231,09:00,228,09:26,229,2889100株,663百万円,-2,-0.87,229.394円,801回,376億円
9424,2020-02-17,227,229,09:29,221,12:41,222,5158600株,1154百万円,-7,-3.06,223.786円,1123回,365億円
9424,2020-02-17,219,220,09:00,205,14:48,205,8907000株,1879百万円,-17,-7.66,210.939円,1914回,337億円
9424,2020-02-18,206,218,13:09,206,09:00,217,6654100株,1413百万円,+12,+5.85,212.419円,1329回,356億円
9424,2020-02-20,216,224,09:44,212,12:36,215,6263600株,1362百万円,-2,-0.92,217.467円,1153回,353億円
9424,2020-02-21,215,215,09:00,207,10:02,211,4158400株,879百万円,-4,-1.86,211.474円,943回,347億円
9424,2020-02-25,196,207,09:35,195,09:03,202,5623300株,1134百万円,-9,-4.27,201.708円,1385回,332億円
9424,2020-02-26,199,205,09:09,192,10:59,198,8878400株,1752百万円,-4,-1.98,197.355円,1741回,325億円
9424,2020-02-27,199,199,09:00,183,13:29,188,8653900株,1639百万円,-10,-5.05,189.395円,1857回,309億円
9424,2020-02-28,178,180,09:36,169,14:38,172,12611700株,2198百万円,-16,-8.51,174.256円,2336回,283億円
9424,2020-03-02,170,196,12:35,169,09:00,187,10224600株,1885百万円,+15,+8.72,184.312円,3018回,307億円
9424,2020-03-03,195,198,09:03,182,13:25,185,8844700株,1669百万円,-2,-1.07,188.665円,1805回,304億円
9424,2020-03-04,181,194,13:44,180,09:00,193,6573900株,1238百万円,+8,+4.32,188.284円,1455回,317億円
9424,2020-03-05,192,195,09:01,188,11:18,191,3302700株,633百万円,-2,-1.04,191.634円,761回,314億円
9424,2020-03-06,186,187,09:01,182,12:33,183,4423800株,816百万円,-8,-4.19,184.455円,944回,301億円
9424,2020-03-06,173,174,09:03,156,14:42,159,10077600株,1667百万円,-24,-13.11,165.456円,2369回,261億円
9424,2020-03-10,149,169,14:28,141,09:09,167,12533000株,1948百万円,+8,+5.03,155.464円,3168回,274億円
9424,2020-03-11,167,175,09:11,159,14:56,160,7007100株,1162百万円,-7,-4.19,165.78円,1554回,263億円
9424,2020-03-12,155,161,10:02,147,12:35,150,11369900株,1745百万円,-10,-6.25,153.471円,2560回,246億円
9424,2020-03-13,137,147,14:20,133,10:29,142,10278300株,1425百万円,-8,-5.33,138.643円,2486回,233億円
9424,2020-03-16,147,154,12:49,141,09:11,142,8364000株,1241百万円,0,0,148.345円,1885回,233億円
9424,2020-03-17,139,152,10:27,136,09:05,152,9793200株,1440百万円,+10,+7.04,147.09円,2333回,250億円
9424,2020-03-18,154,160,09:05,148,14:39,148,7499900株,1158百万円,-4,-2.63,154.445円,1543回,243億円
9424,2020-03-19,156,157,09:03,148,10:09,152,5668700株,861百万円,+4,+2.70,151.93円,1300回,250億円
9424,2020-03-23,148,156,12:32,148,09:00,153,5628900株,855百万円,+1,+0.66,151.904円,1131回,251億円
9424,2020-03-24,158,163,10:58,156,09:42,159,4690200株,748百万円,+6,+3.92,159.425円,1334回,261億円
9424,2020-03-25,166,168,09:05,163,09:10,168,5971300株,990百万円,+9,+5.66,165.815円,1258回,276億円
9424,2020-03-26,164,168,09:28,162,09:00,166,4349600株,720百万円,-2,-1.19,165.642円,1161回,273億円
9424,2020-03-27,170,170,09:00,161,14:54,163,4178300株,688百万円,-3,-1.81,164.584円,1005回,268億円
9424,2020-03-30,158,165,09:41,157,09:00,159,4435300株,710百万円,-4,-2.45,160.131円,1143回,261億円
9424,2020-03-31,161,163,09:00,158,14:57,159,3404400株,547百万円,0,0,160.796円,970回,261億円
9424,2020-04-01,158,160,09:56,151,14:50,152,3365000株,525百万円,-7,-4.40,155.916円,881回,250億円
9424,2020-04-02,151,157,12:39,151,09:00,155,2906800株,448百万円,+3,+1.97,154.193円,788回,255億円
9424,2020-04-03,155,157,09:04,146,13:19,150,5820500株,876百万円,-5,-3.23,150.455円,1222回,246億円
9424,2020-04-06,147,157,13:39,147,09:00,157,4493200株,684百万円,+7,+4.67,152.139円,1181回,258億円
9424,2020-04-07,161,162,09:00,155,12:52,160,4260700株,676百万円,+3,+1.91,158.691円,1001回,263億円
9424,2020-04-08,159,166,13:10,157,09:14,165,4284200株,696百万円,+5,+3.13,162.374円,1214回,271億円
9424,2020-04-09,165,170,10:31,161,13:49,163,4433200株,731百万円,-2,-1.21,164.924円,1220回,268億円
9424,2020-04-10,165,166,09:00,159,09:58,164,2997400株,487百万円,+1,+0.61,162.335円,989回,269億円
9424,2020-04-13,163,168,12:49,163,09:00,167,3214100株,533百万円,+3,+1.83,165.789円,1007回,274億円
9424,2020-04-14,168,172,13:35,166,09:04,167,4793400株,809百万円,0,0,168.7円,1785回,274億円
9424,2020-04-15,166,168,09:15,165,09:00,166,2816800株,468百万円,-1,-0.60,166.188円,863回,273億円
9424,2020-04-16,165,170,13:30,164,09:37,168,2414800株,404百万円,+2,+1.20,167.368円,869回,276億円
9424,2020-04-17,171,175,09:35,170,09:03,170,4399500株,758百万円,+2,+1.19,172.218円,1146回,279億円
9424,2020-04-20,170,172,13:08,167,09:18,170,2572200株,436百万円,0,0,169.48円,881回,279億円
9424,2020-04-21,170,170,09:00,163,12:45,166,3135700株,522百万円,-4,-2.35,166.447円,808回,273億円
9424,2020-04-22,162,163,09:00,157,14:00,158,3283900株,525百万円,-8,-4.82,159.937円,901回,260億円
9424,2020-04-23,158,160,09:03,154,13:31,156,2308500株,362百万円,-2,-1.27,156.848円,1116回,256億円
9424,2020-04-24,155,155,09:00,151,09:05,152,2477400株,377百万円,-4,-2.56,152.261円,602回,250億円
9424,2020-04-27,152,156,13:02,151,09:03,154,2646000株,408百万円,+2,+1.32,154.195円,973回,253億円
9424,2020-04-28,154,155,09:00,152,11:05,153,2092400株,321百万円,-1,-0.65,153.474円,559回,251億円
9424,2020-04-30,157,159,09:16,155,09:04,156,3430100株,539百万円,+3,+1.96,157.231円,968回,256億円
9424,2020-05-01,156,156,09:00,149,12:34,150,3695400株,561百万円,-6,-3.85,151.859円,1007回,246億円
9424,2020-05-07,151,151,09:00,147,09:00,150,2633400株,395百万円,0,0,149.977円,919回,246億円
9424,2020-05-08,151,156,14:43,150,10:43,156,4197200株,641百万円,+6,+4.00,152.665円,1009回,256億円
9424,2020-05-11,155,161,13:16,155,09:00,160,4098500株,650百万円,+4,+2.56,158.508円,941回,263億円,05/01,4787.3,13287.2,2.78
9424,2020-05-12,161,169,12:43,160,09:01,167,4930800株,818百万円,+7,+4.38,165.803円,1296回,274億円,05/01,4787.3,13287.2,2.78
9424,2020-05-13,166,169,09:35,164,09:01,166,3277400株,544百万円,-1,-0.60,165.902円,731回,273億円,05/01,4787.3,13287.2,2.78
9424,2020-05-14,175,185,09:07,167,14:12,167,20848700株,3671百万円,+1,+0.60,176.095円,3786回,274億円,05/01,4787.3,13287.2,2.78
9424,2020-05-15,169,172,09:00,162,10:22,165,5964800株,987百万円,-2,-1.20,165.488円,1284回,271億円,05/01,4787.3,13287.2,2.78
9424,2020-05-18,167,175,14:25,163,09:14,172,7116500株,1197百万円,+7,+4.24,168.18円,1319回,283億円,05/01,4787.3,13287.2,2.78
9424,2020-05-19,176,178,09:00,171,14:34,172,5742700株,998百万円,0,0,173.799円,1128回,283億円,05/01,4787.3,13287.2,2.78
9424,2020-05-20,174,181,14:59,172,09:01,180,6337300株,1120百万円,+8,+4.65,176.761円,1239回,296億円,05/01,4787.3,13287.2,2.78
9424,2020-05-21,183,187,09:01,180,09:36,183,6400300株,1172百万円,+3,+1.67,183.111円,1193回,301億円,05/15,5137.8,15355.9,2.99
9424,2020-05-22,182,182,09:00,175,14:32,176,5353200株,955百万円,-7,-3.83,178.46円,1260回,289億円,05/15,5137.8,15355.9,2.99
9424,2020-05-25,179,180,14:30,175,10:30,180,3653700株,650百万円,+4,+2.27,178.002円,771回,296億円,05/15,5137.8,15355.9,2.99
9424,2020-05-26,182,182,09:00,173,14:12,174,3937400株,696百万円,-6,-3.33,176.684円,982回,286億円,05/15,5137.8,15355.9,2.99
9424,2020-05-27,172,176,10:40,170,09:07,175,3752300株,650百万円,+1,+0.57,173.114円,934回,287億円,05/22,5327.4,17779.6,3.34
9424,2020-05-28,174,178,09:51,173,09:01,177,5134300株,900百万円,+2,+1.14,175.294円,1064回,291億円,05/22,5327.4,17779.6,3.34
9424,2020-05-29,176,176,09:00,174,09:54,174,2545200株,446百万円,-3,-1.69,175.222円,563回,286億円,05/22,5327.4,17779.6,3.34
