9501,2019-08-06,508,510,09:00,497,09:16,506,9014100株,4539百万円,-7,-1.36,503.492円,2648回
9501,2019-08-06,495,508,14:54,493,09:03,507,7603900株,3816百万円,+1,+0.20,501.875円,2041回
9501,2019-08-07,509,517,12:39,507,09:00,515,7232000株,3712百万円,+8,+1.58,513.314円,1775回
9501,2019-08-08,515,517,09:02,503,10:07,511,7043900株,3585百万円,-4,-0.78,508.95円,1673回
9501,2019-08-09,510,518,09:53,510,09:00,515,4816900株,2481百万円,+4,+0.78,515.073円,1390回
9501,2019-08-13,515,519,09:00,508,09:17,517,6705600株,3450百万円,+2,+0.39,514.463円,1627回
9501,2019-08-14,519,519,09:00,510,11:05,513,5580700株,2866百万円,-4,-0.77,513.562円,1245回
9501,2019-08-15,505,512,11:08,504,09:32,511,3874700株,1971百万円,-2,-0.39,508.76円,1186回
9501,2019-08-16,510,513,12:39,507,09:20,512,3814700株,1948百万円,+1,+0.20,510.554円,1260回
9501,2019-08-19,513,517,09:05,509,10:48,512,3820900株,1956百万円,0,0,511.892円,1151回
9501,2019-08-20,511,511,09:00,495,14:58,497,8499500株,4256百万円,-15,-2.93,500.727円,2353回
9501,2019-08-21,497,497,09:00,478,09:56,488,10286500株,4994百万円,-9,-1.81,485.514円,3666回
9501,2019-08-22,492,493,09:00,483,09:05,490,6538200株,3194百万円,+2,+0.41,488.584円,1757回
9501,2019-08-23,485,489,09:03,482,13:34,484,5976800株,2897百万円,-6,-1.22,484.755円,2922回
9501,2019-08-26,472,489,12:58,471,09:03,487,7268700株,3505百万円,+3,+0.62,482.272円,1914回
9501,2019-08-26,486,498,10:21,486,09:00,493,7446800株,3672百万円,+6,+1.23,493.127円,1682回
9501,2019-08-28,493,507,11:00,493,09:00,505,6644000株,3342百万円,+12,+2.43,503.026円,1878回
9501,2019-08-29,510,511,09:00,501,10:08,502,5206300株,2626百万円,-3,-0.59,504.357円,1323回
9501,2019-08-30,506,507,14:57,497,09:42,506,6412900株,3231百万円,+4,+0.80,503.774円,1531回
9501,2019-09-02,502,506,13:49,501,09:00,505,2708500株,1365百万円,-1,-0.20,503.833円,1064回
9501,2019-09-03,507,516,10:47,506,09:03,513,5307800株,2719百万円,+8,+1.58,512.353円,1673回
9501,2019-09-03,517,518,09:00,509,09:16,515,5760000株,2961百万円,+2,+0.39,514.148円,1528回
9501,2019-09-05,511,520,11:06,508,09:02,519,6895400株,3564百万円,+4,+0.78,516.836円,1576回
9501,2019-09-05,517,518,09:00,508,14:03,508,5221900株,2675百万円,-11,-2.12,512.357円,1878回
9501,2019-09-07,505,509,09:16,502,09:00,507,3944300株,1996百万円,-1,-0.20,506.141円,1276回
9501,2019-09-10,508,511,09:03,506,09:16,511,5325700株,2711百万円,+4,+0.79,509.007円,1354回
9501,2019-09-11,516,538,13:12,516,09:00,536,13447900株,7140百万円,+25,+4.89,530.936円,2865回
9501,2019-09-12,542,553,09:59,536,09:10,543,12568100株,6850百万円,+7,+1.31,545.062円,2700回
9501,2019-09-13,544,553,13:34,541,09:25,553,9635300株,5285百万円,+10,+1.84,548.484円,2167回
9501,2019-09-17,545,552,09:17,541,09:02,550,9248800株,5076百万円,-3,-0.54,548.855円,2176回
9501,2019-09-17,555,557,09:00,539,12:37,546,6902100株,3777百万円,-4,-0.73,547.165円,1718回,8774.32億円
9501,2019-09-19,549,561,10:07,548,09:00,551,11436400株,6346百万円,+5,+0.92,554.927円,2440回,8854.67億円
9501,2019-09-20,559,559,09:00,552,09:33,556,9657600株,5372百万円,+5,+0.91,556.201円,1619回,8935.02億円
9501,2019-09-24,559,563,09:16,550,10:44,551,8227600株,4561百万円,-5,-0.90,554.371円,1826回,8854.67億円
9501,2019-09-25,555,566,13:48,553,09:48,561,8549700株,4783百万円,+10,+1.81,559.431円,2205回,9015.37億円
9501,2019-09-26,563,563,09:00,551,10:07,553,8780700株,4871百万円,-8,-1.43,554.706円,1831回,8886.81億円
9501,2019-09-27,552,553,09:15,541,13:53,549,8781700株,4803百万円,-4,-0.72,546.986円,2151回,8822.53億円
9501,2019-09-30,540,540,09:00,525,13:36,529,10289900株,5469百万円,-20,-3.64,531.53円,2939回,8501.12億円
9501,2019-10-01,536,545,10:07,533,14:49,534,5932400株,3191百万円,+5,+0.95,537.94円,1631回,8581.47億円
9501,2019-10-02,529,541,12:32,529,09:00,537,5513900株,2957百万円,+3,+0.56,536.329円,1662回,8629.68億円
9501,2019-10-03,528,528,09:00,522,09:01,527,5453000株,2868百万円,-10,-1.86,525.888円,1952回,8468.98億円
9501,2019-10-04,525,534,14:49,523,09:00,534,5759900株,3052百万円,+7,+1.33,529.922円,1603回,8581.47億円
9501,2019-10-07,534,540,09:01,530,10:05,535,4154900株,2219百万円,+1,+0.19,534.049円,1561回,8597.54億円
9501,2019-10-08,538,542,09:03,536,09:39,538,5666300株,3054百万円,+3,+0.56,538.971円,2001回,8645.75億円
9501,2019-10-09,534,540,09:02,533,09:00,538,4743200株,2545百万円,0,0,536.611円,1597回,8645.75億円
9501,2019-10-10,537,543,10:39,534,09:28,540,4688400株,2528百万円,+2,+0.37,539.268円,1804回,8677.89億円
9501,2019-10-11,540,542,09:00,534,09:28,534,6005700株,3218百万円,-6,-1.11,535.788円,2298回,8581.47億円
9501,2019-10-15,537,542,09:02,536,09:00,540,6024400株,3250百万円,+6,+1.12,539.45円,2045回,8677.89億円
9501,2019-10-16,545,555,09:35,536,13:11,541,13260000株,7224百万円,+1,+0.19,544.833円,2481回,8693.96億円
9501,2019-10-17,542,542,09:00,530,10:30,532,7396700株,3953百万円,-9,-1.66,534.36円,3220回,8549.33億円
9501,2019-10-18,534,537,11:10,528,09:45,531,5775500株,3072百万円,-1,-0.19,531.939円,1766回,8533.26億円
9501,2019-10-21,534,539,09:15,533,10:16,538,4520200株,2426百万円,+7,+1.32,536.745円,1417回,8645.75億円
9501,2019-10-23,538,542,09:00,529,14:59,529,7025200株,3738百万円,-9,-1.67,532.065円,1740回,8501.12億円
9501,2019-10-24,533,534,09:01,528,12:57,529,4620600株,2448百万円,0,0,529.854円,1531回,8501.12億円
9501,2019-10-25,526,529,09:02,524,09:13,529,4037400株,2129百万円,0,0,527.203円,1448回,8501.12億円
9501,2019-10-28,528,528,09:00,524,09:30,526,3794000株,1995百万円,-3,-0.57,525.755円,1740回,8452.91億円
9501,2019-10-29,529,529,09:00,512,13:51,515,8794300株,4559百万円,-11,-2.09,518.391円,2937回,8276.14億円
9501,2019-10-30,515,519,09:00,509,14:57,510,8136000株,4163百万円,-5,-0.97,511.675円,2458回,8195.79億円
9501,2019-10-31,508,509,09:00,501,09:25,502,8642400株,4346百万円,-8,-1.57,502.84円,2093回,8067.23億円
9501,2019-11-01,502,511,09:41,500,09:02,505,6945200株,3515百万円,+3,+0.60,506.134円,2227回,8115.44億円
9501,2019-11-05,509,513,12:56,505,10:12,512,6832100株,3483百万円,+7,+1.39,509.758円,2262回,8227.93億円
9501,2019-11-07,515,515,09:00,507,11:28,508,5812300株,2963百万円,-8,-1.55,509.765円,2321回,8163.65億円
9501,2019-11-08,510,510,09:00,503,11:20,507,5788100株,2933百万円,-1,-0.20,506.71円,1799回,8147.58億円
9501,2019-11-11,509,514,09:29,508,11:02,510,5162500株,2634百万円,+3,+0.59,510.281円,1692回,8195.79億円
9501,2019-11-12,507,507,09:00,502,13:14,503,6040900株,3045百万円,-7,-1.37,504.103円,2554回,8083.30億円
9501,2019-11-13,502,502,09:00,491,14:58,491,9566900株,4732百万円,-12,-2.39,494.641円,3107回,7890.46億円
9501,2019-11-14,492,497,09:17,482,12:30,484,9620000株,4683百万円,-7,-1.43,486.801円,2824回,7777.96億円
9501,2019-11-15,486,495,13:20,485,09:04,493,6615500株,3253百万円,+9,+1.86,491.726円,2002回,7922.60億円
9501,2019-11-18,494,494,09:00,484,13:41,489,9048200株,4404百万円,-4,-0.81,486.685円,1940回,7858.32億円
9501,2019-11-19,489,491,09:03,484,10:01,488,6071600株,2959百万円,-1,-0.20,487.319円,1901回,7842.25億円
9501,2019-11-20,486,488,09:00,479,14:59,479,6862600株,3304百万円,-9,-1.84,481.479円,2536回,7697.61億円
9501,2019-11-21,476,478,14:54,469,11:05,478,8948000株,4245百万円,-1,-0.21,474.415円,2031回,7681.54億円
9501,2019-11-22,475,478,09:07,467,14:59,468,8372500株,3946百万円,-10,-2.09,471.352円,2179回,7520.84億円
9501,2019-11-25,472,476,09:53,471,09:00,473,5270000株,2497百万円,+5,+1.07,473.766円,1876回,7601.19億円
9501,2019-11-26,477,480,10:48,473,14:50,474,8370000株,3977百万円,+1,+0.21,475.205円,1524回,7617.26億円
9501,2019-11-27,474,486,14:58,474,09:00,485,6916300株,3334百万円,+11,+2.32,482.113円,1836回,7794.04億円
9501,2019-11-28,487,489,09:00,480,12:43,482,5982300株,2893百万円,-3,-0.62,483.596円,1645回,7745.82億円
9501,2019-11-29,482,487,09:37,479,14:25,480,4885500株,2354百万円,-2,-0.41,481.791円,1460回,7713.68億円
9501,2019-12-02,480,487,10:28,479,09:02,483,5306700株,2567百万円,+3,+0.63,483.778円,1777回,7761.89億円
9501,2019-12-03,476,478,13:36,468,09:21,474,10952200株,5185百万円,-9,-1.86,473.414円,2502回,7617.26億円
9501,2019-12-05,490,491,09:00,482,10:52,487,11131200株,5422百万円,-2,-0.41,487.089円,2181回,7826.18億円
9501,2019-12-06,487,498,09:35,486,09:00,488,8979000株,4413百万円,+1,+0.21,491.456円,2391回,7842.25億円
9501,2019-12-09,485,491,13:41,482,09:17,490,7411500株,3603百万円,+2,+0.41,486.07円,1570回,7874.39億円
9501,2019-12-10,490,490,09:00,477,14:59,478,7804100株,3758百万円,-12,-2.45,481.51円,2027回,7681.54億円
9501,2019-12-13,484,488,09:25,482,09:02,488,10694600株,5194百万円,+12,+2.52,485.669円,2266回,7842.25億円
9501,2019-12-16,490,491,09:00,483,10:56,484,4876400株,2367百万円,-4,-0.82,485.483円,1502回,7777.96億円
9501,2019-12-17,486,487,09:00,478,09:54,484,6324100株,3049百万円,0,0,482.138円,1517回,7777.96億円
9501,2019-12-18,484,487,12:30,480,09:59,486,5710200株,2768百万円,+2,+0.41,484.824円,2027回,7810.11億円
9501,2019-12-19,482,484,09:08,480,13:15,480,5143900株,2475百万円,-6,-1.23,481.249円,1308回,7713.68億円
9501,2019-12-20,482,482,09:00,474,10:29,476,8664300株,4132百万円,-4,-0.83,476.927円,1402回,7649.40億円
9501,2019-12-23,475,476,09:00,472,14:28,474,5128600株,2431百万円,-2,-0.42,474.007円,1256回,7617.26億円
9501,2019-12-24,472,473,09:01,469,14:43,471,4676600株,2202百万円,-3,-0.63,470.899円,1296回,7569.05億円
9501,2019-12-25,470,470,09:00,466,15:00,466,3122600株,1461百万円,-5,-1.06,467.73円,980回,7488.70億円
9501,2019-12-26,464,470,10:03,462,09:00,467,5658800株,2641百万円,+1,+0.21,466.648円,1585回,7504.77億円
9501,2019-12-27,471,474,11:21,467,09:28,472,5061000株,2388百万円,+5,+1.07,471.813円,1211回,7585.12億円
9501,2019-12-30,469,470,09:05,466,09:09,467,4650800株,2175百万円,-5,-1.06,467.743円,980回,7504.77億円
9501,2020-01-06,462,464,09:05,455,10:52,456,7196800株,3296百万円,-11,-2.36,457.995円,1696回,7328.00億円
9501,2020-01-07,461,464,09:35,453,14:57,455,9345000株,4280百万円,-1,-0.22,458.009円,2170回,7311.93億円
9501,2020-01-08,450,450,09:00,438,10:02,445,9725100株,4317百万円,-10,-2.20,443.878円,2502回,7151.23億円
9501,2020-01-09,452,452,09:00,444,09:23,445,6505600株,2906百万円,0,0,446.75円,1802回,7151.23億円
9501,2020-01-10,445,445,09:00,440,10:45,443,4501800株,1993百万円,-2,-0.45,442.708円,1174回,7119.09億円
9501,2020-01-14,441,441,09:00,434,10:05,435,8243600株,3595百万円,-8,-1.81,436.124円,1883回,6990.53億円
9501,2020-01-15,433,434,09:03,430,12:30,433,8702400株,3761百万円,-2,-0.46,432.232円,2043回,6958.39億円
9501,2020-01-16,433,440,09:16,433,09:00,435,7822400株,3410百万円,+2,+0.46,435.899円,1524回,6990.53億円
9501,2020-01-17,435,439,09:59,431,14:59,432,8588900株,3731百万円,-3,-0.69,434.419円,2831回,6942.32億円
9501,2020-01-20,432,441,13:03,431,09:41,438,8890700株,3877百万円,+6,+1.39,436.09円,1284回,7038.74億円
9501,2020-01-21,439,446,09:13,438,14:10,438,7381300株,3254百万円,0,0,440.79円,1654回,7038.74億円
9501,2020-01-22,440,441,09:00,433,13:54,435,5377900株,2343百万円,-3,-0.68,435.59円,1591回,6990.53億円
9501,2020-01-23,433,434,09:00,426,12:31,430,8425300株,3620百万円,-5,-1.15,429.694円,1452回,6910.18億円
9501,2020-01-24,428,430,09:15,424,09:02,428,6051200株,2586百万円,-2,-0.47,427.294円,1195回,6878.04億円
9501,2020-01-27,424,429,14:52,420,09:12,429,7444600株,3161百万円,+1,+0.23,424.584円,1345回,6894.11億円
9501,2020-01-28,429,432,09:00,426,09:06,431,8300600株,3565百万円,+2,+0.47,429.478円,1508回,6926.25億円
9501,2020-01-29,429,435,10:36,429,09:00,431,9054100株,3909百万円,0,0,431.734円,1384回,6926億円
9501,2020-01-30,430,433,09:24,427,13:24,429,6920200株,2972百万円,-2,-0.46,429.417円,1349回,6894億円
9501,2020-01-31,437,448,09:22,434,14:59,435,17179600株,7544百万円,+6,+1.40,439.117円,2622回,6991億円
9501,2020-02-03,430,455,13:03,428,09:00,449,14853300株,6610百万円,+14,+3.22,445.019円,2513回,7216億円
9501,2020-02-04,455,458,10:21,446,09:05,454,15191300株,6895百万円,+5,+1.11,453.881円,2407回,7296億円
9501,2020-02-05,454,455,09:00,449,09:16,452,8163500株,3689百万円,-2,-0.44,451.847円,1138回,7264億円
9501,2020-02-06,454,466,13:41,454,09:00,459,14494000株,6676百万円,+7,+1.55,460.579円,2473回,7376億円
9501,2020-02-07,461,461,09:00,450,10:38,451,8996500株,4077百万円,-8,-1.74,453.135円,1708回,7248億円
9501,2020-02-10,449,454,10:22,442,09:28,448,10433700株,4674百万円,-3,-0.67,447.97円,1975回,7199億円
9501,2020-02-10,446,446,09:00,438,13:52,441,13451400株,5934百万円,-7,-1.56,441.132円,2306回,7087億円
9501,2020-02-13,438,442,11:06,433,09:26,437,10824700株,4733百万円,-4,-0.91,437.283円,1798回,7023億円
9501,2020-02-14,434,436,09:01,430,10:32,435,11107700株,4812百万円,-2,-0.46,433.173円,1705回,6991億円
