9532,2019-08-06,1937,1945,09:00,1902,12:30,1931,853500株,1645百万円,-23,-1.18,1927.28円,1846回
9532,2019-08-06,1875,1913,14:57,1856,09:27,1910,1140900株,2156百万円,-21,-1.09,1889.678円,2402回
9532,2019-08-07,1894,1957,13:18,1888,09:00,1949,1224600株,2371百万円,+39,+2.04,1935.748円,2792回
9532,2019-08-08,1940,1950,12:30,1920,09:27,1942,684200株,1328百万円,-7,-0.36,1941.187円,1718回
9532,2019-08-09,1946,1953,09:09,1934,12:31,1934,723600株,1403百万円,-8,-0.41,1939.482円,1309回
9532,2019-08-13,1931,1943,09:00,1911,09:16,1933,815900株,1574百万円,-1,-0.05,1928.787円,1646回
9532,2019-08-14,1940,1962,09:22,1931,11:06,1946,997300株,1939百万円,+13,+0.67,1944.547円,2141回
9532,2019-08-15,1929,1945,13:56,1922,09:32,1945,627400株,1216百万円,-1,-0.05,1938.321円,1572回
9532,2019-08-16,1939,1952,14:59,1928,09:07,1947,546300株,1062百万円,+2,+0.10,1943.267円,1227回
9532,2019-08-19,1965,1967,09:02,1940,11:19,1954,529500株,1033百万円,+7,+0.36,1951.555円,1304回
9532,2019-08-20,1949,1950,09:00,1933,10:01,1941,676600株,1313百万円,-13,-0.67,1940.941円,1527回
9532,2019-08-21,1920,1923,09:04,1897,12:33,1904,827500株,1578百万円,-37,-1.91,1906.403円,1488回
9532,2019-08-22,1892,1900,13:19,1881,09:00,1890,911400株,1723百万円,-14,-0.74,1889.991円,1965回
9532,2019-08-23,1908,1910,09:03,1887,12:40,1899,588500株,1118百万円,+9,+0.48,1900.143円,1243回
9532,2019-08-26,1860,1871,12:30,1844,09:01,1861,868700株,1617百万円,-38,-2.00,1860.896円,2010回
9532,2019-08-26,1868,1871,10:48,1850,14:59,1851,980100株,1821百万円,-10,-0.54,1857.958円,1803回
9532,2019-08-28,1843,1869,11:08,1840,09:13,1863,895100株,1662百万円,+12,+0.65,1857.208円,1898回
9532,2019-08-29,1867,1878,15:00,1855,10:40,1878,815000株,1525百万円,+15,+0.81,1870.762円,1644回
9532,2019-08-30,1882,1903,14:57,1870,09:01,1902,1033300株,1958百万円,+24,+1.28,1894.734円,1871回
9532,2019-09-02,1903,1913,09:20,1898,12:30,1903,558700株,1064百万円,+1,+0.05,1904.033円,1332回
9532,2019-09-03,1910,1928,14:12,1904,09:47,1923,483300株,928百万円,+20,+1.05,1921.035円,915回
9532,2019-09-03,1926,1935,09:00,1913,12:39,1920,656100株,1261百万円,-3,-0.16,1922.709円,1504回
9532,2019-09-05,1921,1951,10:48,1917,09:00,1927,1017400株,1966百万円,+7,+0.36,1932.357円,2004回
9532,2019-09-05,1927,1927,09:00,1889,14:59,1893,593400株,1129百万円,-34,-1.76,1902.219円,1214回
9532,2019-09-07,1876,1889,14:28,1869,09:22,1888,803700株,1511百万円,-5,-0.26,1879.859円,1537回
9532,2019-09-10,1893,1894,13:04,1882,14:53,1885,656300株,1238百万円,-3,-0.16,1886.959円,1356回
9532,2019-09-11,1898,1938,14:21,1897,09:03,1936,958200株,1846百万円,+51,+2.71,1927.014円,1559回
9532,2019-09-12,1952,1980,12:39,1950,09:10,1972,1050400株,2068百万円,+36,+1.86,1969.029円,1771回
9532,2019-09-13,1987,2012,13:37,1961,09:25,2010,1727800株,3448百万円,+38,+1.93,1995.842円,2020回
9532,2019-09-17,2014,2040,13:50,1998,09:04,2039,1170900株,2378百万円,+29,+1.44,2031.073円,2122回
9532,2019-09-17,2056,2068,09:06,2041,12:45,2054,932500株,1915百万円,+15,+0.74,2053.224円,2169回,8558.61億円
9532,2019-09-19,2055,2105,10:02,2055,09:00,2083,1354500株,2828百万円,+29,+1.41,2087.517円,2380回,8679.44億円
9532,2019-09-20,2103,2109,09:00,2053,14:59,2069,2007400株,4166百万円,-14,-0.67,2075.308円,2193回,8621.11億円
9532,2019-09-24,2091,2112,09:43,2090,09:00,2105,1361000株,2862百万円,+36,+1.74,2102.807円,2235回,8771.11億円
9532,2019-09-25,2112,2134,13:44,2105,09:02,2124,1093700株,2320百万円,+19,+0.90,2121.145円,1969回,8850.28億円
9532,2019-09-26,2154,2163,09:03,2130,14:58,2136,1451900株,3111百万円,+12,+0.56,2142.803円,2374回,8900.28億円
9532,2019-09-27,2110,2119,09:00,2067,11:08,2090,1184800株,2472百万円,-46,-2.15,2086.691円,2432回,8708.61億円
9532,2019-09-30,2071,2083,09:14,2058,14:37,2067,1312800株,2716百万円,-23,-1.10,2068.645円,2545回,8612.78億円
9532,2019-10-01,2086,2101,09:14,2074,14:29,2075,1017200株,2120百万円,+8,+0.39,2084.438円,2117回,8646.11億円
9532,2019-10-02,2080,2136,12:30,2080,09:00,2124,1016800株,2153百万円,+49,+2.36,2117.713円,2324回,8850.28億円
9532,2019-10-03,2078,2086,09:08,2065,10:44,2083,1033600株,2148百万円,-41,-1.93,2077.938円,2488回,8679.44億円
9532,2019-10-04,2067,2081,15:00,2060,09:59,2081,634000株,1314百万円,-2,-0.10,2073.329円,1180回,8671.11億円
9532,2019-10-07,2081,2089,09:15,2066,14:42,2074,614800株,1276百万円,-7,-0.34,2074.795円,1423回,8641.94億円
9532,2019-10-08,2086,2100,09:23,2072,14:21,2078,900500株,1875百万円,+4,+0.19,2082.044円,2054回,8658.61億円
9532,2019-10-09,2056,2078,10:40,2052,09:00,2073,824100株,1705百万円,-5,-0.24,2069.301円,1753回,8637.78億円
9532,2019-10-10,2067,2077,09:00,2039,09:30,2054,779800株,1603百万円,-19,-0.92,2055.489円,1896回,8558.61億円
9532,2019-10-11,2068,2076,14:59,2052,09:09,2076,749800株,1553百万円,+22,+1.07,2070.724円,983回,8650.28億円
9532,2019-10-15,2100,2115,09:02,2089,14:23,2097,862700株,1810百万円,+21,+1.01,2098.111円,1690回,8737.78億円
9532,2019-10-16,2115,2127,09:09,2082,14:59,2087,1185800株,2487百万円,-10,-0.48,2097.624円,2357回,8696.11億円
9532,2019-10-17,2091,2092,09:00,2054,14:33,2054,801300株,1653百万円,-33,-1.58,2062.541円,1700回,8558.61億円
9532,2019-10-18,2060,2072,09:01,2047,12:30,2055,733200株,1508百万円,+1,+0.05,2056.472円,1650回,8562.77億円
9532,2019-10-21,2074,2083,09:15,2070,14:12,2073,483500株,1003百万円,+18,+0.88,2074.438円,900回,8637.78億円
9532,2019-10-23,2080,2117,14:59,2076,09:19,2116,1124300株,2360百万円,+43,+2.07,2099.507円,2130回,8816.95億円
9532,2019-10-24,2129,2136,09:00,2124,13:45,2132,1033800株,2203百万円,+16,+0.76,2131.203円,1891回,8883.62億円
9532,2019-10-25,2123,2127,09:01,2106,09:24,2115,669600株,1416百万円,-17,-0.80,2114.972円,1345回,8812.78億円
9532,2019-10-28,2113,2117,09:01,2102,10:11,2106,545100株,1149百万円,-9,-0.43,2108.306円,1224回,8775.28億円
9532,2019-10-29,2109,2125,09:52,2096,14:23,2110,1130900株,2388百万円,+4,+0.19,2111.204円,2403回,8791.95億円
9532,2019-10-30,2115,2168,09:29,2114,09:00,2161,1850800株,3978百万円,+51,+2.42,2149.396円,4400回,9004.45億円
9532,2019-10-31,2148,2154,09:01,2110,10:03,2123,973300株,2066百万円,-38,-1.76,2122.433円,1684回,8846.12億円
9532,2019-11-01,2103,2124,10:46,2098,09:01,2114,638700株,1351百万円,-9,-0.42,2114.567円,1611回,8808.62億円
9532,2019-11-05,2138,2139,09:00,2099,10:30,2121,1117300株,2365百万円,+7,+0.33,2116.755円,2188回,8837.78億円
9532,2019-11-07,2127,2135,10:31,2112,12:30,2130,936700株,1993百万円,-5,-0.23,2127.176円,1793回,8875.28億円
9532,2019-11-08,2143,2143,09:00,2116,12:36,2128,960800株,2045百万円,-2,-0.09,2128.129円,1437回,8866.95億円
9532,2019-11-11,2138,2144,09:35,2120,12:33,2125,765200株,1629百万円,-3,-0.14,2128.798円,1658回,8854.45億円
9532,2019-11-12,2113,2118,10:15,2096,13:36,2105,821300株,1730百万円,-20,-0.94,2106.058円,1344回,8771.11億円
9532,2019-11-13,2092,2098,10:00,2074,14:59,2075,935300株,1948百万円,-30,-1.43,2082.748円,1681回,8646.11億円
9532,2019-11-14,2084,2094,09:00,2041,13:08,2042,1079300株,2214百万円,-33,-1.59,2051.389円,1562回,8508.61億円
9532,2019-11-15,2052,2068,10:06,2037,09:24,2048,1251900株,2567百万円,+6,+0.29,2050.273円,2555回,8533.61億円
9532,2019-11-18,2032,2066,14:59,2032,09:00,2066,749400株,1539百万円,+18,+0.88,2053.009円,1413回,8608.61億円
9532,2019-11-19,2052,2069,11:00,2047,09:01,2054,668100株,1375百万円,-12,-0.58,2057.895円,1298回,8558.61億円
9532,2019-11-20,2054,2058,09:00,2025,12:30,2030,885300株,1801百万円,-24,-1.17,2034.138円,1468回,8458.60億円
9532,2019-11-21,2017,2052,14:59,2013,10:42,2052,998400株,2032百万円,+22,+1.08,2035.712円,1759回,8550.27億円
9532,2019-11-22,2045,2050,09:00,2012,14:59,2013,1000400株,2021百万円,-39,-1.90,2020.653円,2099回,8387.77億円
9532,2019-11-25,2020,2023,09:00,2003,10:10,2022,934400株,1884百万円,+9,+0.45,2015.797円,1667回,8425.27億円
9532,2019-11-26,2033,2052,10:47,2025,09:01,2033,1979600株,4030百万円,+11,+0.54,2035.961円,1831回,8471.10億円
9532,2019-11-27,2048,2071,13:25,2045,09:00,2055,1006400株,2071百万円,+22,+1.08,2057.574円,1739回,8562.77億円
9532,2019-11-28,2068,2068,09:00,2046,12:30,2055,914700株,1881百万円,0,0,2055.897円,1794回,8562.77億円
9532,2019-11-29,2064,2085,09:44,2052,14:28,2052,995000株,2051百万円,-3,-0.15,2061.769円,1701回,8550.27億円
9532,2019-12-02,2057,2081,14:39,2055,09:01,2077,734200株,1522百万円,+25,+1.22,2073.231円,1197回,8654.44億円
9532,2019-12-03,2059,2074,12:30,2047,09:28,2066,889600株,1837百万円,-11,-0.53,2064.77円,1717回,8608.61億円
9532,2019-12-05,2112,2114,09:00,2087,09:33,2110,830900株,1748百万円,+6,+0.29,2104.19円,1837回,8791.95億円
9532,2019-12-06,2104,2116,14:20,2103,09:00,2114,760400株,1605百万円,+4,+0.19,2111.191円,1613回,8808.62億円
9532,2019-12-09,2128,2130,13:49,2114,10:46,2125,631000株,1340百万円,+11,+0.52,2123.969円,1066回,8854.45億円
9532,2019-12-10,2123,2123,09:00,2097,14:01,2098,683500株,1437百万円,-27,-1.27,2102.442円,1112回,8741.95億円
9532,2019-12-13,2191,2226,10:05,2176,09:10,2204,2033400株,4472百万円,+57,+2.65,2199.052円,3299回,9183.63億円
9532,2019-12-16,2202,2213,09:16,2184,10:59,2191,1011600株,2219百万円,-13,-0.59,2193.242円,2015回,9129.46億円
9532,2019-12-17,2207,2227,14:39,2199,11:18,2224,986100株,2184百万円,+33,+1.51,2215.204円,1595回,9266.96億円
9532,2019-12-18,2230,2237,09:00,2217,13:45,2221,1108600株,2464百万円,-3,-0.13,2222.267円,2024回,9254.46億円
9532,2019-12-19,2223,2223,09:00,2148,10:59,2157,1422600株,3081百万円,-64,-2.88,2165.42円,2106回,8987.79億円
9532,2019-12-20,2165,2170,09:01,2126,10:17,2157,1228900株,2646百万円,0,0,2152.978円,2126回,8987.79億円
9532,2019-12-23,2159,2162,09:00,2122,14:35,2128,832100株,1778百万円,-29,-1.34,2136.482円,1217回,8866.95億円
9532,2019-12-24,2127,2133,09:00,2115,10:50,2121,441100株,935百万円,-7,-0.33,2120.453円,954回,8837.78億円
9532,2019-12-25,2123,2123,09:00,2100,15:00,2100,335100株,706百万円,-21,-0.99,2106.293円,755回,8750.28億円
9532,2019-12-26,2098,2108,14:59,2092,09:00,2108,417600株,879百万円,+8,+0.38,2104.01円,721回,8783.61億円
9532,2019-12-27,2123,2131,12:39,2113,10:07,2122,446200株,947百万円,+14,+0.66,2122.325円,783回,8841.95億円
9532,2019-12-30,2118,2118,09:00,2091,14:58,2091,700200株,1468百万円,-31,-1.46,2096.02円,1019回,8712.78億円
9532,2020-01-06,2067,2074,09:02,2039,11:23,2047,831600株,1705百万円,-44,-2.10,2050.682円,1373回,8529.44億円
9532,2020-01-07,2079,2079,09:00,2049,14:51,2051,882300株,1815百万円,+4,+0.20,2057.24円,1433回,8546.11億円
9532,2020-01-08,2012,2021,12:30,1984,10:10,2015,1141000株,2291百万円,-36,-1.76,2007.53円,2202回,8396.10億円
9532,2020-01-09,2023,2028,13:49,2011,10:00,2022,1030000株,2083百万円,+7,+0.35,2022.096円,1682回,8425.27億円
9532,2020-01-10,2021,2026,09:04,2000,11:28,2001,779400株,1564百万円,-21,-1.04,2006.602円,1305回,8337.77億円
9532,2020-01-14,2000,2004,09:00,1977,14:57,1981,1040200株,2066百万円,-20,-1.00,1986.409円,1496回,8254.43億円
9532,2020-01-15,1981,1992,09:01,1971,11:04,1981,1016900株,2013百万円,0,0,1979.558円,1348回,8254.43億円
9532,2020-01-16,1984,2010,14:47,1980,09:01,2004,1175600株,2351百万円,+23,+1.16,1999.907円,1890回,8350.27億円
9532,2020-01-17,2004,2012,09:00,1977,14:13,1977,979100株,1944百万円,-27,-1.35,1985.196円,1842回,8237.76億円
9532,2020-01-20,1977,1992,09:13,1977,09:00,1988,525300株,1044百万円,+11,+0.56,1986.763円,953回,8283.60億円
9532,2020-01-21,1996,2005,09:00,1984,10:20,1989,621300株,1237百万円,+1,+0.05,1991.197円,1041回,8287.77億円
9532,2020-01-22,1988,1993,09:01,1962,14:59,1968,936100株,1845百万円,-21,-1.06,1971.057円,1410回,8200.26億円
9532,2020-01-23,1960,1961,09:00,1933,12:31,1940,1123100株,2182百万円,-28,-1.42,1942.737円,1745回,8083.59億円
9532,2020-01-24,1943,1959,09:23,1937,14:59,1938,928800株,1807百万円,-2,-0.10,1945.957円,1587回,8075.26億円
9532,2020-01-27,1923,1936,09:24,1917,09:00,1917,1048700株,2015百万円,-21,-1.08,1921.602円,1453回,7987.76億円
9532,2020-01-28,1909,1920,09:00,1898,14:08,1901,938700株,1787百万円,-16,-0.83,1903.979円,1267回,7921.09億円
9532,2020-01-29,1906,1913,09:00,1888,11:19,1903,805400株,1530百万円,+2,+0.11,1899.384円,1293回,7929億円
9532,2020-01-30,1892,1902,09:16,1881,13:21,1885,1067100株,2015百万円,-18,-0.95,1888.547円,1608回,7854億円
9532,2020-01-31,1865,1890,10:29,1857,14:59,1857,1491000株,2785百万円,-28,-1.49,1867.915円,2588回,7738億円
9532,2020-02-03,1850,1891,13:20,1848,09:04,1873,1116700株,2087百万円,+16,+0.86,1868.71円,2156回,7804億円
9532,2020-02-04,1859,1881,10:59,1854,09:06,1867,1022600株,1909百万円,-6,-0.32,1866.789円,1720回,7779億円
9532,2020-02-05,1878,1885,09:00,1864,09:27,1870,1051400株,1967百万円,+3,+0.16,1870.926円,1560回,7792億円
9532,2020-02-06,1896,1929,13:58,1891,09:04,1914,1564700株,2993百万円,+44,+2.35,1912.727円,2097回,7975億円
9532,2020-02-07,1919,1939,14:59,1914,09:02,1935,995000株,1921百万円,+21,+1.10,1930.811円,1625回,8063億円
9532,2020-02-10,1920,1940,10:15,1915,09:20,1934,821500株,1587百万円,-1,-0.05,1931.248円,1640回,8059億円
9532,2020-02-10,1919,1923,09:00,1884,15:00,1884,1385300株,2624百万円,-50,-2.59,1894.136円,2344回,7850億円
9532,2020-02-13,1872,1887,09:09,1863,10:00,1874,1128100株,2112百万円,-10,-0.53,1872.524円,1748回,7809億円
9532,2020-02-14,1877,1905,12:31,1872,09:00,1897,1259500株,2382百万円,+23,+1.23,1891.175円,2337回,7904億円
9532,2020-02-17,1887,1891,14:42,1865,09:15,1888,673000株,1267百万円,-9,-0.47,1883.228円,1225回,7867億円
9532,2020-02-17,1888,1904,10:05,1876,13:15,1884,843300株,1591百万円,-4,-0.21,1887.095円,1705回,7850億円
9532,2020-02-18,1874,1889,12:36,1873,09:00,1883,626100株,1178百万円,-1,-0.05,1881.63円,1230回,7846億円
9532,2020-02-20,1884,1891,09:04,1874,14:35,1875,621600株,1168百万円,-8,-0.42,1879.582円,1325回,7813億円
9532,2020-02-21,1884,1904,12:36,1878,09:17,1893,964800株,1827百万円,+18,+0.96,1893.847円,1491回,7888億円
9532,2020-02-25,1849,1867,11:04,1838,09:11,1842,1443500株,2667百万円,-51,-2.69,1847.325円,2463回,7675億円
9532,2020-02-26,1828,1832,12:57,1816,10:42,1819,1582900株,2884百万円,-23,-1.25,1822.277円,2281回,7579億円
9532,2020-02-27,1819,1836,09:27,1800,15:00,1800,2087500株,3781百万円,-19,-1.04,1811.334円,2724回,7500億円
9532,2020-02-28,1764,1793,10:00,1737,14:08,1745,2520500株,4423百万円,-55,-3.06,1754.924円,4236回,7271億円
