9678,2019-10-16,2910,2923,09:12,2830,13:17,2845,456700株,1311百万円,-26,-0.91,2871.619円,1760回,1102.22億円
9678,2019-10-17,2838,2859,14:20,2811,09:03,2844,229300株,650百万円,-1,-0.04,2834.54円,919回,1101.83億円
9678,2019-10-18,2847,2895,09:10,2847,09:00,2868,316000株,905百万円,+24,+0.84,2862.527円,1071回,1111.13億円
9678,2019-10-21,2889,2948,10:50,2883,09:05,2913,317400株,925百万円,+45,+1.57,2915.082円,1128回,1128.56億円
9678,2019-10-23,2920,2920,09:00,2862,09:20,2902,214200株,620百万円,-11,-0.38,2892.392円,767回,1124.30億円
9678,2019-10-24,2912,2927,09:04,2892,09:11,2894,306900株,891百万円,-8,-0.28,2903.539円,765回,1121.20億円
9678,2019-10-25,2892,2944,14:57,2890,09:00,2941,451400株,1316百万円,+47,+1.62,2914.414円,1085回,1139.41億円
9678,2019-10-28,2938,2948,09:00,2897,10:50,2912,569100株,1664百万円,-29,-0.99,2924.153円,985回,1128.17億円
9678,2019-10-29,2916,2926,09:30,2867,12:49,2885,1319800株,3831百万円,-27,-0.93,2902.807円,1728回,1117.71億円
9678,2019-10-30,2837,2891,15:00,2822,09:02,2891,507200株,1450百万円,+6,+0.21,2858.698円,1136回,1120.04億円
9678,2019-10-31,2911,2943,09:08,2890,11:16,2916,336200株,980百万円,+25,+0.86,2913.578円,1274回,1129.72億円
9678,2019-11-01,2900,2923,12:37,2876,09:10,2895,207100株,602百万円,-21,-0.72,2905.316円,852回,1121.59億円
9678,2019-11-05,2939,2965,09:09,2908,09:45,2956,315900株,930百万円,+61,+2.11,2943.592円,1173回,1145.22億円
9678,2019-11-07,2948,2979,10:28,2936,09:17,2967,172600株,512百万円,+18,+0.61,2964.075円,714回,1149.48億円
9678,2019-11-08,2995,3030,09:03,2984,09:43,2991,302800株,908百万円,+24,+0.81,2998.158円,1047回,1158.78億円
9678,2019-11-11,3010,3050,09:04,3010,09:00,3040,185300株,562百万円,+49,+1.64,3035.273円,507回,1177.76億円
9678,2019-11-12,3055,3090,13:57,3035,09:02,3080,200000株,614百万円,+40,+1.32,3068.7円,577回,1193.26億円
9678,2019-11-13,3095,3130,14:31,3070,09:36,3120,285600株,887百万円,+40,+1.30,3104.212円,944回,1208.76億円
9678,2019-11-14,3110,3125,09:03,3055,13:15,3085,182800株,564百万円,-35,-1.12,3083.786円,581回,1195.20億円
9678,2019-11-15,3105,3140,09:08,3090,09:00,3110,97700株,304百万円,+25,+0.81,3112.226円,387回,1204.88億円
9678,2019-11-18,3125,3135,09:00,3080,12:44,3105,120900株,375百万円,-5,-0.16,3102.812円,378回,1202.95億円
9678,2019-11-19,3090,3140,14:46,3090,09:00,3140,125800株,393百万円,+35,+1.13,3120.517円,356回,1216.51億円
